5,4,3,2,1,0,21
5,4,3,2,1,0,21
5,4,3,2,1,0,21
5,4,3,2,1,0,21
5,4,3,2,1,0,21
5,4,3,2,1,0,21
5,4,3,2,1,0,21
5,4,3,2,1,0,21
5,6,7,8,10,2,1,0,21
5,6,7,8,10,2,1,0,21
5,6,7,8,10,2,1,0,21
5,6,7,8,10,2,1,0,21
5,6,7,8,10,2,1,0,21
5,6,7,8,10,2,1,0,21
5,6,7,8,10,2,1,0,21
5,6,7,8,10,2,1,0,21
5,6,7,8,10,2,1,0,21
5,6,7,8,10,2,1,0,21
5,6,7,8,10,2,1,0,21
5,6,7,8,10,2,1,0,21
5,6,7,8,10,2,1,0,21
5,6,7,8,10,2,1,0,21
5,6,7,8,10,2,1,0,21
5,6,7,8,10,2,1,0,21
5,6,7,8,10,2,1,0,21
5,6,7,8,10,2,1,0,21
5,6,7,8,10,2,1,0,21
5,6,7,8,10,2,1,0,21
5,6,7,8,10,2,1,0,21
5,6,7,8,10,2,1,0,21
5,6,7,8,10,2,1,0,21
5,6,7,8,10,2,1,0,21
5,6,7,8,10,2,1,0,21
5,6,7,8,10,2,1,0,21
5,6,7,8,10,2,1,0,21
5,6,7,8,10,2,1,0,21
5,6,7,8,10,2,1,0,21
5,6,7,8,10,2,1,0,21
5,6,7,8,10,2,1,0,21
5,6,7,8,10,2,1,0,21
5,6,7,8,9,10,2,1,0,21
5,6,7,8,9,10,2,1,0,21
5,6,7,8,9,10,2,1,0,21
5,6,7,8,9,10,2,1,0,21
5,6,7,8,9,10,2,1,0,21
5,6,7,8,9,10,2,1,0,21
5,6,7,8,9,10,2,1,0,21
5,6,7,8,9,10,2,1,0,21
5,6,7,8,9,10,2,1,0,21
5,6,7,8,9,10,2,1,0,21
5,6,7,8,9,10,2,1,0,21
5,6,7,8,9,10,2,1,0,21
5,6,7,8,9,10,2,1,0,21
5,6,7,8,9,10,2,1,0,21
5,6,7,8,9,10,2,1,0,21
5,6,7,8,9,10,2,1,0,21
5,6,7,8,9,10,2,1,0,21
5,6,7,8,9,10,2,1,0,21
5,6,7,8,9,10,2,1,0,21
5,6,7,8,9,10,2,1,0,21
5,6,7,8,9,10,2,1,0,21
5,6,7,8,9,10,2,1,0,21
5,6,7,8,9,10,2,1,0,21
5,6,7,8,9,10,2,1,0,21
5,6,7,8,9,10,2,1,0,21
5,6,7,8,9,10,2,1,0,21
5,6,7,8,9,10,2,1,0,21
5,6,7,8,9,10,2,1,0,21
5,6,7,8,9,10,2,1,0,21
5,6,7,8,9,10,2,1,0,21
5,6,7,8,9,10,2,1,0,21
5,6,7,8,9,10,2,1,0,21
5,6,7,8,9,10,2,1,0,21
5,6,7,8,9,10,2,1,0,21
5,6,7,8,9,10,2,1,0,21
5,6,7,8,9,10,2,1,0,21
5,6,7,8,9,10,2,1,0,21
5,6,7,8,9,10,2,1,0,21
5,6,7,8,9,10,2,1,0,21
5,6,7,8,9,10,2,1,0,21
5,6,7,8,9,10,2,1,0,21
5,6,7,8,9,10,2,1,0,21
5,6,7,8,9,10,2,1,0,21
5,6,7,8,9,10,2,1,0,21
5,6,7,8,9,10,2,1,0,21
5,6,7,8,9,10,2,1,0,21
5,6,7,8,9,10,2,1,0,21
5,6,7,8,9,10,2,1,0,21
5,6,7,8,9,10,2,1,0,21
5,6,7,8,9,10,2,1,0,21
5,6,7,8,9,10,2,1,0,21
5,6,7,8,9,10,2,1,0,21
5,6,7,8,9,10,2,1,0,21
5,6,7,8,9,10,2,1,0,21
5,6,7,8,9,10,2,1,0,21
5,6,7,8,9,10,2,1,0,21
5,6,7,8,9,10,2,1,0,21
5,6,7,8,9,10,2,1,0,21
5,6,7,8,9,10,2,1,0,21
5,6,7,8,9,10,2,1,0,21
5,6,7,8,9,10,2,1,0,21
5,6,7,8,9,10,2,1,0,21
5,6,7,8,9,10,2,1,0,21
5,6,7,8,9,10,2,1,0,21
5,6,7,3,2,1,0,21
5,6,7,3,2,1,0,21
5,6,7,3,2,1,0,21
5,6,7,3,2,1,0,21
5,6,7,3,2,1,0,21
5,6,7,3,2,1,0,21
5,6,7,3,2,1,0,21
5,6,7,3,2,1,0,21
5,4,3,2,1,15,17,18,19,20,21
5,4,3,2,1,15,17,18,19,20,21
5,4,3,2,1,15,17,18,19,20,21
5,4,3,2,1,15,17,18,19,20,21
5,4,3,2,1,15,17,18,19,20,21
5,4,3,2,1,15,17,18,19,20,21
5,4,3,2,1,15,17,18,19,20,21
5,4,3,2,1,15,17,18,19,20,21
5,4,3,2,1,15,17,18,19,20,21
5,4,3,2,1,15,17,18,19,20,21
5,4,3,2,1,15,17,18,19,20,21
5,4,3,2,1,15,17,18,19,20,21
5,4,3,2,1,15,17,18,19,20,21
5,4,3,2,1,15,17,18,19,20,21
5,4,3,2,1,15,17,18,19,20,21
5,4,3,2,1,15,17,18,19,20,21
5,4,3,2,1,15,17,18,19,20,21
5,4,3,2,1,15,17,18,19,20,21
5,4,3,2,1,15,17,18,19,20,21
5,4,3,2,1,15,17,18,19,20,21
5,4,3,2,1,15,17,18,19,20,21
5,4,3,2,1,15,17,18,19,20,21
5,4,3,2,1,15,17,18,19,20,21
5,4,3,2,1,15,17,18,19,20,21
5,4,3,2,1,15,17,18,19,20,21
5,4,3,2,1,15,17,18,19,20,21
5,4,3,2,1,15,17,18,19,20,21
5,4,3,2,1,15,17,18,19,20,21
5,4,3,2,1,15,17,18,19,20,21
5,4,3,2,1,15,17,18,19,20,21
5,4,3,2,1,15,17,18,19,20,21
5,4,3,2,1,15,17,18,19,20,21
5,4,3,7,8,10,2,1,0,21
5,4,3,7,8,10,2,1,0,21
5,4,3,7,8,10,2,1,0,21
5,4,3,7,8,10,2,1,0,21
5,4,3,7,8,10,2,1,0,21
5,4,3,7,8,10,2,1,0,21
5,4,3,7,8,10,2,1,0,21
5,4,3,7,8,10,2,1,0,21
5,4,3,7,8,10,2,1,0,21
5,4,3,7,8,10,2,1,0,21
5,4,3,7,8,10,2,1,0,21
5,4,3,7,8,10,2,1,0,21
5,4,3,7,8,10,2,1,0,21
5,4,3,7,8,10,2,1,0,21
5,4,3,7,8,10,2,1,0,21
5,4,3,7,8,10,2,1,0,21
5,4,3,7,8,10,2,1,0,21
5,4,3,7,8,10,2,1,0,21
5,4,3,7,8,10,2,1,0,21
5,4,3,7,8,10,2,1,0,21
5,4,3,7,8,10,2,1,0,21
5,4,3,7,8,10,2,1,0,21
5,4,3,7,8,10,2,1,0,21
5,4,3,7,8,10,2,1,0,21
5,4,3,7,8,10,2,1,0,21
5,4,3,7,8,10,2,1,0,21
5,4,3,7,8,10,2,1,0,21
5,4,3,7,8,10,2,1,0,21
5,4,3,7,8,10,2,1,0,21
5,4,3,7,8,10,2,1,0,21
5,4,3,7,8,10,2,1,0,21
5,4,3,7,8,10,2,1,0,21
5,4,3,2,1,15,17,18,0,21
5,4,3,2,1,15,17,18,0,21
5,4,3,2,1,15,17,18,0,21
5,4,3,2,1,15,17,18,0,21
5,4,3,2,1,15,17,18,0,21
5,4,3,2,1,15,17,18,0,21
5,4,3,2,1,15,17,18,0,21
5,4,3,2,1,15,17,18,0,21
5,4,3,2,1,15,17,18,0,21
5,4,3,2,1,15,17,18,0,21
5,4,3,2,1,15,17,18,0,21
5,4,3,2,1,15,17,18,0,21
5,4,3,2,1,15,17,18,0,21
5,4,3,2,1,15,17,18,0,21
5,4,3,2,1,15,17,18,0,21
5,4,3,2,1,15,17,18,0,21
5,4,3,2,1,15,17,18,0,21
5,4,3,2,1,15,17,18,0,21
5,4,3,2,1,15,17,18,0,21
5,4,3,2,1,15,17,18,0,21
5,4,3,2,1,15,17,18,0,21
5,4,3,2,1,15,17,18,0,21
5,4,3,2,1,15,17,18,0,21
5,4,3,2,1,15,17,18,0,21
5,4,3,2,1,15,17,18,0,21
5,4,3,2,1,15,17,18,0,21
5,4,3,2,1,15,17,18,0,21
5,4,3,2,1,15,17,18,0,21
5,4,3,2,1,15,17,18,0,21
5,4,3,2,1,15,17,18,0,21
5,4,3,2,1,15,17,18,0,21
5,4,3,2,1,15,17,18,0,21
5,4,3,7,8,9,10,2,1,0,21
5,4,3,7,8,9,10,2,1,0,21
5,4,3,7,8,9,10,2,1,0,21
5,4,3,7,8,9,10,2,1,0,21
5,4,3,7,8,9,10,2,1,0,21
5,4,3,7,8,9,10,2,1,0,21
5,4,3,7,8,9,10,2,1,0,21
5,4,3,7,8,9,10,2,1,0,21
5,4,3,7,8,9,10,2,1,0,21
5,4,3,7,8,9,10,2,1,0,21
5,4,3,7,8,9,10,2,1,0,21
5,4,3,7,8,9,10,2,1,0,21
5,4,3,7,8,9,10,2,1,0,21
5,4,3,7,8,9,10,2,1,0,21
5,4,3,7,8,9,10,2,1,0,21
5,4,3,7,8,9,10,2,1,0,21
5,4,3,7,8,9,10,2,1,0,21
5,4,3,7,8,9,10,2,1,0,21
5,4,3,7,8,9,10,2,1,0,21
5,4,3,7,8,9,10,2,1,0,21
5,4,3,7,8,9,10,2,1,0,21
5,4,3,7,8,9,10,2,1,0,21
5,4,3,7,8,9,10,2,1,0,21
5,4,3,7,8,9,10,2,1,0,21
5,4,3,7,8,9,10,2,1,0,21
5,4,3,7,8,9,10,2,1,0,21
5,4,3,7,8,9,10,2,1,0,21
5,4,3,7,8,9,10,2,1,0,21
5,4,3,7,8,9,10,2,1,0,21
5,4,3,7,8,9,10,2,1,0,21
5,4,3,7,8,9,10,2,1,0,21
5,4,3,7,8,9,10,2,1,0,21
5,4,3,7,8,9,10,2,1,0,21
5,4,3,7,8,9,10,2,1,0,21
5,4,3,7,8,9,10,2,1,0,21
5,4,3,7,8,9,10,2,1,0,21
5,4,3,7,8,9,10,2,1,0,21
5,4,3,7,8,9,10,2,1,0,21
5,4,3,7,8,9,10,2,1,0,21
5,4,3,7,8,9,10,2,1,0,21
5,4,3,7,8,9,10,2,1,0,21
5,4,3,7,8,9,10,2,1,0,21
5,4,3,7,8,9,10,2,1,0,21
5,4,3,7,8,9,10,2,1,0,21
5,4,3,7,8,9,10,2,1,0,21
5,4,3,7,8,9,10,2,1,0,21
5,4,3,7,8,9,10,2,1,0,21
5,4,3,7,8,9,10,2,1,0,21
5,4,3,7,8,9,10,2,1,0,21
5,4,3,7,8,9,10,2,1,0,21
5,4,3,7,8,9,10,2,1,0,21
5,4,3,7,8,9,10,2,1,0,21
5,4,3,7,8,9,10,2,1,0,21
5,4,3,7,8,9,10,2,1,0,21
5,4,3,7,8,9,10,2,1,0,21
5,4,3,7,8,9,10,2,1,0,21
5,4,3,7,8,9,10,2,1,0,21
5,4,3,7,8,9,10,2,1,0,21
5,4,3,7,8,9,10,2,1,0,21
5,4,3,7,8,9,10,2,1,0,21
5,4,3,7,8,9,10,2,1,0,21
5,4,3,7,8,9,10,2,1,0,21
5,4,3,7,8,9,10,2,1,0,21
5,4,3,7,8,9,10,2,1,0,21
5,4,3,2,1,0,18,19,20,21
5,4,3,2,1,0,18,19,20,21
5,4,3,2,1,0,18,19,20,21
5,4,3,2,1,0,18,19,20,21
5,4,3,2,1,0,18,19,20,21
5,4,3,2,1,0,18,19,20,21
5,4,3,2,1,0,18,19,20,21
5,4,3,2,1,0,18,19,20,21
5,4,3,2,1,15,16,17,18,19,20,21
5,4,3,2,1,15,16,17,18,19,20,21
5,4,3,2,1,15,16,17,18,19,20,21
5,4,3,2,1,15,16,17,18,19,20,21
5,4,3,2,1,15,16,17,18,19,20,21
5,4,3,2,1,15,16,17,18,19,20,21
5,4,3,2,1,15,16,17,18,19,20,21
5,4,3,2,1,15,16,17,18,19,20,21
5,4,3,2,1,15,16,17,18,19,20,21
5,4,3,2,1,15,16,17,18,19,20,21
5,4,3,2,1,15,16,17,18,19,20,21
5,4,3,2,1,15,16,17,18,19,20,21
5,4,3,2,1,15,16,17,18,19,20,21
5,4,3,2,1,15,16,17,18,19,20,21
5,4,3,2,1,15,16,17,18,19,20,21
5,4,3,2,1,15,16,17,18,19,20,21
5,4,3,2,1,15,16,17,18,19,20,21
5,4,3,2,1,15,16,17,18,19,20,21
5,4,3,2,1,15,16,17,18,19,20,21
5,4,3,2,1,15,16,17,18,19,20,21
5,4,3,2,1,15,16,17,18,19,20,21
5,4,3,2,1,15,16,17,18,19,20,21
5,4,3,2,1,15,16,17,18,19,20,21
5,4,3,2,1,15,16,17,18,19,20,21
5,4,3,2,1,15,16,17,18,19,20,21
5,4,3,2,1,15,16,17,18,19,20,21
5,4,3,2,1,15,16,17,18,19,20,21
5,4,3,2,1,15,16,17,18,19,20,21
5,4,3,2,1,15,16,17,18,19,20,21
5,4,3,2,1,15,16,17,18,19,20,21
5,4,3,2,1,15,16,17,18,19,20,21
5,4,3,2,1,15,16,17,18,19,20,21
5,4,3,2,1,15,16,17,18,19,20,21
5,4,3,2,1,15,16,17,18,19,20,21
5,4,3,2,1,15,16,17,18,19,20,21
5,4,3,2,1,15,16,17,18,19,20,21
5,4,3,2,1,15,16,17,18,19,20,21
5,4,3,2,1,15,16,17,18,19,20,21
5,4,3,2,1,15,16,17,18,19,20,21
5,4,3,2,1,15,16,17,18,19,20,21
5,4,3,2,1,15,16,17,18,19,20,21
5,4,3,2,1,15,16,17,18,19,20,21
5,4,3,2,1,15,16,17,18,19,20,21
5,4,3,2,1,15,16,17,18,19,20,21
5,4,3,2,1,15,16,17,18,19,20,21
5,4,3,2,1,15,16,17,18,19,20,21
5,4,3,2,1,15,16,17,18,19,20,21
5,4,3,2,1,15,16,17,18,19,20,21
5,4,3,2,1,15,16,17,18,19,20,21
5,4,3,2,1,15,16,17,18,19,20,21
5,4,3,2,1,15,16,17,18,19,20,21
5,4,3,2,1,15,16,17,18,19,20,21
5,4,3,2,1,15,16,17,18,19,20,21
5,4,3,2,1,15,16,17,18,19,20,21
5,4,3,2,1,15,16,17,18,19,20,21
5,4,3,2,1,15,16,17,18,19,20,21
5,4,3,2,1,15,16,17,18,19,20,21
5,4,3,2,1,15,16,17,18,19,20,21
5,4,3,2,1,15,16,17,18,19,20,21
5,4,3,2,1,15,16,17,18,19,20,21
5,4,3,2,1,15,16,17,18,19,20,21
5,4,3,2,1,15,16,17,18,19,20,21
5,4,3,2,1,15,16,17,18,19,20,21
5,4,3,2,1,15,16,17,18,19,20,21
5,4,3,2,1,15,16,17,18,0,21
5,4,3,2,1,15,16,17,18,0,21
5,4,3,2,1,15,16,17,18,0,21
5,4,3,2,1,15,16,17,18,0,21
5,4,3,2,1,15,16,17,18,0,21
5,4,3,2,1,15,16,17,18,0,21
5,4,3,2,1,15,16,17,18,0,21
5,4,3,2,1,15,16,17,18,0,21
5,4,3,2,1,15,16,17,18,0,21
5,4,3,2,1,15,16,17,18,0,21
5,4,3,2,1,15,16,17,18,0,21
5,4,3,2,1,15,16,17,18,0,21
5,4,3,2,1,15,16,17,18,0,21
5,4,3,2,1,15,16,17,18,0,21
5,4,3,2,1,15,16,17,18,0,21
5,4,3,2,1,15,16,17,18,0,21
5,4,3,2,1,15,16,17,18,0,21
5,4,3,2,1,15,16,17,18,0,21
5,4,3,2,1,15,16,17,18,0,21
5,4,3,2,1,15,16,17,18,0,21
5,4,3,2,1,15,16,17,18,0,21
5,4,3,2,1,15,16,17,18,0,21
5,4,3,2,1,15,16,17,18,0,21
5,4,3,2,1,15,16,17,18,0,21
5,4,3,2,1,15,16,17,18,0,21
5,4,3,2,1,15,16,17,18,0,21
5,4,3,2,1,15,16,17,18,0,21
5,4,3,2,1,15,16,17,18,0,21
5,4,3,2,1,15,16,17,18,0,21
5,4,3,2,1,15,16,17,18,0,21
5,4,3,2,1,15,16,17,18,0,21
5,4,3,2,1,15,16,17,18,0,21
5,4,3,2,1,15,16,17,18,0,21
5,4,3,2,1,15,16,17,18,0,21
5,4,3,2,1,15,16,17,18,0,21
5,4,3,2,1,15,16,17,18,0,21
5,4,3,2,1,15,16,17,18,0,21
5,4,3,2,1,15,16,17,18,0,21
5,4,3,2,1,15,16,17,18,0,21
5,4,3,2,1,15,16,17,18,0,21
5,4,3,2,1,15,16,17,18,0,21
5,4,3,2,1,15,16,17,18,0,21
5,4,3,2,1,15,16,17,18,0,21
5,4,3,2,1,15,16,17,18,0,21
5,4,3,2,1,15,16,17,18,0,21
5,4,3,2,1,15,16,17,18,0,21
5,4,3,2,1,15,16,17,18,0,21
5,4,3,2,1,15,16,17,18,0,21
5,4,3,2,1,15,16,17,18,0,21
5,4,3,2,1,15,16,17,18,0,21
5,4,3,2,1,15,16,17,18,0,21
5,4,3,2,1,15,16,17,18,0,21
5,4,3,2,1,15,16,17,18,0,21
5,4,3,2,1,15,16,17,18,0,21
5,4,3,2,1,15,16,17,18,0,21
5,4,3,2,1,15,16,17,18,0,21
5,4,3,2,1,15,16,17,18,0,21
5,4,3,2,1,15,16,17,18,0,21
5,4,3,2,1,15,16,17,18,0,21
5,4,3,2,1,15,16,17,18,0,21
5,4,3,2,1,15,16,17,18,0,21
5,4,3,2,1,15,16,17,18,0,21
5,4,3,2,1,15,16,17,18,0,21
5,4,3,2,1,15,16,17,18,0,21
5,6,7,8,10,12,88,13,15,17,18,19,20,21
5,6,7,8,10,12,88,13,15,17,18,19,20,21
5,6,7,8,10,12,88,13,15,17,18,19,20,21
5,6,7,8,10,12,88,13,15,17,18,19,20,21
5,6,7,8,10,12,88,13,15,17,18,19,20,21
5,6,7,8,10,12,88,13,15,17,18,19,20,21
5,6,7,8,10,12,88,13,15,17,18,19,20,21
5,6,7,8,10,12,88,13,15,17,18,19,20,21
5,6,7,8,10,12,88,13,15,17,18,19,20,21
5,6,7,8,10,12,88,13,15,17,18,19,20,21
5,6,7,8,10,12,88,13,15,17,18,19,20,21
5,6,7,8,10,12,88,13,15,17,18,19,20,21
5,6,7,8,10,12,88,13,15,17,18,19,20,21
5,6,7,8,10,12,88,13,15,17,18,19,20,21
5,6,7,8,10,12,88,13,15,17,18,19,20,21
5,6,7,8,10,12,88,13,15,17,18,19,20,21
5,6,7,8,10,12,88,13,15,17,18,19,20,21
5,6,7,8,10,12,88,13,15,17,18,19,20,21
5,6,7,8,10,12,88,13,15,17,18,19,20,21
5,6,7,8,10,12,88,13,15,17,18,19,20,21
5,6,7,8,10,12,88,13,15,17,18,19,20,21
5,6,7,8,10,12,88,13,15,17,18,19,20,21
5,6,7,8,10,12,88,13,15,17,18,19,20,21
5,6,7,8,10,12,88,13,15,17,18,19,20,21
5,6,7,8,10,12,88,13,15,17,18,19,20,21
5,6,7,8,10,12,88,13,15,17,18,19,20,21
5,6,7,8,10,12,88,13,15,17,18,19,20,21
5,6,7,8,10,12,88,13,15,17,18,19,20,21
5,6,7,8,10,12,88,13,15,17,18,19,20,21
5,6,7,8,10,12,88,13,15,17,18,19,20,21
5,6,7,8,10,12,88,13,15,17,18,19,20,21
5,6,7,8,10,12,88,13,15,17,18,19,20,21
5,6,7,8,10,12,88,13,15,17,18,19,20,21
5,6,7,8,10,12,88,13,15,17,18,19,20,21
5,6,7,8,10,12,88,13,15,17,18,19,20,21
5,6,7,8,10,12,88,13,15,17,18,19,20,21
5,6,7,8,10,12,88,13,15,17,18,19,20,21
5,6,7,8,10,12,88,13,15,17,18,19,20,21
5,6,7,8,10,12,88,13,15,17,18,19,20,21
5,6,7,8,10,12,88,13,15,17,18,19,20,21
5,6,7,8,10,12,88,13,15,17,18,19,20,21
5,6,7,8,10,12,88,13,15,17,18,19,20,21
5,6,7,8,10,12,88,13,15,17,18,19,20,21
5,6,7,8,10,12,88,13,15,17,18,19,20,21
5,6,7,8,10,12,88,13,15,17,18,19,20,21
5,6,7,8,10,12,88,13,15,17,18,19,20,21
5,6,7,8,10,12,88,13,15,17,18,19,20,21
5,6,7,8,10,12,88,13,15,17,18,19,20,21
5,6,7,8,10,12,88,13,15,17,18,19,20,21
5,6,7,8,10,12,88,13,15,17,18,19,20,21
5,6,7,8,10,12,88,13,15,17,18,19,20,21
5,6,7,8,10,12,88,13,15,17,18,19,20,21
5,6,7,8,10,12,88,13,15,17,18,19,20,21
5,6,7,8,10,12,88,13,15,17,18,19,20,21
5,6,7,8,10,12,88,13,15,17,18,19,20,21
5,6,7,8,10,12,88,13,15,17,18,19,20,21
5,6,7,8,10,12,88,13,15,17,18,19,20,21
5,6,7,8,10,12,88,13,15,17,18,19,20,21
5,6,7,8,10,12,88,13,15,17,18,19,20,21
5,6,7,8,10,12,88,13,15,17,18,19,20,21
5,6,7,8,10,12,88,13,15,17,18,19,20,21
5,6,7,8,10,12,88,13,15,17,18,19,20,21
5,6,7,8,10,12,88,13,15,17,18,19,20,21
5,6,7,8,10,12,88,13,15,17,18,19,20,21
5,6,7,8,10,12,88,13,15,17,18,19,20,21
5,6,7,8,10,12,88,13,15,17,18,19,20,21
5,6,7,8,10,12,88,13,15,17,18,19,20,21
5,6,7,8,10,12,88,13,15,17,18,19,20,21
5,6,7,8,10,12,88,13,15,17,18,19,20,21
5,6,7,8,10,12,88,13,15,17,18,19,20,21
5,6,7,8,10,12,88,13,15,17,18,19,20,21
5,6,7,8,10,12,88,13,15,17,18,19,20,21
5,6,7,8,10,12,88,13,15,17,18,19,20,21
5,6,7,8,10,12,88,13,15,17,18,19,20,21
5,6,7,8,10,12,88,13,15,17,18,19,20,21
5,6,7,8,10,12,88,13,15,17,18,19,20,21
5,6,7,8,10,12,88,13,15,17,18,19,20,21
5,6,7,8,10,12,88,13,15,17,18,19,20,21
5,6,7,8,10,12,88,13,15,17,18,19,20,21
5,6,7,8,10,12,88,13,15,17,18,19,20,21
5,6,7,8,10,12,88,13,15,17,18,19,20,21
5,6,7,8,10,12,88,13,15,17,18,19,20,21
5,6,7,8,10,12,88,13,15,17,18,19,20,21
5,6,7,8,10,12,88,13,15,17,18,19,20,21
5,6,7,8,10,12,88,13,15,17,18,19,20,21
5,6,7,8,10,12,88,13,15,17,18,19,20,21
5,6,7,8,10,12,88,13,15,17,18,19,20,21
5,6,7,8,10,12,88,13,15,17,18,19,20,21
5,6,7,8,10,12,88,13,15,17,18,19,20,21
5,6,7,8,10,12,88,13,15,17,18,19,20,21
5,6,7,8,10,12,88,13,15,17,18,19,20,21
5,6,7,8,10,12,88,13,15,17,18,19,20,21
5,6,7,8,10,12,88,13,15,17,18,19,20,21
5,6,7,8,10,12,88,13,15,17,18,19,20,21
5,6,7,8,10,12,88,13,15,17,18,19,20,21
5,6,7,8,10,12,88,13,15,17,18,19,20,21
5,6,7,8,10,12,88,13,15,17,18,19,20,21
5,6,7,8,10,12,88,13,15,17,18,19,20,21
5,6,7,8,10,12,88,13,15,17,18,19,20,21
5,6,7,8,10,12,88,13,15,17,18,19,20,21
5,6,7,8,10,12,88,13,15,17,18,19,20,21
5,6,7,8,10,12,88,13,15,17,18,19,20,21
5,6,7,8,10,12,88,13,15,17,18,19,20,21
5,6,7,8,10,12,88,13,15,17,18,19,20,21
5,6,7,8,10,12,88,13,15,17,18,19,20,21
5,6,7,8,10,12,88,13,15,17,18,19,20,21
5,6,7,8,10,12,88,13,15,17,18,19,20,21
5,6,7,8,10,12,88,13,15,17,18,19,20,21
5,6,7,8,10,12,88,13,15,17,18,19,20,21
5,6,7,8,10,12,88,13,15,17,18,19,20,21
5,6,7,8,10,12,88,13,15,17,18,19,20,21
5,6,7,8,10,12,88,13,15,17,18,19,20,21
5,6,7,8,10,12,88,13,15,17,18,19,20,21
5,6,7,8,10,12,88,13,15,17,18,19,20,21
5,6,7,8,10,12,88,13,15,17,18,19,20,21
5,6,7,8,10,12,88,13,15,17,18,19,20,21
5,6,7,8,10,12,88,13,15,17,18,19,20,21
5,6,7,8,10,12,88,13,15,17,18,19,20,21
5,6,7,8,10,12,88,13,15,17,18,19,20,21
5,6,7,8,10,12,88,13,15,17,18,19,20,21
5,6,7,8,10,12,88,13,15,17,18,19,20,21
5,6,7,8,10,12,88,13,15,17,18,19,20,21
5,6,7,8,10,12,88,13,15,17,18,19,20,21
5,6,7,8,10,12,88,13,15,17,18,19,20,21
5,6,7,8,10,12,88,13,15,17,18,19,20,21
5,6,7,8,10,12,88,13,15,17,18,19,20,21
5,6,7,8,10,12,88,13,15,17,18,19,20,21
5,6,7,8,10,12,88,13,15,17,18,19,20,21
5,6,7,8,10,12,88,13,15,17,18,19,20,21
5,6,7,8,10,12,88,13,15,17,18,19,20,21
5,6,7,8,10,12,88,13,15,17,18,19,20,21
5,6,7,8,10,12,88,13,15,17,18,19,20,21
5,6,7,8,10,12,88,13,15,17,18,19,20,21
5,6,7,8,10,12,88,13,15,17,18,19,20,21
5,6,7,8,10,12,88,13,15,17,18,19,20,21
5,6,7,8,10,12,88,13,15,17,18,19,20,21
5,6,7,8,10,12,88,13,15,17,18,19,20,21
5,6,7,8,10,12,88,13,15,17,18,19,20,21
5,6,7,8,10,12,88,13,15,17,18,19,20,21
5,6,7,8,10,12,88,13,15,17,18,19,20,21
5,6,7,8,10,12,88,13,15,17,18,19,20,21
5,6,7,8,10,12,88,13,15,17,18,19,20,21
5,6,7,8,10,12,88,13,15,17,18,19,20,21
5,6,7,8,10,12,88,13,15,17,18,19,20,21
5,6,7,8,10,12,88,13,15,17,18,19,20,21
5,6,7,8,10,12,88,13,15,17,18,19,20,21
5,6,7,8,10,12,88,13,15,17,18,19,20,21
5,6,7,8,10,12,88,13,15,17,18,19,20,21
5,6,7,8,10,12,88,13,15,17,18,19,20,21
5,6,7,8,10,12,88,13,15,17,18,19,20,21
5,6,7,8,10,12,88,13,15,17,18,19,20,21
5,6,7,8,10,12,88,13,15,17,18,19,20,21
5,6,7,8,10,12,88,13,15,17,18,19,20,21
5,6,7,8,10,12,88,13,15,17,18,19,20,21
5,6,7,8,10,12,88,13,15,17,18,19,20,21
5,6,7,8,10,12,88,13,15,17,18,19,20,21
5,6,7,8,10,12,88,13,15,17,18,19,20,21
5,6,7,8,10,12,88,13,15,17,18,19,20,21
5,6,7,8,10,12,88,13,15,17,18,19,20,21
5,6,7,8,10,12,88,13,15,17,18,19,20,21
5,6,7,8,10,12,88,13,15,17,18,19,20,21
5,6,7,8,10,12,88,13,15,17,18,19,20,21
5,6,7,8,10,12,88,13,15,17,18,19,20,21
5,6,7,8,10,12,88,13,15,17,18,19,20,21
5,6,7,8,10,12,88,13,15,17,18,19,20,21
5,6,7,8,10,12,88,13,15,17,18,19,20,21
5,6,7,8,10,12,88,13,15,17,18,19,20,21
5,6,7,8,10,12,88,13,15,17,18,19,20,21
5,6,7,8,10,12,88,13,15,17,18,19,20,21
5,6,7,8,10,12,88,13,15,17,18,19,20,21
5,6,7,8,10,12,88,13,15,17,18,19,20,21
5,6,7,8,10,12,88,13,15,17,18,19,20,21
5,6,7,8,10,12,88,13,15,17,18,19,20,21
5,6,7,8,10,12,88,13,15,17,18,19,20,21
5,6,7,8,10,12,88,13,15,17,18,19,20,21
5,6,7,8,10,12,88,13,15,17,18,19,20,21
5,6,7,8,10,12,88,13,15,17,18,19,20,21
5,6,7,8,10,12,88,13,15,17,18,19,20,21
5,6,7,8,10,12,88,13,15,17,18,19,20,21
5,6,7,8,10,12,88,13,15,17,18,19,20,21
5,6,7,8,10,12,88,13,15,17,18,19,20,21
5,6,7,8,10,12,88,13,15,17,18,19,20,21
5,6,7,8,10,12,88,13,15,17,18,19,20,21
5,6,7,8,10,12,88,13,15,17,18,19,20,21
5,6,7,8,10,12,88,13,15,17,18,19,20,21
5,6,7,8,10,12,88,13,15,17,18,19,20,21
5,6,7,8,10,12,88,13,15,17,18,19,20,21
5,6,7,8,10,12,88,13,15,17,18,19,20,21
5,6,7,8,10,12,88,13,15,17,18,19,20,21
5,6,7,8,10,12,88,13,15,17,18,19,20,21
5,6,7,8,10,12,88,13,15,17,18,19,20,21
5,6,7,8,10,12,88,13,15,17,18,19,20,21
5,6,7,8,10,12,88,13,15,17,18,19,20,21
5,6,7,8,10,12,88,13,15,17,18,19,20,21
5,6,7,8,10,12,88,13,15,17,18,19,20,21
5,6,7,8,10,12,88,13,15,17,18,19,20,21
5,6,7,8,10,12,88,13,15,17,18,19,20,21
5,6,7,8,10,12,88,13,15,17,18,19,20,21
5,6,7,8,10,12,88,13,15,17,18,19,20,21
5,6,7,8,10,12,88,13,15,17,18,19,20,21
5,6,7,8,10,12,88,13,15,17,18,19,20,21
5,6,7,8,10,12,88,13,15,17,18,19,20,21
5,6,7,8,10,12,88,13,15,17,18,19,20,21
5,6,7,8,10,12,88,13,15,17,18,19,20,21
5,6,7,8,10,12,88,13,15,17,18,19,20,21
5,6,7,8,10,12,88,13,15,17,18,19,20,21
5,6,7,8,10,12,88,13,15,17,18,19,20,21
5,6,7,8,10,12,88,13,15,17,18,19,20,21
5,6,7,8,10,12,88,13,15,17,18,19,20,21
5,6,7,8,10,12,88,13,15,17,18,19,20,21
5,6,7,8,10,12,88,13,15,17,18,19,20,21
5,6,7,8,10,12,88,13,15,17,18,19,20,21
5,6,7,8,10,12,88,13,15,17,18,19,20,21
5,6,7,8,10,12,88,13,15,17,18,19,20,21
5,6,7,8,10,12,88,13,15,17,18,19,20,21
5,6,7,8,10,12,88,13,15,17,18,19,20,21
5,6,7,8,10,12,88,13,15,17,18,19,20,21
5,6,7,8,10,12,88,13,15,17,18,19,20,21
5,6,7,8,10,12,88,13,15,17,18,19,20,21
5,6,7,8,10,12,88,13,15,17,18,19,20,21
5,6,7,8,10,12,88,13,15,17,18,19,20,21
5,6,7,8,10,12,88,13,15,17,18,19,20,21
5,6,7,8,10,12,88,13,15,17,18,19,20,21
5,6,7,8,10,12,88,13,15,17,18,19,20,21
5,6,7,8,10,12,88,13,15,17,18,19,20,21
5,6,7,8,10,12,88,13,15,17,18,19,20,21
5,6,7,8,10,12,88,13,15,17,18,19,20,21
5,6,7,8,10,12,88,13,15,17,18,19,20,21
5,6,7,8,10,12,88,13,15,17,18,19,20,21
5,6,7,8,10,12,88,13,15,17,18,19,20,21
5,6,7,8,10,12,88,13,15,17,18,19,20,21
5,6,7,8,10,12,88,13,15,17,18,19,20,21
5,6,7,8,10,12,88,13,15,17,18,19,20,21
5,6,7,8,10,12,88,13,15,17,18,19,20,21
5,6,7,8,10,12,88,13,15,17,18,19,20,21
5,6,7,8,10,12,88,13,15,17,18,19,20,21
5,6,7,8,10,12,88,13,15,17,18,19,20,21
5,6,7,8,10,12,88,13,15,17,18,19,20,21
5,6,7,8,10,12,88,13,15,17,18,19,20,21
5,6,7,8,10,12,88,13,15,17,18,19,20,21
5,6,7,8,10,12,88,13,15,17,18,19,20,21
5,6,7,8,10,12,88,13,15,17,18,19,20,21
5,6,7,8,10,12,88,13,15,17,18,19,20,21
5,6,7,8,10,12,88,13,15,17,18,19,20,21
5,6,7,8,10,12,88,13,15,17,18,19,20,21
5,6,7,8,10,12,88,13,15,17,18,19,20,21
5,6,7,8,10,12,88,13,15,17,18,19,20,21
5,6,7,8,10,12,88,13,15,17,18,19,20,21
5,6,7,8,10,12,88,13,15,17,18,19,20,21
5,6,7,8,10,12,88,13,15,17,18,19,20,21
5,6,7,8,10,12,88,13,15,17,18,19,20,21
5,6,7,8,10,12,88,13,15,17,18,19,20,21
5,6,7,8,10,12,88,13,15,17,18,19,20,21
5,6,7,8,10,12,88,13,15,17,18,19,20,21
5,6,7,8,10,12,88,13,15,17,18,19,20,21
5,6,7,8,10,12,88,13,15,17,18,19,20,21
5,6,7,8,10,2,1,15,17,18,19,20,21
5,6,7,8,10,2,1,15,17,18,19,20,21
5,6,7,8,10,2,1,15,17,18,19,20,21
5,6,7,8,10,2,1,15,17,18,19,20,21
5,6,7,8,10,2,1,15,17,18,19,20,21
5,6,7,8,10,2,1,15,17,18,19,20,21
5,6,7,8,10,2,1,15,17,18,19,20,21
5,6,7,8,10,2,1,15,17,18,19,20,21
5,6,7,8,10,2,1,15,17,18,19,20,21
5,6,7,8,10,2,1,15,17,18,19,20,21
5,6,7,8,10,2,1,15,17,18,19,20,21
5,6,7,8,10,2,1,15,17,18,19,20,21
5,6,7,8,10,2,1,15,17,18,19,20,21
5,6,7,8,10,2,1,15,17,18,19,20,21
5,6,7,8,10,2,1,15,17,18,19,20,21
5,6,7,8,10,2,1,15,17,18,19,20,21
5,6,7,8,10,2,1,15,17,18,19,20,21
5,6,7,8,10,2,1,15,17,18,19,20,21
5,6,7,8,10,2,1,15,17,18,19,20,21
5,6,7,8,10,2,1,15,17,18,19,20,21
5,6,7,8,10,2,1,15,17,18,19,20,21
5,6,7,8,10,2,1,15,17,18,19,20,21
5,6,7,8,10,2,1,15,17,18,19,20,21
5,6,7,8,10,2,1,15,17,18,19,20,21
5,6,7,8,10,2,1,15,17,18,19,20,21
5,6,7,8,10,2,1,15,17,18,19,20,21
5,6,7,8,10,2,1,15,17,18,19,20,21
5,6,7,8,10,2,1,15,17,18,19,20,21
5,6,7,8,10,2,1,15,17,18,19,20,21
5,6,7,8,10,2,1,15,17,18,19,20,21
5,6,7,8,10,2,1,15,17,18,19,20,21
5,6,7,8,10,2,1,15,17,18,19,20,21
5,6,7,8,10,2,1,15,17,18,19,20,21
5,6,7,8,10,2,1,15,17,18,19,20,21
5,6,7,8,10,2,1,15,17,18,19,20,21
5,6,7,8,10,2,1,15,17,18,19,20,21
5,6,7,8,10,2,1,15,17,18,19,20,21
5,6,7,8,10,2,1,15,17,18,19,20,21
5,6,7,8,10,2,1,15,17,18,19,20,21
5,6,7,8,10,2,1,15,17,18,19,20,21
5,6,7,8,10,2,1,15,17,18,19,20,21
5,6,7,8,10,2,1,15,17,18,19,20,21
5,6,7,8,10,2,1,15,17,18,19,20,21
5,6,7,8,10,2,1,15,17,18,19,20,21
5,6,7,8,10,2,1,15,17,18,19,20,21
5,6,7,8,10,2,1,15,17,18,19,20,21
5,6,7,8,10,2,1,15,17,18,19,20,21
5,6,7,8,10,2,1,15,17,18,19,20,21
5,6,7,8,10,2,1,15,17,18,19,20,21
5,6,7,8,10,2,1,15,17,18,19,20,21
5,6,7,8,10,2,1,15,17,18,19,20,21
5,6,7,8,10,2,1,15,17,18,19,20,21
5,6,7,8,10,2,1,15,17,18,19,20,21
5,6,7,8,10,2,1,15,17,18,19,20,21
5,6,7,8,10,2,1,15,17,18,19,20,21
5,6,7,8,10,2,1,15,17,18,19,20,21
5,6,7,8,10,2,1,15,17,18,19,20,21
5,6,7,8,10,2,1,15,17,18,19,20,21
5,6,7,8,10,2,1,15,17,18,19,20,21
5,6,7,8,10,2,1,15,17,18,19,20,21
5,6,7,8,10,2,1,15,17,18,19,20,21
5,6,7,8,10,2,1,15,17,18,19,20,21
5,6,7,8,10,2,1,15,17,18,19,20,21
5,6,7,8,10,2,1,15,17,18,19,20,21
5,6,7,8,10,2,1,15,17,18,19,20,21
5,6,7,8,10,2,1,15,17,18,19,20,21
5,6,7,8,10,2,1,15,17,18,19,20,21
5,6,7,8,10,2,1,15,17,18,19,20,21
5,6,7,8,10,2,1,15,17,18,19,20,21
5,6,7,8,10,2,1,15,17,18,19,20,21
5,6,7,8,10,2,1,15,17,18,19,20,21
5,6,7,8,10,2,1,15,17,18,19,20,21
5,6,7,8,10,2,1,15,17,18,19,20,21
5,6,7,8,10,2,1,15,17,18,19,20,21
5,6,7,8,10,2,1,15,17,18,19,20,21
5,6,7,8,10,2,1,15,17,18,19,20,21
5,6,7,8,10,2,1,15,17,18,19,20,21
5,6,7,8,10,2,1,15,17,18,19,20,21
5,6,7,8,10,2,1,15,17,18,19,20,21
5,6,7,8,10,2,1,15,17,18,19,20,21
5,6,7,8,10,2,1,15,17,18,19,20,21
5,6,7,8,10,2,1,15,17,18,19,20,21
5,6,7,8,10,2,1,15,17,18,19,20,21
5,6,7,8,10,2,1,15,17,18,19,20,21
5,6,7,8,10,2,1,15,17,18,19,20,21
5,6,7,8,10,2,1,15,17,18,19,20,21
5,6,7,8,10,2,1,15,17,18,19,20,21
5,6,7,8,10,2,1,15,17,18,19,20,21
5,6,7,8,10,2,1,15,17,18,19,20,21
5,6,7,8,10,2,1,15,17,18,19,20,21
5,6,7,8,10,2,1,15,17,18,19,20,21
5,6,7,8,10,2,1,15,17,18,19,20,21
5,6,7,8,10,2,1,15,17,18,19,20,21
5,6,7,8,10,2,1,15,17,18,19,20,21
5,6,7,8,10,2,1,15,17,18,19,20,21
5,6,7,8,10,2,1,15,17,18,19,20,21
5,6,7,8,10,2,1,15,17,18,19,20,21
5,6,7,8,10,2,1,15,17,18,19,20,21
5,6,7,8,10,2,1,15,17,18,19,20,21
5,6,7,8,10,2,1,15,17,18,19,20,21
5,6,7,8,10,2,1,15,17,18,19,20,21
5,6,7,8,10,2,1,15,17,18,19,20,21
5,6,7,8,10,2,1,15,17,18,19,20,21
5,6,7,8,10,2,1,15,17,18,19,20,21
5,6,7,8,10,2,1,15,17,18,19,20,21
5,6,7,8,10,2,1,15,17,18,19,20,21
5,6,7,8,10,2,1,15,17,18,19,20,21
5,6,7,8,10,2,1,15,17,18,19,20,21
5,6,7,8,10,2,1,15,17,18,19,20,21
5,6,7,8,10,2,1,15,17,18,19,20,21
5,6,7,8,10,2,1,15,17,18,19,20,21
5,6,7,8,10,2,1,15,17,18,19,20,21
5,6,7,8,10,2,1,15,17,18,19,20,21
5,6,7,8,10,2,1,15,17,18,19,20,21
5,6,7,8,10,2,1,15,17,18,19,20,21
5,6,7,8,10,2,1,15,17,18,19,20,21
5,6,7,8,10,2,1,15,17,18,19,20,21
5,6,7,8,10,2,1,15,17,18,19,20,21
5,6,7,8,10,2,1,15,17,18,19,20,21
5,6,7,8,10,2,1,15,17,18,19,20,21
5,6,7,8,10,2,1,15,17,18,19,20,21
5,6,7,8,10,2,1,15,17,18,19,20,21
5,6,7,8,10,2,1,15,17,18,19,20,21
5,6,7,8,10,2,1,15,17,18,19,20,21
5,6,7,8,10,2,1,15,17,18,19,20,21
5,6,7,8,10,2,1,15,17,18,19,20,21
5,6,7,8,10,2,1,15,17,18,19,20,21
5,6,7,8,10,2,1,15,17,18,19,20,21
5,6,7,8,10,12,88,13,15,17,18,0,21
5,6,7,8,10,12,88,13,15,17,18,0,21
5,6,7,8,10,12,88,13,15,17,18,0,21
5,6,7,8,10,12,88,13,15,17,18,0,21
5,6,7,8,10,12,88,13,15,17,18,0,21
5,6,7,8,10,12,88,13,15,17,18,0,21
5,6,7,8,10,12,88,13,15,17,18,0,21
5,6,7,8,10,12,88,13,15,17,18,0,21
5,6,7,8,10,12,88,13,15,17,18,0,21
5,6,7,8,10,12,88,13,15,17,18,0,21
5,6,7,8,10,12,88,13,15,17,18,0,21
5,6,7,8,10,12,88,13,15,17,18,0,21
5,6,7,8,10,12,88,13,15,17,18,0,21
5,6,7,8,10,12,88,13,15,17,18,0,21
5,6,7,8,10,12,88,13,15,17,18,0,21
5,6,7,8,10,12,88,13,15,17,18,0,21
5,6,7,8,10,12,88,13,15,17,18,0,21
5,6,7,8,10,12,88,13,15,17,18,0,21
5,6,7,8,10,12,88,13,15,17,18,0,21
5,6,7,8,10,12,88,13,15,17,18,0,21
5,6,7,8,10,12,88,13,15,17,18,0,21
5,6,7,8,10,12,88,13,15,17,18,0,21
5,6,7,8,10,12,88,13,15,17,18,0,21
5,6,7,8,10,12,88,13,15,17,18,0,21
5,6,7,8,10,12,88,13,15,17,18,0,21
5,6,7,8,10,12,88,13,15,17,18,0,21
5,6,7,8,10,12,88,13,15,17,18,0,21
5,6,7,8,10,12,88,13,15,17,18,0,21
5,6,7,8,10,12,88,13,15,17,18,0,21
5,6,7,8,10,12,88,13,15,17,18,0,21
5,6,7,8,10,12,88,13,15,17,18,0,21
5,6,7,8,10,12,88,13,15,17,18,0,21
5,6,7,8,10,12,88,13,15,17,18,0,21
5,6,7,8,10,12,88,13,15,17,18,0,21
5,6,7,8,10,12,88,13,15,17,18,0,21
5,6,7,8,10,12,88,13,15,17,18,0,21
5,6,7,8,10,12,88,13,15,17,18,0,21
5,6,7,8,10,12,88,13,15,17,18,0,21
5,6,7,8,10,12,88,13,15,17,18,0,21
5,6,7,8,10,12,88,13,15,17,18,0,21
5,6,7,8,10,12,88,13,15,17,18,0,21
5,6,7,8,10,12,88,13,15,17,18,0,21
5,6,7,8,10,12,88,13,15,17,18,0,21
5,6,7,8,10,12,88,13,15,17,18,0,21
5,6,7,8,10,12,88,13,15,17,18,0,21
5,6,7,8,10,12,88,13,15,17,18,0,21
5,6,7,8,10,12,88,13,15,17,18,0,21
5,6,7,8,10,12,88,13,15,17,18,0,21
5,6,7,8,10,12,88,13,15,17,18,0,21
5,6,7,8,10,12,88,13,15,17,18,0,21
5,6,7,8,10,12,88,13,15,17,18,0,21
5,6,7,8,10,12,88,13,15,17,18,0,21
5,6,7,8,10,12,88,13,15,17,18,0,21
5,6,7,8,10,12,88,13,15,17,18,0,21
5,6,7,8,10,12,88,13,15,17,18,0,21
5,6,7,8,10,12,88,13,15,17,18,0,21
5,6,7,8,10,12,88,13,15,17,18,0,21
5,6,7,8,10,12,88,13,15,17,18,0,21
5,6,7,8,10,12,88,13,15,17,18,0,21
5,6,7,8,10,12,88,13,15,17,18,0,21
5,6,7,8,10,12,88,13,15,17,18,0,21
5,6,7,8,10,12,88,13,15,17,18,0,21
5,6,7,8,10,12,88,13,15,17,18,0,21
5,6,7,8,10,12,88,13,15,17,18,0,21
5,6,7,8,10,12,88,13,15,17,18,0,21
5,6,7,8,10,12,88,13,15,17,18,0,21
5,6,7,8,10,12,88,13,15,17,18,0,21
5,6,7,8,10,12,88,13,15,17,18,0,21
5,6,7,8,10,12,88,13,15,17,18,0,21
5,6,7,8,10,12,88,13,15,17,18,0,21
5,6,7,8,10,12,88,13,15,17,18,0,21
5,6,7,8,10,12,88,13,15,17,18,0,21
5,6,7,8,10,12,88,13,15,17,18,0,21
5,6,7,8,10,12,88,13,15,17,18,0,21
5,6,7,8,10,12,88,13,15,17,18,0,21
5,6,7,8,10,12,88,13,15,17,18,0,21
5,6,7,8,10,12,88,13,15,17,18,0,21
5,6,7,8,10,12,88,13,15,17,18,0,21
5,6,7,8,10,12,88,13,15,17,18,0,21
5,6,7,8,10,12,88,13,15,17,18,0,21
5,6,7,8,10,12,88,13,15,17,18,0,21
5,6,7,8,10,12,88,13,15,17,18,0,21
5,6,7,8,10,12,88,13,15,17,18,0,21
5,6,7,8,10,12,88,13,15,17,18,0,21
5,6,7,8,10,12,88,13,15,17,18,0,21
5,6,7,8,10,12,88,13,15,17,18,0,21
5,6,7,8,10,12,88,13,15,17,18,0,21
5,6,7,8,10,12,88,13,15,17,18,0,21
5,6,7,8,10,12,88,13,15,17,18,0,21
5,6,7,8,10,12,88,13,15,17,18,0,21
5,6,7,8,10,12,88,13,15,17,18,0,21
5,6,7,8,10,12,88,13,15,17,18,0,21
5,6,7,8,10,12,88,13,15,17,18,0,21
5,6,7,8,10,12,88,13,15,17,18,0,21
5,6,7,8,10,12,88,13,15,17,18,0,21
5,6,7,8,10,12,88,13,15,17,18,0,21
5,6,7,8,10,12,88,13,15,17,18,0,21
5,6,7,8,10,12,88,13,15,17,18,0,21
5,6,7,8,10,12,88,13,15,17,18,0,21
5,6,7,8,10,12,88,13,15,17,18,0,21
5,6,7,8,10,12,88,13,15,17,18,0,21
5,6,7,8,10,12,88,13,15,17,18,0,21
5,6,7,8,10,12,88,13,15,17,18,0,21
5,6,7,8,10,12,88,13,15,17,18,0,21
5,6,7,8,10,12,88,13,15,17,18,0,21
5,6,7,8,10,12,88,13,15,17,18,0,21
5,6,7,8,10,12,88,13,15,17,18,0,21
5,6,7,8,10,12,88,13,15,17,18,0,21
5,6,7,8,10,12,88,13,15,17,18,0,21
5,6,7,8,10,12,88,13,15,17,18,0,21
5,6,7,8,10,12,88,13,15,17,18,0,21
5,6,7,8,10,12,88,13,15,17,18,0,21
5,6,7,8,10,12,88,13,15,17,18,0,21
5,6,7,8,10,12,88,13,15,17,18,0,21
5,6,7,8,10,12,88,13,15,17,18,0,21
5,6,7,8,10,12,88,13,15,17,18,0,21
5,6,7,8,10,12,88,13,15,17,18,0,21
5,6,7,8,10,12,88,13,15,17,18,0,21
5,6,7,8,10,12,88,13,15,17,18,0,21
5,6,7,8,10,12,88,13,15,17,18,0,21
5,6,7,8,10,12,88,13,15,17,18,0,21
5,6,7,8,10,12,88,13,15,17,18,0,21
5,6,7,8,10,12,88,13,15,17,18,0,21
5,6,7,8,10,12,88,13,15,17,18,0,21
5,6,7,8,10,12,88,13,15,17,18,0,21
5,6,7,8,10,12,88,13,15,17,18,0,21
5,6,7,8,10,12,88,13,15,17,18,0,21
5,6,7,8,10,12,88,13,15,17,18,0,21
5,6,7,8,10,12,88,13,15,17,18,0,21
5,6,7,8,10,12,88,13,15,17,18,0,21
5,6,7,8,10,12,88,13,15,17,18,0,21
5,6,7,8,10,12,88,13,15,17,18,0,21
5,6,7,8,10,12,88,13,15,17,18,0,21
5,6,7,8,10,12,88,13,15,17,18,0,21
5,6,7,8,10,12,88,13,15,17,18,0,21
5,6,7,8,10,12,88,13,15,17,18,0,21
5,6,7,8,10,12,88,13,15,17,18,0,21
5,6,7,8,10,12,88,13,15,17,18,0,21
5,6,7,8,10,12,88,13,15,17,18,0,21
5,6,7,8,10,12,88,13,15,17,18,0,21
5,6,7,8,10,12,88,13,15,17,18,0,21
5,6,7,8,10,12,88,13,15,17,18,0,21
5,6,7,8,10,12,88,13,15,17,18,0,21
5,6,7,8,10,12,88,13,15,17,18,0,21
5,6,7,8,10,12,88,13,15,17,18,0,21
5,6,7,8,10,12,88,13,15,17,18,0,21
5,6,7,8,10,12,88,13,15,17,18,0,21
5,6,7,8,10,12,88,13,15,17,18,0,21
5,6,7,8,10,12,88,13,15,17,18,0,21
5,6,7,8,10,12,88,13,15,17,18,0,21
5,6,7,8,10,12,88,13,15,17,18,0,21
5,6,7,8,10,12,88,13,15,17,18,0,21
5,6,7,8,10,12,88,13,15,17,18,0,21
5,6,7,8,10,12,88,13,15,17,18,0,21
5,6,7,8,10,12,88,13,15,17,18,0,21
5,6,7,8,10,12,88,13,15,17,18,0,21
5,6,7,8,10,12,88,13,15,17,18,0,21
5,6,7,8,10,12,88,13,15,17,18,0,21
5,6,7,8,10,12,88,13,15,17,18,0,21
5,6,7,8,10,12,88,13,15,17,18,0,21
5,6,7,8,10,12,88,13,15,17,18,0,21
5,6,7,8,10,12,88,13,15,17,18,0,21
5,6,7,8,10,12,88,13,15,17,18,0,21
5,6,7,8,10,12,88,13,15,17,18,0,21
5,6,7,8,10,12,88,13,15,17,18,0,21
5,6,7,8,10,12,88,13,15,17,18,0,21
5,6,7,8,10,12,88,13,15,17,18,0,21
5,6,7,8,10,12,88,13,15,17,18,0,21
5,6,7,8,10,12,88,13,15,17,18,0,21
5,6,7,8,10,12,88,13,15,17,18,0,21
5,6,7,8,10,12,88,13,15,17,18,0,21
5,6,7,8,10,12,88,13,15,17,18,0,21
5,6,7,8,10,12,88,13,15,17,18,0,21
5,6,7,8,10,12,88,13,15,17,18,0,21
5,6,7,8,10,12,88,13,15,17,18,0,21
5,6,7,8,10,12,88,13,15,17,18,0,21
5,6,7,8,10,12,88,13,15,17,18,0,21
5,6,7,8,10,12,88,13,15,17,18,0,21
5,6,7,8,10,12,88,13,15,17,18,0,21
5,6,7,8,10,12,88,13,15,17,18,0,21
5,6,7,8,10,12,88,13,15,17,18,0,21
5,6,7,8,10,12,88,13,15,17,18,0,21
5,6,7,8,10,12,88,13,15,17,18,0,21
5,6,7,8,10,12,88,13,15,17,18,0,21
5,6,7,8,10,12,88,13,15,17,18,0,21
5,6,7,8,10,12,88,13,15,17,18,0,21
5,6,7,8,10,12,88,13,15,17,18,0,21
5,6,7,8,10,12,88,13,15,17,18,0,21
5,6,7,8,10,12,88,13,15,17,18,0,21
5,6,7,8,10,12,88,13,15,17,18,0,21
5,6,7,8,10,12,88,13,15,17,18,0,21
5,6,7,8,10,12,88,13,15,17,18,0,21
5,6,7,8,10,12,88,13,15,17,18,0,21
5,6,7,8,10,12,88,13,15,17,18,0,21
5,6,7,8,10,12,88,13,15,17,18,0,21
5,6,7,8,10,12,88,13,15,17,18,0,21
5,6,7,8,10,12,88,13,15,17,18,0,21
5,6,7,8,10,12,88,13,15,17,18,0,21
5,6,7,8,10,12,88,13,15,17,18,0,21
5,6,7,8,10,12,88,13,15,17,18,0,21
5,6,7,8,10,12,88,13,15,17,18,0,21
5,6,7,8,10,12,88,13,15,17,18,0,21
5,6,7,8,10,12,88,13,15,17,18,0,21
5,6,7,8,10,12,88,13,15,17,18,0,21
5,6,7,8,10,12,88,13,15,17,18,0,21
5,6,7,8,10,12,88,13,15,17,18,0,21
5,6,7,8,10,12,88,13,15,17,18,0,21
5,6,7,8,10,12,88,13,15,17,18,0,21
5,6,7,8,10,12,88,13,15,17,18,0,21
5,6,7,8,10,12,88,13,15,17,18,0,21
5,6,7,8,10,12,88,13,15,17,18,0,21
5,6,7,8,10,12,88,13,15,17,18,0,21
5,6,7,8,10,12,88,13,15,17,18,0,21
5,6,7,8,10,12,88,13,15,17,18,0,21
5,6,7,8,10,12,88,13,15,17,18,0,21
5,6,7,8,10,12,88,13,15,17,18,0,21
5,6,7,8,10,12,88,13,15,17,18,0,21
5,6,7,8,10,12,88,13,15,17,18,0,21
5,6,7,8,10,12,88,13,15,17,18,0,21
5,6,7,8,10,12,88,13,15,17,18,0,21
5,6,7,8,10,12,88,13,15,17,18,0,21
5,6,7,8,10,12,88,13,15,17,18,0,21
5,6,7,8,10,12,88,13,15,17,18,0,21
5,6,7,8,10,12,88,13,15,17,18,0,21
5,6,7,8,10,12,88,13,15,17,18,0,21
5,6,7,8,10,12,88,13,15,17,18,0,21
5,6,7,8,10,12,88,13,15,17,18,0,21
5,6,7,8,10,12,88,13,15,17,18,0,21
5,6,7,8,10,12,88,13,15,17,18,0,21
5,6,7,8,10,12,88,13,15,17,18,0,21
5,6,7,8,10,12,88,13,15,17,18,0,21
5,6,7,8,10,12,88,13,15,17,18,0,21
5,6,7,8,10,12,88,13,15,17,18,0,21
5,6,7,8,10,12,88,13,15,17,18,0,21
5,6,7,8,10,12,88,13,15,17,18,0,21
5,6,7,8,10,12,88,13,15,17,18,0,21
5,6,7,8,10,12,88,13,15,17,18,0,21
5,6,7,8,10,12,88,13,15,17,18,0,21
5,6,7,8,10,12,88,13,15,17,18,0,21
5,6,7,8,10,12,88,13,15,17,18,0,21
5,6,7,8,10,12,88,13,15,17,18,0,21
5,6,7,8,10,12,88,13,15,17,18,0,21
5,6,7,8,10,12,88,13,15,17,18,0,21
5,6,7,8,10,12,88,13,15,17,18,0,21
5,6,7,8,10,12,88,13,15,17,18,0,21
5,6,7,8,10,12,88,13,15,17,18,0,21
5,6,7,8,10,12,88,13,15,17,18,0,21
5,6,7,8,10,12,88,13,15,17,18,0,21
5,6,7,8,10,12,88,13,15,17,18,0,21
5,6,7,8,10,12,88,13,15,17,18,0,21
5,6,7,8,10,12,88,13,15,17,18,0,21
5,6,7,8,10,12,88,13,15,17,18,0,21
5,6,7,8,10,12,88,13,15,17,18,0,21
5,6,7,8,10,12,88,13,15,17,18,0,21
5,6,7,8,10,12,88,13,15,17,18,0,21
5,6,7,8,10,12,88,13,15,17,18,0,21
5,6,7,8,10,12,88,13,15,1,0,21
5,6,7,8,10,12,88,13,15,1,0,21
5,6,7,8,10,12,88,13,15,1,0,21
5,6,7,8,10,12,88,13,15,1,0,21
5,6,7,8,10,12,88,13,15,1,0,21
5,6,7,8,10,12,88,13,15,1,0,21
5,6,7,8,10,12,88,13,15,1,0,21
5,6,7,8,10,12,88,13,15,1,0,21
5,6,7,8,10,12,88,13,15,1,0,21
5,6,7,8,10,12,88,13,15,1,0,21
5,6,7,8,10,12,88,13,15,1,0,21
5,6,7,8,10,12,88,13,15,1,0,21
5,6,7,8,10,12,88,13,15,1,0,21
5,6,7,8,10,12,88,13,15,1,0,21
5,6,7,8,10,12,88,13,15,1,0,21
5,6,7,8,10,12,88,13,15,1,0,21
5,6,7,8,10,12,88,13,15,1,0,21
5,6,7,8,10,12,88,13,15,1,0,21
5,6,7,8,10,12,88,13,15,1,0,21
5,6,7,8,10,12,88,13,15,1,0,21
5,6,7,8,10,12,88,13,15,1,0,21
5,6,7,8,10,12,88,13,15,1,0,21
5,6,7,8,10,12,88,13,15,1,0,21
5,6,7,8,10,12,88,13,15,1,0,21
5,6,7,8,10,12,88,13,15,1,0,21
5,6,7,8,10,12,88,13,15,1,0,21
5,6,7,8,10,12,88,13,15,1,0,21
5,6,7,8,10,12,88,13,15,1,0,21
5,6,7,8,10,12,88,13,15,1,0,21
5,6,7,8,10,12,88,13,15,1,0,21
5,6,7,8,10,12,88,13,15,1,0,21
5,6,7,8,10,12,88,13,15,1,0,21
5,6,7,8,10,12,88,13,15,1,0,21
5,6,7,8,10,12,88,13,15,1,0,21
5,6,7,8,10,12,88,13,15,1,0,21
5,6,7,8,10,12,88,13,15,1,0,21
5,6,7,8,10,12,88,13,15,1,0,21
5,6,7,8,10,12,88,13,15,1,0,21
5,6,7,8,10,12,88,13,15,1,0,21
5,6,7,8,10,12,88,13,15,1,0,21
5,6,7,8,10,12,88,13,15,1,0,21
5,6,7,8,10,12,88,13,15,1,0,21
5,6,7,8,10,12,88,13,15,1,0,21
5,6,7,8,10,12,88,13,15,1,0,21
5,6,7,8,10,12,88,13,15,1,0,21
5,6,7,8,10,12,88,13,15,1,0,21
5,6,7,8,10,12,88,13,15,1,0,21
5,6,7,8,10,12,88,13,15,1,0,21
5,6,7,8,10,12,88,13,15,1,0,21
5,6,7,8,10,12,88,13,15,1,0,21
5,6,7,8,10,12,88,13,15,1,0,21
5,6,7,8,10,12,88,13,15,1,0,21
5,6,7,8,10,12,88,13,15,1,0,21
5,6,7,8,10,12,88,13,15,1,0,21
5,6,7,8,10,12,88,13,15,1,0,21
5,6,7,8,10,12,88,13,15,1,0,21
5,6,7,8,10,12,88,13,15,1,0,21
5,6,7,8,10,12,88,13,15,1,0,21
5,6,7,8,10,12,88,13,15,1,0,21
5,6,7,8,10,12,88,13,15,1,0,21
5,6,7,8,10,12,88,13,15,1,0,21
5,6,7,8,10,12,88,13,15,1,0,21
5,6,7,8,10,12,88,13,15,1,0,21
5,6,7,8,10,12,88,13,15,1,0,21
5,6,7,8,10,12,88,13,15,1,0,21
5,6,7,8,10,12,88,13,15,1,0,21
5,6,7,8,10,12,88,13,15,1,0,21
5,6,7,8,10,12,88,13,15,1,0,21
5,6,7,8,10,12,88,13,15,1,0,21
5,6,7,8,10,12,88,13,15,1,0,21
5,6,7,8,10,12,88,13,15,1,0,21
5,6,7,8,10,12,88,13,15,1,0,21
5,6,7,8,10,12,88,13,15,1,0,21
5,6,7,8,10,12,88,13,15,1,0,21
5,6,7,8,10,12,88,13,15,1,0,21
5,6,7,8,10,12,88,13,15,1,0,21
5,6,7,8,10,12,88,13,15,1,0,21
5,6,7,8,10,12,88,13,15,1,0,21
5,6,7,8,10,12,88,13,15,1,0,21
5,6,7,8,10,12,88,13,15,1,0,21
5,6,7,8,10,12,88,13,15,1,0,21
5,6,7,8,10,12,88,13,15,1,0,21
5,6,7,8,10,12,88,13,15,1,0,21
5,6,7,8,10,12,88,13,15,1,0,21
5,6,7,8,10,12,88,13,15,1,0,21
5,6,7,8,10,12,88,13,15,1,0,21
5,6,7,8,10,12,88,13,15,1,0,21
5,6,7,8,10,12,88,13,15,1,0,21
5,6,7,8,10,12,88,13,15,1,0,21
5,6,7,8,10,12,88,13,15,1,0,21
5,6,7,8,10,12,88,13,15,1,0,21
5,6,7,8,10,12,88,13,15,1,0,21
5,6,7,8,10,12,88,13,15,1,0,21
5,6,7,8,10,12,88,13,15,1,0,21
5,6,7,8,10,12,88,13,15,1,0,21
5,6,7,8,10,12,88,13,15,1,0,21
5,6,7,8,10,12,88,13,15,1,0,21
5,6,7,8,10,12,88,13,15,1,0,21
5,6,7,8,10,12,88,13,15,1,0,21
5,6,7,8,10,12,88,13,15,1,0,21
5,6,7,8,10,12,88,13,15,1,0,21
5,6,7,8,10,12,88,13,15,1,0,21
5,6,7,8,10,12,88,13,15,1,0,21
5,6,7,8,10,12,88,13,15,1,0,21
5,6,7,8,10,12,88,13,15,1,0,21
5,6,7,8,10,12,88,13,15,1,0,21
5,6,7,8,10,12,88,13,15,1,0,21
5,6,7,8,10,12,88,13,15,1,0,21
5,6,7,8,10,12,88,13,15,1,0,21
5,6,7,8,10,12,88,13,15,1,0,21
5,6,7,8,10,12,88,13,15,1,0,21
5,6,7,8,10,12,88,13,15,1,0,21
5,6,7,8,10,12,88,13,15,1,0,21
5,6,7,8,10,12,88,13,15,1,0,21
5,6,7,8,10,12,88,13,15,1,0,21
5,6,7,8,10,12,88,13,15,1,0,21
5,6,7,8,10,12,88,13,15,1,0,21
5,6,7,8,10,12,88,13,15,1,0,21
5,6,7,8,10,12,88,13,15,1,0,21
5,6,7,8,10,12,88,13,15,1,0,21
5,6,7,8,10,12,88,13,15,1,0,21
5,6,7,8,10,12,88,13,15,1,0,21
5,6,7,8,10,12,88,13,15,1,0,21
5,6,7,8,10,12,88,13,15,1,0,21
5,6,7,8,10,12,88,13,15,1,0,21
5,6,7,8,10,12,88,13,15,1,0,21
5,6,7,8,10,12,88,13,15,1,0,21
5,6,7,8,10,12,88,13,15,1,0,21
5,6,7,8,10,12,88,13,15,1,0,21
5,6,7,8,10,12,88,13,15,1,0,21
5,6,7,8,10,12,88,13,15,1,0,21
5,6,7,8,10,12,88,13,15,1,0,21
5,6,7,8,10,12,88,13,15,1,0,21
5,6,7,8,10,12,88,13,15,1,0,21
5,6,7,8,10,12,88,13,15,1,0,21
5,6,7,8,10,12,88,13,15,1,0,21
5,6,7,8,10,12,88,13,15,1,0,21
5,6,7,8,10,12,88,13,15,1,0,21
5,6,7,8,10,12,88,13,15,1,0,21
5,6,7,8,10,12,88,13,15,1,0,21
5,6,7,8,10,12,88,13,15,1,0,21
5,6,7,8,10,12,88,13,15,1,0,21
5,6,7,8,10,12,88,13,15,1,0,21
5,6,7,8,10,12,88,13,15,1,0,21
5,6,7,8,10,12,88,13,15,1,0,21
5,6,7,8,10,12,88,13,15,1,0,21
5,6,7,8,10,12,88,13,15,1,0,21
5,6,7,8,10,12,88,13,15,1,0,21
5,6,7,8,10,12,88,13,15,1,0,21
5,6,7,8,10,12,88,13,15,1,0,21
5,6,7,8,10,12,88,13,15,1,0,21
5,6,7,8,10,12,88,13,15,1,0,21
5,6,7,8,10,12,88,13,15,1,0,21
5,6,7,8,10,12,88,13,15,1,0,21
5,6,7,8,10,12,88,13,15,1,0,21
5,6,7,8,10,12,88,13,15,1,0,21
5,6,7,8,10,12,88,13,15,1,0,21
5,6,7,8,10,12,88,13,15,1,0,21
5,6,7,8,10,12,88,13,15,1,0,21
5,6,7,8,10,12,88,13,15,1,0,21
5,6,7,8,10,12,88,13,15,1,0,21
5,6,7,8,10,12,88,13,15,1,0,21
5,6,7,8,10,12,88,13,15,1,0,21
5,6,7,8,10,12,88,13,15,1,0,21
5,6,7,8,10,12,88,13,15,1,0,21
5,6,7,8,10,12,88,13,15,1,0,21
5,6,7,8,10,12,88,13,15,1,0,21
5,6,7,8,10,12,88,13,15,1,0,21
5,6,7,8,10,12,88,13,15,1,0,21
5,6,7,8,10,12,88,13,15,1,0,21
5,6,7,8,10,12,88,13,15,1,0,21
5,6,7,8,10,12,88,13,15,1,0,21
5,6,7,8,10,12,88,13,15,1,0,21
5,6,7,8,10,12,88,13,15,1,0,21
5,6,7,8,10,12,88,13,15,1,0,21
5,6,7,8,10,12,88,13,15,1,0,21
5,6,7,8,10,12,88,13,15,1,0,21
5,6,7,8,10,12,88,13,15,1,0,21
5,6,7,8,10,12,88,13,15,1,0,21
5,6,7,8,10,12,88,13,15,1,0,21
5,6,7,8,10,12,88,13,15,1,0,21
5,6,7,8,10,12,88,13,15,1,0,21
5,6,7,8,10,12,88,13,15,1,0,21
5,6,7,8,10,12,88,13,15,1,0,21
5,6,7,8,10,12,88,13,15,1,0,21
5,6,7,8,10,12,88,13,15,1,0,21
5,6,7,8,10,12,88,13,15,1,0,21
5,6,7,8,10,12,88,13,15,1,0,21
5,6,7,8,10,12,88,13,15,1,0,21
5,6,7,8,10,12,88,13,15,1,0,21
5,6,7,8,10,12,88,13,15,1,0,21
5,6,7,8,10,12,88,13,15,1,0,21
5,6,7,8,10,12,88,13,15,1,0,21
5,6,7,8,10,12,88,13,15,1,0,21
5,6,7,8,10,12,88,13,15,1,0,21
5,6,7,8,10,12,88,13,15,1,0,21
5,6,7,8,10,12,88,13,15,1,0,21
5,6,7,8,10,12,88,13,15,1,0,21
5,6,7,8,10,12,88,13,15,1,0,21
5,6,7,8,10,12,88,13,15,1,0,21
5,6,7,8,10,12,88,13,15,1,0,21
5,6,7,8,10,12,88,13,15,1,0,21
5,6,7,8,10,12,88,13,15,1,0,21
5,6,7,8,10,12,88,13,15,1,0,21
5,6,7,8,10,12,88,13,15,1,0,21
5,6,7,8,10,12,88,13,15,1,0,21
5,6,7,8,10,12,88,13,15,1,0,21
5,6,7,8,10,12,88,13,15,1,0,21
5,6,7,8,10,12,88,13,15,1,0,21
5,6,7,8,10,12,88,13,15,1,0,21
5,6,7,8,10,12,88,13,15,1,0,21
5,6,7,8,10,12,88,13,15,1,0,21
5,6,7,8,10,12,88,13,15,1,0,21
5,6,7,8,10,12,88,13,15,1,0,21
5,6,7,8,10,12,88,13,15,1,0,21
5,6,7,8,10,12,88,13,15,1,0,21
5,6,7,8,10,12,88,13,15,1,0,21
5,6,7,8,10,12,88,13,15,1,0,21
5,6,7,8,10,12,88,13,15,1,0,21
5,6,7,8,10,12,88,13,15,1,0,21
5,6,7,8,10,12,88,13,15,1,0,21
5,6,7,8,10,12,88,13,15,1,0,21
5,6,7,8,10,12,88,13,15,1,0,21
5,6,7,8,10,12,88,13,15,1,0,21
5,6,7,8,10,12,88,13,15,1,0,21
5,6,7,8,10,12,88,13,15,1,0,21
5,6,7,8,10,12,88,13,15,1,0,21
5,6,7,8,10,12,88,13,15,1,0,21
5,6,7,8,10,12,88,13,15,1,0,21
5,6,7,8,10,12,88,13,15,1,0,21
5,6,7,8,10,12,88,13,15,1,0,21
5,6,7,8,10,12,88,13,15,1,0,21
5,6,7,8,10,12,88,13,15,1,0,21
5,6,7,8,10,12,88,13,15,1,0,21
5,6,7,8,10,12,88,13,15,1,0,21
5,6,7,8,10,12,88,13,15,1,0,21
5,6,7,8,10,12,88,13,15,1,0,21
5,6,7,8,10,12,88,13,15,1,0,21
5,6,7,8,10,12,88,13,15,1,0,21
5,6,7,8,10,12,88,13,15,1,0,21
5,6,7,8,10,12,88,13,15,1,0,21
5,6,7,8,10,12,88,13,15,1,0,21
5,6,7,8,10,12,88,13,15,1,0,21
5,6,7,8,10,12,88,13,15,1,0,21
5,6,7,8,10,12,88,13,15,1,0,21
5,6,7,8,10,12,88,13,15,1,0,21
5,6,7,8,10,12,88,13,15,1,0,21
5,6,7,8,10,12,88,13,15,1,0,21
5,6,7,8,10,12,88,13,15,1,0,21
5,6,7,8,10,12,88,13,15,1,0,21
5,6,7,8,10,12,88,13,15,1,0,21
5,6,7,8,10,12,88,13,15,1,0,21
5,6,7,8,10,12,88,13,15,1,0,21
5,6,7,8,10,12,88,13,15,1,0,21
5,6,7,8,10,12,88,13,15,1,0,21
5,6,7,8,10,12,88,13,15,1,0,21
5,6,7,8,10,2,1,15,17,18,0,21
5,6,7,8,10,2,1,15,17,18,0,21
5,6,7,8,10,2,1,15,17,18,0,21
5,6,7,8,10,2,1,15,17,18,0,21
5,6,7,8,10,2,1,15,17,18,0,21
5,6,7,8,10,2,1,15,17,18,0,21
5,6,7,8,10,2,1,15,17,18,0,21
5,6,7,8,10,2,1,15,17,18,0,21
5,6,7,8,10,2,1,15,17,18,0,21
5,6,7,8,10,2,1,15,17,18,0,21
5,6,7,8,10,2,1,15,17,18,0,21
5,6,7,8,10,2,1,15,17,18,0,21
5,6,7,8,10,2,1,15,17,18,0,21
5,6,7,8,10,2,1,15,17,18,0,21
5,6,7,8,10,2,1,15,17,18,0,21
5,6,7,8,10,2,1,15,17,18,0,21
5,6,7,8,10,2,1,15,17,18,0,21
5,6,7,8,10,2,1,15,17,18,0,21
5,6,7,8,10,2,1,15,17,18,0,21
5,6,7,8,10,2,1,15,17,18,0,21
5,6,7,8,10,2,1,15,17,18,0,21
5,6,7,8,10,2,1,15,17,18,0,21
5,6,7,8,10,2,1,15,17,18,0,21
5,6,7,8,10,2,1,15,17,18,0,21
5,6,7,8,10,2,1,15,17,18,0,21
5,6,7,8,10,2,1,15,17,18,0,21
5,6,7,8,10,2,1,15,17,18,0,21
5,6,7,8,10,2,1,15,17,18,0,21
5,6,7,8,10,2,1,15,17,18,0,21
5,6,7,8,10,2,1,15,17,18,0,21
5,6,7,8,10,2,1,15,17,18,0,21
5,6,7,8,10,2,1,15,17,18,0,21
5,6,7,8,10,2,1,15,17,18,0,21
5,6,7,8,10,2,1,15,17,18,0,21
5,6,7,8,10,2,1,15,17,18,0,21
5,6,7,8,10,2,1,15,17,18,0,21
5,6,7,8,10,2,1,15,17,18,0,21
5,6,7,8,10,2,1,15,17,18,0,21
5,6,7,8,10,2,1,15,17,18,0,21
5,6,7,8,10,2,1,15,17,18,0,21
5,6,7,8,10,2,1,15,17,18,0,21
5,6,7,8,10,2,1,15,17,18,0,21
5,6,7,8,10,2,1,15,17,18,0,21
5,6,7,8,10,2,1,15,17,18,0,21
5,6,7,8,10,2,1,15,17,18,0,21
5,6,7,8,10,2,1,15,17,18,0,21
5,6,7,8,10,2,1,15,17,18,0,21
5,6,7,8,10,2,1,15,17,18,0,21
5,6,7,8,10,2,1,15,17,18,0,21
5,6,7,8,10,2,1,15,17,18,0,21
5,6,7,8,10,2,1,15,17,18,0,21
5,6,7,8,10,2,1,15,17,18,0,21
5,6,7,8,10,2,1,15,17,18,0,21
5,6,7,8,10,2,1,15,17,18,0,21
5,6,7,8,10,2,1,15,17,18,0,21
5,6,7,8,10,2,1,15,17,18,0,21
5,6,7,8,10,2,1,15,17,18,0,21
5,6,7,8,10,2,1,15,17,18,0,21
5,6,7,8,10,2,1,15,17,18,0,21
5,6,7,8,10,2,1,15,17,18,0,21
5,6,7,8,10,2,1,15,17,18,0,21
5,6,7,8,10,2,1,15,17,18,0,21
5,6,7,8,10,2,1,15,17,18,0,21
5,6,7,8,10,2,1,15,17,18,0,21
5,6,7,8,10,2,1,15,17,18,0,21
5,6,7,8,10,2,1,15,17,18,0,21
5,6,7,8,10,2,1,15,17,18,0,21
5,6,7,8,10,2,1,15,17,18,0,21
5,6,7,8,10,2,1,15,17,18,0,21
5,6,7,8,10,2,1,15,17,18,0,21
5,6,7,8,10,2,1,15,17,18,0,21
5,6,7,8,10,2,1,15,17,18,0,21
5,6,7,8,10,2,1,15,17,18,0,21
5,6,7,8,10,2,1,15,17,18,0,21
5,6,7,8,10,2,1,15,17,18,0,21
5,6,7,8,10,2,1,15,17,18,0,21
5,6,7,8,10,2,1,15,17,18,0,21
5,6,7,8,10,2,1,15,17,18,0,21
5,6,7,8,10,2,1,15,17,18,0,21
5,6,7,8,10,2,1,15,17,18,0,21
5,6,7,8,10,2,1,15,17,18,0,21
5,6,7,8,10,2,1,15,17,18,0,21
5,6,7,8,10,2,1,15,17,18,0,21
5,6,7,8,10,2,1,15,17,18,0,21
5,6,7,8,10,2,1,15,17,18,0,21
5,6,7,8,10,2,1,15,17,18,0,21
5,6,7,8,10,2,1,15,17,18,0,21
5,6,7,8,10,2,1,15,17,18,0,21
5,6,7,8,10,2,1,15,17,18,0,21
5,6,7,8,10,2,1,15,17,18,0,21
5,6,7,8,10,2,1,15,17,18,0,21
5,6,7,8,10,2,1,15,17,18,0,21
5,6,7,8,10,2,1,15,17,18,0,21
5,6,7,8,10,2,1,15,17,18,0,21
5,6,7,8,10,2,1,15,17,18,0,21
5,6,7,8,10,2,1,15,17,18,0,21
5,6,7,8,10,2,1,15,17,18,0,21
5,6,7,8,10,2,1,15,17,18,0,21
5,6,7,8,10,2,1,15,17,18,0,21
5,6,7,8,10,2,1,15,17,18,0,21
5,6,7,8,10,2,1,15,17,18,0,21
5,6,7,8,10,2,1,15,17,18,0,21
5,6,7,8,10,2,1,15,17,18,0,21
5,6,7,8,10,2,1,15,17,18,0,21
5,6,7,8,10,2,1,15,17,18,0,21
5,6,7,8,10,2,1,15,17,18,0,21
5,6,7,8,10,2,1,15,17,18,0,21
5,6,7,8,10,2,1,15,17,18,0,21
5,6,7,8,10,2,1,15,17,18,0,21
5,6,7,8,10,2,1,15,17,18,0,21
5,6,7,8,10,2,1,15,17,18,0,21
5,6,7,8,10,2,1,15,17,18,0,21
5,6,7,8,10,2,1,15,17,18,0,21
5,6,7,8,10,2,1,15,17,18,0,21
5,6,7,8,10,2,1,15,17,18,0,21
5,6,7,8,10,2,1,15,17,18,0,21
5,6,7,8,10,2,1,15,17,18,0,21
5,6,7,8,10,2,1,15,17,18,0,21
5,6,7,8,10,2,1,15,17,18,0,21
5,6,7,8,10,2,1,15,17,18,0,21
5,6,7,8,10,2,1,15,17,18,0,21
5,6,7,8,10,2,1,15,17,18,0,21
5,6,7,8,10,2,1,15,17,18,0,21
5,6,7,8,10,2,1,15,17,18,0,21
5,6,7,8,10,2,1,15,17,18,0,21
5,6,7,8,10,2,1,15,17,18,0,21
5,6,7,8,10,2,1,15,17,18,0,21
5,6,7,8,10,2,1,15,17,18,0,21
5,6,7,8,9,10,12,88,13,15,17,18,19,20,21
5,6,7,8,9,10,12,88,13,15,17,18,19,20,21
5,6,7,8,9,10,12,88,13,15,17,18,19,20,21
5,6,7,8,9,10,12,88,13,15,17,18,19,20,21
5,6,7,8,9,10,12,88,13,15,17,18,19,20,21
5,6,7,8,9,10,12,88,13,15,17,18,19,20,21
5,6,7,8,9,10,12,88,13,15,17,18,19,20,21
5,6,7,8,9,10,12,88,13,15,17,18,19,20,21
5,6,7,8,9,10,12,88,13,15,17,18,19,20,21
5,6,7,8,9,10,12,88,13,15,17,18,19,20,21
5,6,7,8,9,10,12,88,13,15,17,18,19,20,21
5,6,7,8,9,10,12,88,13,15,17,18,19,20,21
5,6,7,8,9,10,12,88,13,15,17,18,19,20,21
5,6,7,8,9,10,12,88,13,15,17,18,19,20,21
5,6,7,8,9,10,12,88,13,15,17,18,19,20,21
5,6,7,8,9,10,12,88,13,15,17,18,19,20,21
5,6,7,8,9,10,12,88,13,15,17,18,19,20,21
5,6,7,8,9,10,12,88,13,15,17,18,19,20,21
5,6,7,8,9,10,12,88,13,15,17,18,19,20,21
5,6,7,8,9,10,12,88,13,15,17,18,19,20,21
5,6,7,8,9,10,12,88,13,15,17,18,19,20,21
5,6,7,8,9,10,12,88,13,15,17,18,19,20,21
5,6,7,8,9,10,12,88,13,15,17,18,19,20,21
5,6,7,8,9,10,12,88,13,15,17,18,19,20,21
5,6,7,8,9,10,12,88,13,15,17,18,19,20,21
5,6,7,8,9,10,12,88,13,15,17,18,19,20,21
5,6,7,8,9,10,12,88,13,15,17,18,19,20,21
5,6,7,8,9,10,12,88,13,15,17,18,19,20,21
5,6,7,8,9,10,12,88,13,15,17,18,19,20,21
5,6,7,8,9,10,12,88,13,15,17,18,19,20,21
5,6,7,8,9,10,12,88,13,15,17,18,19,20,21
5,6,7,8,9,10,12,88,13,15,17,18,19,20,21
5,6,7,8,9,10,12,88,13,15,17,18,19,20,21
5,6,7,8,9,10,12,88,13,15,17,18,19,20,21
5,6,7,8,9,10,12,88,13,15,17,18,19,20,21
5,6,7,8,9,10,12,88,13,15,17,18,19,20,21
5,6,7,8,9,10,12,88,13,15,17,18,19,20,21
5,6,7,8,9,10,12,88,13,15,17,18,19,20,21
5,6,7,8,9,10,12,88,13,15,17,18,19,20,21
5,6,7,8,9,10,12,88,13,15,17,18,19,20,21
5,6,7,8,9,10,12,88,13,15,17,18,19,20,21
5,6,7,8,9,10,12,88,13,15,17,18,19,20,21
5,6,7,8,9,10,12,88,13,15,17,18,19,20,21
5,6,7,8,9,10,12,88,13,15,17,18,19,20,21
5,6,7,8,9,10,12,88,13,15,17,18,19,20,21
5,6,7,8,9,10,12,88,13,15,17,18,19,20,21
5,6,7,8,9,10,12,88,13,15,17,18,19,20,21
5,6,7,8,9,10,12,88,13,15,17,18,19,20,21
5,6,7,8,9,10,12,88,13,15,17,18,19,20,21
5,6,7,8,9,10,12,88,13,15,17,18,19,20,21
5,6,7,8,9,10,12,88,13,15,17,18,19,20,21
5,6,7,8,9,10,12,88,13,15,17,18,19,20,21
5,6,7,8,9,10,12,88,13,15,17,18,19,20,21
5,6,7,8,9,10,12,88,13,15,17,18,19,20,21
5,6,7,8,9,10,12,88,13,15,17,18,19,20,21
5,6,7,8,9,10,12,88,13,15,17,18,19,20,21
5,6,7,8,9,10,12,88,13,15,17,18,19,20,21
5,6,7,8,9,10,12,88,13,15,17,18,19,20,21
5,6,7,8,9,10,12,88,13,15,17,18,19,20,21
5,6,7,8,9,10,12,88,13,15,17,18,19,20,21
5,6,7,8,9,10,12,88,13,15,17,18,19,20,21
5,6,7,8,9,10,12,88,13,15,17,18,19,20,21
5,6,7,8,9,10,12,88,13,15,17,18,19,20,21
5,6,7,8,9,10,12,88,13,15,17,18,19,20,21
5,6,7,8,9,10,12,88,13,15,17,18,19,20,21
5,6,7,8,9,10,12,88,13,15,17,18,19,20,21
5,6,7,8,9,10,12,88,13,15,17,18,19,20,21
5,6,7,8,9,10,12,88,13,15,17,18,19,20,21
5,6,7,8,9,10,12,88,13,15,17,18,19,20,21
5,6,7,8,9,10,12,88,13,15,17,18,19,20,21
5,6,7,8,9,10,12,88,13,15,17,18,19,20,21
5,6,7,8,9,10,12,88,13,15,17,18,19,20,21
5,6,7,8,9,10,12,88,13,15,17,18,19,20,21
5,6,7,8,9,10,12,88,13,15,17,18,19,20,21
5,6,7,8,9,10,12,88,13,15,17,18,19,20,21
5,6,7,8,9,10,12,88,13,15,17,18,19,20,21
5,6,7,8,9,10,12,88,13,15,17,18,19,20,21
5,6,7,8,9,10,12,88,13,15,17,18,19,20,21
5,6,7,8,9,10,12,88,13,15,17,18,19,20,21
5,6,7,8,9,10,12,88,13,15,17,18,19,20,21
5,6,7,8,9,10,12,88,13,15,17,18,19,20,21
5,6,7,8,9,10,12,88,13,15,17,18,19,20,21
5,6,7,8,9,10,12,88,13,15,17,18,19,20,21
5,6,7,8,9,10,12,88,13,15,17,18,19,20,21
5,6,7,8,9,10,12,88,13,15,17,18,19,20,21
5,6,7,8,9,10,12,88,13,15,17,18,19,20,21
5,6,7,8,9,10,12,88,13,15,17,18,19,20,21
5,6,7,8,9,10,12,88,13,15,17,18,19,20,21
5,6,7,8,9,10,12,88,13,15,17,18,19,20,21
5,6,7,8,9,10,12,88,13,15,17,18,19,20,21
5,6,7,8,9,10,12,88,13,15,17,18,19,20,21
5,6,7,8,9,10,12,88,13,15,17,18,19,20,21
5,6,7,8,9,10,12,88,13,15,17,18,19,20,21
5,6,7,8,9,10,12,88,13,15,17,18,19,20,21
5,6,7,8,9,10,12,88,13,15,17,18,19,20,21
5,6,7,8,9,10,12,88,13,15,17,18,19,20,21
5,6,7,8,9,10,12,88,13,15,17,18,19,20,21
5,6,7,8,9,10,12,88,13,15,17,18,19,20,21
5,6,7,8,9,10,12,88,13,15,17,18,19,20,21
5,6,7,8,9,10,12,88,13,15,17,18,19,20,21
5,6,7,8,9,10,12,88,13,15,17,18,19,20,21
5,6,7,8,9,10,12,88,13,15,17,18,19,20,21
5,6,7,8,9,10,12,88,13,15,17,18,19,20,21
5,6,7,8,9,10,12,88,13,15,17,18,19,20,21
5,6,7,8,9,10,12,88,13,15,17,18,19,20,21
5,6,7,8,9,10,12,88,13,15,17,18,19,20,21
5,6,7,8,9,10,12,88,13,15,17,18,19,20,21
5,6,7,8,9,10,12,88,13,15,17,18,19,20,21
5,6,7,8,9,10,12,88,13,15,17,18,19,20,21
5,6,7,8,9,10,12,88,13,15,17,18,19,20,21
5,6,7,8,9,10,12,88,13,15,17,18,19,20,21
5,6,7,8,9,10,12,88,13,15,17,18,19,20,21
5,6,7,8,9,10,12,88,13,15,17,18,19,20,21
5,6,7,8,9,10,12,88,13,15,17,18,19,20,21
5,6,7,8,9,10,12,88,13,15,17,18,19,20,21
5,6,7,8,9,10,12,88,13,15,17,18,19,20,21
5,6,7,8,9,10,12,88,13,15,17,18,19,20,21
5,6,7,8,9,10,12,88,13,15,17,18,19,20,21
5,6,7,8,9,10,12,88,13,15,17,18,19,20,21
5,6,7,8,9,10,12,88,13,15,17,18,19,20,21
5,6,7,8,9,10,12,88,13,15,17,18,19,20,21
5,6,7,8,9,10,12,88,13,15,17,18,19,20,21
5,6,7,8,9,10,12,88,13,15,17,18,19,20,21
5,6,7,8,9,10,12,88,13,15,17,18,19,20,21
5,6,7,8,9,10,12,88,13,15,17,18,19,20,21
5,6,7,8,9,10,12,88,13,15,17,18,19,20,21
5,6,7,8,9,10,12,88,13,15,17,18,19,20,21
5,6,7,8,9,10,12,88,13,15,17,18,19,20,21
5,6,7,8,9,10,12,88,13,15,17,18,19,20,21
5,6,7,8,9,10,12,88,13,15,17,18,19,20,21
5,6,7,8,9,10,12,88,13,15,17,18,19,20,21
5,6,7,8,9,10,12,88,13,15,17,18,19,20,21
5,6,7,8,9,10,12,88,13,15,17,18,19,20,21
5,6,7,8,9,10,12,88,13,15,17,18,19,20,21
5,6,7,8,9,10,12,88,13,15,17,18,19,20,21
5,6,7,8,9,10,12,88,13,15,17,18,19,20,21
5,6,7,8,9,10,12,88,13,15,17,18,19,20,21
5,6,7,8,9,10,12,88,13,15,17,18,19,20,21
5,6,7,8,9,10,12,88,13,15,17,18,19,20,21
5,6,7,8,9,10,12,88,13,15,17,18,19,20,21
5,6,7,8,9,10,12,88,13,15,17,18,19,20,21
5,6,7,8,9,10,12,88,13,15,17,18,19,20,21
5,6,7,8,9,10,12,88,13,15,17,18,19,20,21
5,6,7,8,9,10,12,88,13,15,17,18,19,20,21
5,6,7,8,9,10,12,88,13,15,17,18,19,20,21
5,6,7,8,9,10,12,88,13,15,17,18,19,20,21
5,6,7,8,9,10,12,88,13,15,17,18,19,20,21
5,6,7,8,9,10,12,88,13,15,17,18,19,20,21
5,6,7,8,9,10,12,88,13,15,17,18,19,20,21
5,6,7,8,9,10,12,88,13,15,17,18,19,20,21
5,6,7,8,9,10,12,88,13,15,17,18,19,20,21
5,6,7,8,9,10,12,88,13,15,17,18,19,20,21
5,6,7,8,9,10,12,88,13,15,17,18,19,20,21
5,6,7,8,9,10,12,88,13,15,17,18,19,20,21
5,6,7,8,9,10,12,88,13,15,17,18,19,20,21
5,6,7,8,9,10,12,88,13,15,17,18,19,20,21
5,6,7,8,9,10,12,88,13,15,17,18,19,20,21
5,6,7,8,9,10,12,88,13,15,17,18,19,20,21
5,6,7,8,9,10,12,88,13,15,17,18,19,20,21
5,6,7,8,9,10,12,88,13,15,17,18,19,20,21
5,6,7,8,9,10,12,88,13,15,17,18,19,20,21
5,6,7,8,9,10,12,88,13,15,17,18,19,20,21
5,6,7,8,9,10,12,88,13,15,17,18,19,20,21
5,6,7,8,9,10,12,88,13,15,17,18,19,20,21
5,6,7,8,9,10,12,88,13,15,17,18,19,20,21
5,6,7,8,9,10,12,88,13,15,17,18,19,20,21
5,6,7,8,9,10,12,88,13,15,17,18,19,20,21
5,6,7,8,9,10,12,88,13,15,17,18,19,20,21
5,6,7,8,9,10,12,88,13,15,17,18,19,20,21
5,6,7,8,9,10,12,88,13,15,17,18,19,20,21
5,6,7,8,9,10,12,88,13,15,17,18,19,20,21
5,6,7,8,9,10,12,88,13,15,17,18,19,20,21
5,6,7,8,9,10,12,88,13,15,17,18,19,20,21
5,6,7,8,9,10,12,88,13,15,17,18,19,20,21
5,6,7,8,9,10,12,88,13,15,17,18,19,20,21
5,6,7,8,9,10,12,88,13,15,17,18,19,20,21
5,6,7,8,9,10,12,88,13,15,17,18,19,20,21
5,6,7,8,9,10,12,88,13,15,17,18,19,20,21
5,6,7,8,9,10,12,88,13,15,17,18,19,20,21
5,6,7,8,9,10,12,88,13,15,17,18,19,20,21
5,6,7,8,9,10,12,88,13,15,17,18,19,20,21
5,6,7,8,9,10,12,88,13,15,17,18,19,20,21
5,6,7,8,9,10,12,88,13,15,17,18,19,20,21
5,6,7,8,9,10,12,88,13,15,17,18,19,20,21
5,6,7,8,9,10,12,88,13,15,17,18,19,20,21
5,6,7,8,9,10,12,88,13,15,17,18,19,20,21
5,6,7,8,9,10,12,88,13,15,17,18,19,20,21
5,6,7,8,9,10,12,88,13,15,17,18,19,20,21
5,6,7,8,9,10,12,88,13,15,17,18,19,20,21
5,6,7,8,9,10,12,88,13,15,17,18,19,20,21
5,6,7,8,9,10,12,88,13,15,17,18,19,20,21
5,6,7,8,9,10,12,88,13,15,17,18,19,20,21
5,6,7,8,9,10,12,88,13,15,17,18,19,20,21
5,6,7,8,9,10,12,88,13,15,17,18,19,20,21
5,6,7,8,9,10,12,88,13,15,17,18,19,20,21
5,6,7,8,9,10,12,88,13,15,17,18,19,20,21
5,6,7,8,9,10,12,88,13,15,17,18,19,20,21
5,6,7,8,9,10,12,88,13,15,17,18,19,20,21
5,6,7,8,9,10,12,88,13,15,17,18,19,20,21
5,6,7,8,9,10,12,88,13,15,17,18,19,20,21
5,6,7,8,9,10,12,88,13,15,17,18,19,20,21
5,6,7,8,9,10,12,88,13,15,17,18,19,20,21
5,6,7,8,9,10,12,88,13,15,17,18,19,20,21
5,6,7,8,9,10,12,88,13,15,17,18,19,20,21
5,6,7,8,9,10,12,88,13,15,17,18,19,20,21
5,6,7,8,9,10,12,88,13,15,17,18,19,20,21
5,6,7,8,9,10,12,88,13,15,17,18,19,20,21
5,6,7,8,9,10,12,88,13,15,17,18,19,20,21
5,6,7,8,9,10,12,88,13,15,17,18,19,20,21
5,6,7,8,9,10,12,88,13,15,17,18,19,20,21
5,6,7,8,9,10,12,88,13,15,17,18,19,20,21
5,6,7,8,9,10,12,88,13,15,17,18,19,20,21
5,6,7,8,9,10,12,88,13,15,17,18,19,20,21
5,6,7,8,9,10,12,88,13,15,17,18,19,20,21
5,6,7,8,9,10,12,88,13,15,17,18,19,20,21
5,6,7,8,9,10,12,88,13,15,17,18,19,20,21
5,6,7,8,9,10,12,88,13,15,17,18,19,20,21
5,6,7,8,9,10,12,88,13,15,17,18,19,20,21
5,6,7,8,9,10,12,88,13,15,17,18,19,20,21
5,6,7,8,9,10,12,88,13,15,17,18,19,20,21
5,6,7,8,9,10,12,88,13,15,17,18,19,20,21
5,6,7,8,9,10,12,88,13,15,17,18,19,20,21
5,6,7,8,9,10,12,88,13,15,17,18,19,20,21
5,6,7,8,9,10,12,88,13,15,17,18,19,20,21
5,6,7,8,9,10,12,88,13,15,17,18,19,20,21
5,6,7,8,9,10,12,88,13,15,17,18,19,20,21
5,6,7,8,9,10,12,88,13,15,17,18,19,20,21
5,6,7,8,9,10,12,88,13,15,17,18,19,20,21
5,6,7,8,9,10,12,88,13,15,17,18,19,20,21
5,6,7,8,9,10,12,88,13,15,17,18,19,20,21
5,6,7,8,9,10,12,88,13,15,17,18,19,20,21
5,6,7,8,9,10,12,88,13,15,17,18,19,20,21
5,6,7,8,9,10,12,88,13,15,17,18,19,20,21
5,6,7,8,9,10,12,88,13,15,17,18,19,20,21
5,6,7,8,9,10,12,88,13,15,17,18,19,20,21
5,6,7,8,9,10,12,88,13,15,17,18,19,20,21
5,6,7,8,9,10,12,88,13,15,17,18,19,20,21
5,6,7,8,9,10,12,88,13,15,17,18,19,20,21
5,6,7,8,9,10,12,88,13,15,17,18,19,20,21
5,6,7,8,9,10,12,88,13,15,17,18,19,20,21
5,6,7,8,9,10,12,88,13,15,17,18,19,20,21
5,6,7,8,9,10,12,88,13,15,17,18,19,20,21
5,6,7,8,9,10,12,88,13,15,17,18,19,20,21
5,6,7,8,9,10,12,88,13,15,17,18,19,20,21
5,6,7,8,9,10,12,88,13,15,17,18,19,20,21
5,6,7,8,9,10,12,88,13,15,17,18,19,20,21
5,6,7,8,9,10,12,88,13,15,17,18,19,20,21
5,6,7,8,9,10,12,88,13,15,17,18,19,20,21
5,6,7,8,9,10,12,88,13,15,17,18,19,20,21
5,6,7,8,9,10,12,88,13,15,17,18,19,20,21
5,6,7,8,9,10,12,88,13,15,17,18,19,20,21
5,6,7,8,9,10,12,88,13,15,17,18,19,20,21
5,6,7,8,9,10,12,88,13,15,17,18,19,20,21
5,6,7,8,9,10,12,88,13,15,17,18,19,20,21
5,6,7,8,9,10,12,88,13,15,17,18,19,20,21
5,6,7,8,9,10,12,88,13,15,17,18,19,20,21
5,6,7,8,9,10,12,88,13,15,17,18,19,20,21
5,6,7,8,9,10,12,88,13,15,17,18,19,20,21
5,6,7,8,9,10,12,88,13,15,17,18,19,20,21
5,6,7,8,9,10,12,88,13,15,17,18,19,20,21
5,6,7,8,9,10,12,88,13,15,17,18,19,20,21
5,6,7,8,9,10,12,88,13,15,17,18,19,20,21
5,6,7,8,9,10,12,88,13,15,17,18,19,20,21
5,6,7,8,9,10,12,88,13,15,17,18,19,20,21
5,6,7,8,9,10,12,88,13,15,17,18,19,20,21
5,6,7,8,9,10,12,88,13,15,17,18,19,20,21
5,6,7,8,9,10,12,88,13,15,17,18,19,20,21
5,6,7,8,9,10,12,88,13,15,17,18,19,20,21
5,6,7,8,9,10,12,88,13,15,17,18,19,20,21
5,6,7,8,9,10,12,88,13,15,17,18,19,20,21
5,6,7,8,9,10,12,88,13,15,17,18,19,20,21
5,6,7,8,9,10,12,88,13,15,17,18,19,20,21
5,6,7,8,9,10,12,88,13,15,17,18,19,20,21
5,6,7,8,9,10,12,88,13,15,17,18,19,20,21
5,6,7,8,9,10,12,88,13,15,17,18,19,20,21
5,6,7,8,9,10,12,88,13,15,17,18,19,20,21
5,6,7,8,9,10,12,88,13,15,17,18,19,20,21
5,6,7,8,9,10,12,88,13,15,17,18,19,20,21
5,6,7,8,9,10,12,88,13,15,17,18,19,20,21
5,6,7,8,9,10,12,88,13,15,17,18,19,20,21
5,6,7,8,9,10,12,88,13,15,17,18,19,20,21
5,6,7,8,9,10,12,88,13,15,17,18,19,20,21
5,6,7,8,9,10,12,88,13,15,17,18,19,20,21
5,6,7,8,9,10,12,88,13,15,17,18,19,20,21
5,6,7,8,9,10,12,88,13,15,17,18,19,20,21
5,6,7,8,9,10,12,88,13,15,17,18,19,20,21
5,6,7,8,9,10,12,88,13,15,17,18,19,20,21
5,6,7,8,9,10,12,88,13,15,17,18,19,20,21
5,6,7,8,9,10,12,88,13,15,17,18,19,20,21
5,6,7,8,9,10,12,88,13,15,17,18,19,20,21
5,6,7,8,9,10,12,88,13,15,17,18,19,20,21
5,6,7,8,9,10,12,88,13,15,17,18,19,20,21
5,6,7,8,9,10,12,88,13,15,17,18,19,20,21
5,6,7,8,9,10,12,88,13,15,17,18,19,20,21
5,6,7,8,9,10,12,88,13,15,17,18,19,20,21
5,6,7,8,9,10,12,88,13,15,17,18,19,20,21
5,6,7,8,9,10,12,88,13,15,17,18,19,20,21
5,6,7,8,9,10,12,88,13,15,17,18,19,20,21
5,6,7,8,9,10,12,88,13,15,17,18,19,20,21
5,6,7,8,9,10,12,88,13,15,17,18,19,20,21
5,6,7,8,9,10,12,88,13,15,17,18,19,20,21
5,6,7,8,9,10,12,88,13,15,17,18,19,20,21
5,6,7,8,9,10,12,88,13,15,17,18,19,20,21
5,6,7,8,9,10,12,88,13,15,17,18,19,20,21
5,6,7,8,9,10,12,88,13,15,17,18,19,20,21
5,6,7,8,9,10,12,88,13,15,17,18,19,20,21
5,6,7,8,9,10,12,88,13,15,17,18,19,20,21
5,6,7,8,9,10,12,88,13,15,17,18,19,20,21
5,6,7,8,9,10,12,88,13,15,17,18,19,20,21
5,6,7,8,9,10,12,88,13,15,17,18,19,20,21
5,6,7,8,9,10,12,88,13,15,17,18,19,20,21
5,6,7,8,9,10,12,88,13,15,17,18,19,20,21
5,6,7,8,9,10,12,88,13,15,17,18,19,20,21
5,6,7,8,9,10,12,88,13,15,17,18,19,20,21
5,6,7,8,9,10,12,88,13,15,17,18,19,20,21
5,6,7,8,9,10,12,88,13,15,17,18,19,20,21
5,6,7,8,9,10,12,88,13,15,17,18,19,20,21
5,6,7,8,9,10,12,88,13,15,17,18,19,20,21
5,6,7,8,9,10,12,88,13,15,17,18,19,20,21
5,6,7,8,9,10,12,88,13,15,17,18,19,20,21
5,6,7,8,9,10,12,88,13,15,17,18,19,20,21
5,6,7,8,9,10,12,88,13,15,17,18,19,20,21
5,6,7,8,9,10,12,88,13,15,17,18,19,20,21
5,6,7,8,9,10,12,88,13,15,17,18,19,20,21
5,6,7,8,9,10,12,88,13,15,17,18,19,20,21
5,6,7,8,9,10,12,88,13,15,17,18,19,20,21
5,6,7,8,9,10,12,88,13,15,17,18,19,20,21
5,6,7,8,9,10,12,88,13,15,17,18,19,20,21
5,6,7,8,9,10,12,88,13,15,17,18,19,20,21
5,6,7,8,9,10,12,88,13,15,17,18,19,20,21
5,6,7,8,9,10,12,88,13,15,17,18,19,20,21
5,6,7,8,9,10,12,88,13,15,17,18,19,20,21
5,6,7,8,9,10,12,88,13,15,17,18,19,20,21
5,6,7,8,9,10,12,88,13,15,17,18,19,20,21
5,6,7,8,9,10,12,88,13,15,17,18,19,20,21
5,6,7,8,9,10,12,88,13,15,17,18,19,20,21
5,6,7,8,9,10,12,88,13,15,17,18,19,20,21
5,6,7,8,9,10,12,88,13,15,17,18,19,20,21
5,6,7,8,9,10,12,88,13,15,17,18,19,20,21
5,6,7,8,9,10,12,88,13,15,17,18,19,20,21
5,6,7,8,9,10,12,88,13,15,17,18,19,20,21
5,6,7,8,9,10,12,88,13,15,17,18,19,20,21
5,6,7,8,9,10,12,88,13,15,17,18,19,20,21
5,6,7,8,9,10,12,88,13,15,17,18,19,20,21
5,6,7,8,9,10,12,88,13,15,17,18,19,20,21
5,6,7,8,9,10,12,88,13,15,17,18,19,20,21
5,6,7,8,9,10,12,88,13,15,17,18,19,20,21
5,6,7,8,9,10,12,88,13,15,17,18,19,20,21
5,6,7,8,9,10,12,88,13,15,17,18,19,20,21
5,6,7,8,9,10,12,88,13,15,17,18,19,20,21
5,6,7,8,9,10,12,88,13,15,17,18,19,20,21
5,6,7,8,9,10,12,88,13,15,17,18,19,20,21
5,6,7,8,9,10,12,88,13,15,17,18,19,20,21
5,6,7,8,9,10,12,88,13,15,17,18,19,20,21
5,6,7,8,9,10,12,88,13,15,17,18,19,20,21
5,6,7,8,9,10,12,88,13,15,17,18,19,20,21
5,6,7,8,9,10,12,88,13,15,17,18,19,20,21
5,6,7,8,9,10,12,88,13,15,17,18,19,20,21
5,6,7,8,9,10,12,88,13,15,17,18,19,20,21
5,6,7,8,9,10,12,88,13,15,17,18,19,20,21
5,6,7,8,9,10,12,88,13,15,17,18,19,20,21
5,6,7,8,9,10,12,88,13,15,17,18,19,20,21
5,6,7,8,9,10,12,88,13,15,17,18,19,20,21
5,6,7,8,9,10,12,88,13,15,17,18,19,20,21
5,6,7,8,9,10,12,88,13,15,17,18,19,20,21
5,6,7,8,9,10,12,88,13,15,17,18,19,20,21
5,6,7,8,9,10,12,88,13,15,17,18,19,20,21
5,6,7,8,9,10,12,88,13,15,17,18,19,20,21
5,6,7,8,9,10,12,88,13,15,17,18,19,20,21
5,6,7,8,9,10,12,88,13,15,17,18,19,20,21
5,6,7,8,9,10,12,88,13,15,17,18,19,20,21
5,6,7,8,9,10,12,88,13,15,17,18,19,20,21
5,6,7,8,9,10,12,88,13,15,17,18,19,20,21
5,6,7,8,9,10,12,88,13,15,17,18,19,20,21
5,6,7,8,9,10,12,88,13,15,17,18,19,20,21
5,6,7,8,9,10,12,88,13,15,17,18,19,20,21
5,6,7,8,9,10,12,88,13,15,17,18,19,20,21
5,6,7,8,9,10,12,88,13,15,17,18,19,20,21
5,6,7,8,9,10,12,88,13,15,17,18,19,20,21
5,6,7,8,9,10,12,88,13,15,17,18,19,20,21
5,6,7,8,9,10,12,88,13,15,17,18,19,20,21
5,6,7,8,9,10,12,88,13,15,17,18,19,20,21
5,6,7,8,9,10,12,88,13,15,17,18,19,20,21
5,6,7,8,9,10,12,88,13,15,17,18,19,20,21
5,6,7,8,9,10,12,88,13,15,17,18,19,20,21
5,6,7,8,9,10,12,88,13,15,17,18,19,20,21
5,6,7,8,9,10,12,88,13,15,17,18,19,20,21
5,6,7,8,9,10,12,88,13,15,17,18,19,20,21
5,6,7,8,9,10,12,88,13,15,17,18,19,20,21
5,6,7,8,9,10,12,88,13,15,17,18,19,20,21
5,6,7,8,9,10,12,88,13,15,17,18,19,20,21
5,6,7,8,9,10,12,88,13,15,17,18,19,20,21
5,6,7,8,9,10,12,88,13,15,17,18,19,20,21
5,6,7,8,9,10,12,88,13,15,17,18,19,20,21
5,6,7,8,9,10,12,88,13,15,17,18,19,20,21
5,6,7,8,9,10,12,88,13,15,17,18,19,20,21
5,6,7,8,9,10,12,88,13,15,17,18,19,20,21
5,6,7,8,9,10,12,88,13,15,17,18,19,20,21
5,6,7,8,9,10,12,88,13,15,17,18,19,20,21
5,6,7,8,9,10,12,88,13,15,17,18,19,20,21
5,6,7,8,9,10,12,88,13,15,17,18,19,20,21
5,6,7,8,9,10,12,88,13,15,17,18,19,20,21
5,6,7,8,9,10,12,88,13,15,17,18,19,20,21
5,6,7,8,9,10,12,88,13,15,17,18,19,20,21
5,6,7,8,9,10,12,88,13,15,17,18,19,20,21
5,6,7,8,9,10,12,88,13,15,17,18,19,20,21
5,6,7,8,9,10,12,88,13,15,17,18,19,20,21
5,6,7,8,9,10,12,88,13,15,17,18,19,20,21
5,6,7,8,9,10,12,88,13,15,17,18,19,20,21
5,6,7,8,9,10,12,88,13,15,17,18,19,20,21
5,6,7,8,9,10,12,88,13,15,17,18,19,20,21
5,6,7,8,9,10,12,88,13,15,17,18,19,20,21
5,6,7,8,9,10,12,88,13,15,17,18,19,20,21
5,6,7,8,9,10,12,88,13,15,17,18,19,20,21
5,6,7,8,9,10,12,88,13,15,17,18,19,20,21
5,6,7,8,9,10,12,88,13,15,17,18,19,20,21
5,6,7,8,9,10,12,88,13,15,17,18,19,20,21
5,6,7,8,9,10,12,88,13,15,17,18,19,20,21
5,6,7,8,9,10,12,88,13,15,17,18,19,20,21
5,6,7,8,9,10,12,88,13,15,17,18,19,20,21
5,6,7,8,9,10,12,88,13,15,17,18,19,20,21
5,6,7,8,9,10,12,88,13,15,17,18,19,20,21
5,6,7,8,9,10,12,88,13,15,17,18,19,20,21
5,6,7,8,9,10,12,88,13,15,17,18,19,20,21
5,6,7,8,9,10,12,88,13,15,17,18,19,20,21
5,6,7,8,9,10,12,88,13,15,17,18,19,20,21
5,6,7,8,9,10,12,88,13,15,17,18,19,20,21
5,6,7,8,9,10,12,88,13,15,17,18,19,20,21
5,6,7,8,9,10,12,88,13,15,17,18,19,20,21
5,6,7,8,9,10,12,88,13,15,17,18,19,20,21
5,6,7,8,9,10,12,88,13,15,17,18,19,20,21
5,6,7,8,9,10,12,88,13,15,17,18,19,20,21
5,6,7,8,9,10,12,88,13,15,17,18,19,20,21
5,6,7,8,9,10,12,88,13,15,17,18,19,20,21
5,6,7,8,9,10,12,88,13,15,17,18,19,20,21
5,6,7,8,9,10,12,88,13,15,17,18,19,20,21
5,6,7,8,9,10,12,88,13,15,17,18,19,20,21
5,6,7,8,9,10,12,88,13,15,17,18,19,20,21
5,6,7,8,9,10,12,88,13,15,17,18,19,20,21
5,6,7,8,9,10,12,88,13,15,17,18,19,20,21
5,6,7,8,9,10,12,88,13,15,17,18,19,20,21
5,6,7,8,9,10,12,88,13,15,17,18,19,20,21
5,6,7,8,9,10,12,88,13,15,17,18,19,20,21
5,6,7,8,9,10,12,88,13,15,17,18,19,20,21
5,6,7,8,9,10,12,88,13,15,17,18,19,20,21
5,6,7,8,9,10,12,88,13,15,17,18,19,20,21
5,6,7,8,9,10,12,88,13,15,17,18,19,20,21
5,6,7,8,9,10,12,88,13,15,17,18,19,20,21
5,6,7,8,9,10,12,88,13,15,17,18,19,20,21
5,6,7,8,9,10,12,88,13,15,17,18,19,20,21
5,6,7,8,9,10,12,88,13,15,17,18,19,20,21
5,6,7,8,9,10,12,88,13,15,17,18,19,20,21
5,6,7,8,9,10,12,88,13,15,17,18,19,20,21
5,6,7,8,9,10,12,88,13,15,17,18,19,20,21
5,6,7,8,9,10,12,88,13,15,17,18,19,20,21
5,6,7,8,9,10,12,88,13,15,17,18,19,20,21
5,6,7,8,9,10,12,88,13,15,17,18,19,20,21
5,6,7,8,9,10,12,88,13,15,17,18,19,20,21
5,6,7,8,9,10,12,88,13,15,17,18,19,20,21
5,6,7,8,9,10,12,88,13,15,17,18,19,20,21
5,6,7,8,9,10,12,88,13,15,17,18,19,20,21
5,6,7,8,9,10,12,88,13,15,17,18,19,20,21
5,6,7,8,9,10,12,88,13,15,17,18,19,20,21
5,6,7,8,9,10,12,88,13,15,17,18,19,20,21
5,6,7,8,9,10,12,88,13,15,17,18,19,20,21
5,6,7,8,9,10,12,88,13,15,17,18,19,20,21
5,6,7,8,9,10,12,88,13,15,17,18,19,20,21
5,6,7,8,9,10,12,88,13,15,17,18,19,20,21
5,6,7,8,9,10,12,88,13,15,17,18,19,20,21
5,6,7,8,9,10,12,88,13,15,17,18,19,20,21
5,6,7,8,9,10,12,88,13,15,17,18,19,20,21
5,6,7,8,9,10,12,88,13,15,17,18,19,20,21
5,6,7,8,9,10,12,88,13,15,17,18,19,20,21
5,6,7,8,9,10,12,88,13,15,17,18,19,20,21
5,6,7,8,9,10,12,88,13,15,17,18,19,20,21
5,6,7,8,9,10,12,88,13,15,17,18,19,20,21
5,6,7,8,9,10,12,88,13,15,17,18,19,20,21
5,6,7,8,9,10,12,88,13,15,17,18,19,20,21
5,6,7,8,9,10,12,88,13,15,17,18,19,20,21
5,6,7,8,9,10,12,88,13,15,17,18,19,20,21
5,6,7,8,9,10,12,88,13,15,17,18,19,20,21
5,6,7,8,9,10,12,88,13,15,17,18,19,20,21
5,6,7,8,9,10,12,88,13,15,17,18,19,20,21
5,6,7,8,9,10,12,88,13,15,17,18,19,20,21
5,6,7,8,9,10,12,88,13,15,17,18,19,20,21
5,6,7,8,9,10,12,88,13,15,17,18,19,20,21
5,6,7,8,9,10,12,88,13,15,17,18,19,20,21
5,6,7,8,9,10,12,88,13,15,17,18,19,20,21
5,6,7,8,9,10,12,88,13,15,17,18,19,20,21
5,6,7,8,9,10,12,88,13,15,17,18,19,20,21
5,6,7,8,9,10,12,88,13,15,17,18,19,20,21
5,6,7,8,9,10,12,88,13,15,17,18,19,20,21
5,6,7,8,9,10,12,88,13,15,17,18,19,20,21
5,6,7,8,9,10,12,88,13,15,17,18,19,20,21
5,6,7,8,9,10,12,88,13,15,17,18,19,20,21
5,6,7,8,9,10,12,88,13,15,17,18,19,20,21
5,6,7,8,9,10,12,88,13,15,17,18,19,20,21
5,6,7,8,9,10,12,88,13,15,17,18,19,20,21
5,6,7,8,9,10,12,88,13,15,17,18,19,20,21
5,6,7,8,9,10,12,88,13,15,17,18,19,20,21
5,6,7,8,9,10,12,88,13,15,17,18,19,20,21
5,6,7,8,9,10,12,88,13,15,17,18,19,20,21
5,6,7,8,9,10,12,88,13,15,17,18,19,20,21
5,6,7,8,9,10,12,88,13,15,17,18,19,20,21
5,6,7,8,9,10,12,88,13,15,17,18,19,20,21
5,6,7,8,9,10,12,88,13,15,17,18,19,20,21
5,6,7,8,9,10,12,88,13,15,17,18,19,20,21
5,6,7,8,9,10,12,88,13,15,17,18,19,20,21
5,6,7,8,9,10,12,88,13,15,17,18,19,20,21
5,6,7,8,9,10,12,88,13,15,17,18,19,20,21
5,6,7,8,9,10,12,88,13,15,17,18,19,20,21
5,6,7,8,9,10,12,88,13,15,17,18,19,20,21
5,6,7,8,9,10,2,1,15,17,18,19,20,21
5,6,7,8,9,10,2,1,15,17,18,19,20,21
5,6,7,8,9,10,2,1,15,17,18,19,20,21
5,6,7,8,9,10,2,1,15,17,18,19,20,21
5,6,7,8,9,10,2,1,15,17,18,19,20,21
5,6,7,8,9,10,2,1,15,17,18,19,20,21
5,6,7,8,9,10,2,1,15,17,18,19,20,21
5,6,7,8,9,10,2,1,15,17,18,19,20,21
5,6,7,8,9,10,2,1,15,17,18,19,20,21
5,6,7,8,9,10,2,1,15,17,18,19,20,21
5,6,7,8,9,10,2,1,15,17,18,19,20,21
5,6,7,8,9,10,2,1,15,17,18,19,20,21
5,6,7,8,9,10,2,1,15,17,18,19,20,21
5,6,7,8,9,10,2,1,15,17,18,19,20,21
5,6,7,8,9,10,2,1,15,17,18,19,20,21
5,6,7,8,9,10,2,1,15,17,18,19,20,21
5,6,7,8,9,10,2,1,15,17,18,19,20,21
5,6,7,8,9,10,2,1,15,17,18,19,20,21
5,6,7,8,9,10,2,1,15,17,18,19,20,21
5,6,7,8,9,10,2,1,15,17,18,19,20,21
5,6,7,8,9,10,2,1,15,17,18,19,20,21
5,6,7,8,9,10,2,1,15,17,18,19,20,21
5,6,7,8,9,10,2,1,15,17,18,19,20,21
5,6,7,8,9,10,2,1,15,17,18,19,20,21
5,6,7,8,9,10,2,1,15,17,18,19,20,21
5,6,7,8,9,10,2,1,15,17,18,19,20,21
5,6,7,8,9,10,2,1,15,17,18,19,20,21
5,6,7,8,9,10,2,1,15,17,18,19,20,21
5,6,7,8,9,10,2,1,15,17,18,19,20,21
5,6,7,8,9,10,2,1,15,17,18,19,20,21
5,6,7,8,9,10,2,1,15,17,18,19,20,21
5,6,7,8,9,10,2,1,15,17,18,19,20,21
5,6,7,8,9,10,2,1,15,17,18,19,20,21
5,6,7,8,9,10,2,1,15,17,18,19,20,21
5,6,7,8,9,10,2,1,15,17,18,19,20,21
5,6,7,8,9,10,2,1,15,17,18,19,20,21
5,6,7,8,9,10,2,1,15,17,18,19,20,21
5,6,7,8,9,10,2,1,15,17,18,19,20,21
5,6,7,8,9,10,2,1,15,17,18,19,20,21
5,6,7,8,9,10,2,1,15,17,18,19,20,21
5,6,7,8,9,10,2,1,15,17,18,19,20,21
5,6,7,8,9,10,2,1,15,17,18,19,20,21
5,6,7,8,9,10,2,1,15,17,18,19,20,21
5,6,7,8,9,10,2,1,15,17,18,19,20,21
5,6,7,8,9,10,2,1,15,17,18,19,20,21
5,6,7,8,9,10,2,1,15,17,18,19,20,21
5,6,7,8,9,10,2,1,15,17,18,19,20,21
5,6,7,8,9,10,2,1,15,17,18,19,20,21
5,6,7,8,9,10,2,1,15,17,18,19,20,21
5,6,7,8,9,10,2,1,15,17,18,19,20,21
5,6,7,8,9,10,2,1,15,17,18,19,20,21
5,6,7,8,9,10,2,1,15,17,18,19,20,21
5,6,7,8,9,10,2,1,15,17,18,19,20,21
5,6,7,8,9,10,2,1,15,17,18,19,20,21
5,6,7,8,9,10,2,1,15,17,18,19,20,21
5,6,7,8,9,10,2,1,15,17,18,19,20,21
5,6,7,8,9,10,2,1,15,17,18,19,20,21
5,6,7,8,9,10,2,1,15,17,18,19,20,21
5,6,7,8,9,10,2,1,15,17,18,19,20,21
5,6,7,8,9,10,2,1,15,17,18,19,20,21
5,6,7,8,9,10,2,1,15,17,18,19,20,21
5,6,7,8,9,10,2,1,15,17,18,19,20,21
5,6,7,8,9,10,2,1,15,17,18,19,20,21
5,6,7,8,9,10,2,1,15,17,18,19,20,21
5,6,7,8,9,10,2,1,15,17,18,19,20,21
5,6,7,8,9,10,2,1,15,17,18,19,20,21
5,6,7,8,9,10,2,1,15,17,18,19,20,21
5,6,7,8,9,10,2,1,15,17,18,19,20,21
5,6,7,8,9,10,2,1,15,17,18,19,20,21
5,6,7,8,9,10,2,1,15,17,18,19,20,21
5,6,7,8,9,10,2,1,15,17,18,19,20,21
5,6,7,8,9,10,2,1,15,17,18,19,20,21
5,6,7,8,9,10,2,1,15,17,18,19,20,21
5,6,7,8,9,10,2,1,15,17,18,19,20,21
5,6,7,8,9,10,2,1,15,17,18,19,20,21
5,6,7,8,9,10,2,1,15,17,18,19,20,21
5,6,7,8,9,10,2,1,15,17,18,19,20,21
5,6,7,8,9,10,2,1,15,17,18,19,20,21
5,6,7,8,9,10,2,1,15,17,18,19,20,21
5,6,7,8,9,10,2,1,15,17,18,19,20,21
5,6,7,8,9,10,2,1,15,17,18,19,20,21
5,6,7,8,9,10,2,1,15,17,18,19,20,21
5,6,7,8,9,10,2,1,15,17,18,19,20,21
5,6,7,8,9,10,2,1,15,17,18,19,20,21
5,6,7,8,9,10,2,1,15,17,18,19,20,21
5,6,7,8,9,10,2,1,15,17,18,19,20,21
5,6,7,8,9,10,2,1,15,17,18,19,20,21
5,6,7,8,9,10,2,1,15,17,18,19,20,21
5,6,7,8,9,10,2,1,15,17,18,19,20,21
5,6,7,8,9,10,2,1,15,17,18,19,20,21
5,6,7,8,9,10,2,1,15,17,18,19,20,21
5,6,7,8,9,10,2,1,15,17,18,19,20,21
5,6,7,8,9,10,2,1,15,17,18,19,20,21
5,6,7,8,9,10,2,1,15,17,18,19,20,21
5,6,7,8,9,10,2,1,15,17,18,19,20,21
5,6,7,8,9,10,2,1,15,17,18,19,20,21
5,6,7,8,9,10,2,1,15,17,18,19,20,21
5,6,7,8,9,10,2,1,15,17,18,19,20,21
5,6,7,8,9,10,2,1,15,17,18,19,20,21
5,6,7,8,9,10,2,1,15,17,18,19,20,21
5,6,7,8,9,10,2,1,15,17,18,19,20,21
5,6,7,8,9,10,2,1,15,17,18,19,20,21
5,6,7,8,9,10,2,1,15,17,18,19,20,21
5,6,7,8,9,10,2,1,15,17,18,19,20,21
5,6,7,8,9,10,2,1,15,17,18,19,20,21
5,6,7,8,9,10,2,1,15,17,18,19,20,21
5,6,7,8,9,10,2,1,15,17,18,19,20,21
5,6,7,8,9,10,2,1,15,17,18,19,20,21
5,6,7,8,9,10,2,1,15,17,18,19,20,21
5,6,7,8,9,10,2,1,15,17,18,19,20,21
5,6,7,8,9,10,2,1,15,17,18,19,20,21
5,6,7,8,9,10,2,1,15,17,18,19,20,21
5,6,7,8,9,10,2,1,15,17,18,19,20,21
5,6,7,8,9,10,2,1,15,17,18,19,20,21
5,6,7,8,9,10,2,1,15,17,18,19,20,21
5,6,7,8,9,10,2,1,15,17,18,19,20,21
5,6,7,8,9,10,2,1,15,17,18,19,20,21
5,6,7,8,9,10,2,1,15,17,18,19,20,21
5,6,7,8,9,10,2,1,15,17,18,19,20,21
5,6,7,8,9,10,2,1,15,17,18,19,20,21
5,6,7,8,9,10,2,1,15,17,18,19,20,21
5,6,7,8,9,10,2,1,15,17,18,19,20,21
5,6,7,8,9,10,2,1,15,17,18,19,20,21
5,6,7,8,9,10,2,1,15,17,18,19,20,21
5,6,7,8,9,10,2,1,15,17,18,19,20,21
5,6,7,8,9,10,2,1,15,17,18,19,20,21
5,6,7,8,9,10,2,1,15,17,18,19,20,21
5,6,7,8,9,10,2,1,15,17,18,19,20,21
5,6,7,8,9,10,2,1,15,17,18,19,20,21
5,6,7,8,9,10,2,1,15,17,18,19,20,21
5,6,7,8,9,10,2,1,15,17,18,19,20,21
5,6,7,8,9,10,2,1,15,17,18,19,20,21
5,6,7,8,9,10,2,1,15,17,18,19,20,21
5,6,7,8,9,10,2,1,15,17,18,19,20,21
5,6,7,8,9,10,2,1,15,17,18,19,20,21
5,6,7,8,9,10,2,1,15,17,18,19,20,21
5,6,7,8,9,10,2,1,15,17,18,19,20,21
5,6,7,8,9,10,2,1,15,17,18,19,20,21
5,6,7,8,9,10,2,1,15,17,18,19,20,21
5,6,7,8,9,10,2,1,15,17,18,19,20,21
5,6,7,8,9,10,2,1,15,17,18,19,20,21
5,6,7,8,9,10,2,1,15,17,18,19,20,21
5,6,7,8,9,10,2,1,15,17,18,19,20,21
5,6,7,8,9,10,2,1,15,17,18,19,20,21
5,6,7,8,9,10,2,1,15,17,18,19,20,21
5,6,7,8,9,10,2,1,15,17,18,19,20,21
5,6,7,8,9,10,2,1,15,17,18,19,20,21
5,6,7,8,9,10,2,1,15,17,18,19,20,21
5,6,7,8,9,10,2,1,15,17,18,19,20,21
5,6,7,8,9,10,2,1,15,17,18,19,20,21
5,6,7,8,9,10,2,1,15,17,18,19,20,21
5,6,7,8,9,10,2,1,15,17,18,19,20,21
5,6,7,8,9,10,2,1,15,17,18,19,20,21
5,6,7,8,9,10,2,1,15,17,18,19,20,21
5,6,7,8,9,10,2,1,15,17,18,19,20,21
5,6,7,8,9,10,2,1,15,17,18,19,20,21
5,6,7,8,9,10,2,1,15,17,18,19,20,21
5,6,7,8,9,10,2,1,15,17,18,19,20,21
5,6,7,8,9,10,2,1,15,17,18,19,20,21
5,6,7,8,9,10,2,1,15,17,18,19,20,21
5,6,7,8,9,10,2,1,15,17,18,19,20,21
5,6,7,8,9,10,2,1,15,17,18,19,20,21
5,6,7,8,9,10,2,1,15,17,18,19,20,21
5,6,7,8,9,10,2,1,15,17,18,19,20,21
5,6,7,8,9,10,2,1,15,17,18,19,20,21
5,6,7,8,9,10,2,1,15,17,18,19,20,21
5,6,7,8,9,10,2,1,15,17,18,19,20,21
5,6,7,8,9,10,2,1,15,17,18,19,20,21
5,6,7,8,9,10,2,1,15,17,18,19,20,21
5,6,7,8,9,10,2,1,15,17,18,19,20,21
5,6,7,8,9,10,2,1,15,17,18,19,20,21
5,6,7,8,9,10,2,1,15,17,18,19,20,21
5,6,7,8,9,10,2,1,15,17,18,19,20,21
5,6,7,8,9,10,2,1,15,17,18,19,20,21
5,6,7,8,9,10,2,1,15,17,18,19,20,21
5,6,7,8,9,10,2,1,15,17,18,19,20,21
5,6,7,8,9,10,2,1,15,17,18,19,20,21
5,6,7,8,9,10,2,1,15,17,18,19,20,21
5,6,7,8,9,10,2,1,15,17,18,19,20,21
5,6,7,8,9,10,2,1,15,17,18,19,20,21
5,6,7,8,9,10,2,1,15,17,18,19,20,21
5,6,7,8,9,10,2,1,15,17,18,19,20,21
5,6,7,8,9,10,2,1,15,17,18,19,20,21
5,6,7,8,9,10,2,1,15,17,18,19,20,21
5,6,7,8,9,10,2,1,15,17,18,19,20,21
5,6,7,8,9,10,2,1,15,17,18,19,20,21
5,6,7,8,9,10,2,1,15,17,18,19,20,21
5,6,7,8,9,10,2,1,15,17,18,19,20,21
5,6,7,8,9,10,2,1,15,17,18,19,20,21
5,6,7,8,9,10,2,1,15,17,18,19,20,21
5,6,7,8,9,10,2,1,15,17,18,19,20,21
5,6,7,8,9,10,2,1,15,17,18,19,20,21
5,6,7,8,9,10,2,1,15,17,18,19,20,21
5,6,7,8,9,10,2,1,15,17,18,19,20,21
5,6,7,8,9,10,2,1,15,17,18,19,20,21
5,6,7,8,9,10,2,1,15,17,18,19,20,21
5,6,7,8,9,10,2,1,15,17,18,19,20,21
5,6,7,8,9,10,2,1,15,17,18,19,20,21
5,6,7,8,9,10,2,1,15,17,18,19,20,21
5,6,7,8,9,10,2,1,15,17,18,19,20,21
5,6,7,8,9,10,2,1,15,17,18,19,20,21
5,6,7,8,9,10,2,1,15,17,18,19,20,21
5,6,7,8,9,10,2,1,15,17,18,19,20,21
5,6,7,8,9,10,2,1,15,17,18,19,20,21
5,6,7,8,9,10,2,1,15,17,18,19,20,21
5,6,7,8,9,10,2,1,15,17,18,19,20,21
5,6,7,8,9,10,2,1,15,17,18,19,20,21
5,6,7,8,9,10,2,1,15,17,18,19,20,21
5,6,7,8,9,10,2,1,15,17,18,19,20,21
5,6,7,8,9,10,2,1,15,17,18,19,20,21
5,6,7,8,9,10,2,1,15,17,18,19,20,21
5,6,7,8,9,10,2,1,15,17,18,19,20,21
5,6,7,8,9,10,2,1,15,17,18,19,20,21
5,6,7,8,9,10,2,1,15,17,18,19,20,21
5,6,7,8,9,10,2,1,15,17,18,19,20,21
5,6,7,8,9,10,2,1,15,17,18,19,20,21
5,6,7,8,9,10,2,1,15,17,18,19,20,21
5,6,7,8,9,10,2,1,15,17,18,19,20,21
5,6,7,8,9,10,2,1,15,17,18,19,20,21
5,6,7,8,9,10,2,1,15,17,18,19,20,21
5,6,7,8,9,10,2,1,15,17,18,19,20,21
5,6,7,8,9,10,2,1,15,17,18,19,20,21
5,6,7,8,9,10,2,1,15,17,18,19,20,21
5,6,7,8,9,10,2,1,15,17,18,19,20,21
5,6,7,8,9,10,2,1,15,17,18,19,20,21
5,6,7,8,9,10,2,1,15,17,18,19,20,21
5,6,7,8,9,10,2,1,15,17,18,19,20,21
5,6,7,8,9,10,2,1,15,17,18,19,20,21
5,6,7,8,9,10,2,1,15,17,18,19,20,21
5,6,7,8,9,10,2,1,15,17,18,19,20,21
5,6,7,8,9,10,2,1,15,17,18,19,20,21
5,6,7,8,9,10,2,1,15,17,18,19,20,21
5,6,7,8,9,10,2,1,15,17,18,19,20,21
5,6,7,8,9,10,2,1,15,17,18,19,20,21
5,6,7,8,9,10,2,1,15,17,18,19,20,21
5,6,7,8,9,10,2,1,15,17,18,19,20,21
5,6,7,8,9,10,2,1,15,17,18,19,20,21
5,6,7,8,9,10,2,1,15,17,18,19,20,21
5,6,7,8,9,10,2,1,15,17,18,19,20,21
5,6,7,8,9,10,2,1,15,17,18,19,20,21
5,6,7,8,9,10,2,1,15,17,18,19,20,21
5,6,7,8,9,10,2,1,15,17,18,19,20,21
5,6,7,8,9,10,2,1,15,17,18,19,20,21
5,6,7,8,9,10,2,1,15,17,18,19,20,21
5,6,7,8,9,10,2,1,15,17,18,19,20,21
5,6,7,8,9,10,2,1,15,17,18,19,20,21
5,6,7,8,9,10,2,1,15,17,18,19,20,21
5,6,7,8,9,10,2,1,15,17,18,19,20,21
5,6,7,8,9,10,2,1,15,17,18,19,20,21
5,6,7,8,9,10,2,1,15,17,18,19,20,21
5,6,7,8,9,10,2,1,15,17,18,19,20,21
5,6,7,8,9,10,2,1,15,17,18,19,20,21
5,6,7,8,9,10,2,1,15,17,18,19,20,21
5,6,7,8,9,10,2,1,15,17,18,19,20,21
5,6,7,8,9,10,2,1,15,17,18,19,20,21
5,6,7,8,9,10,2,1,15,17,18,19,20,21
5,6,7,8,10,2,1,0,18,19,20,21
5,6,7,8,10,2,1,0,18,19,20,21
5,6,7,8,10,2,1,0,18,19,20,21
5,6,7,8,10,2,1,0,18,19,20,21
5,6,7,8,10,2,1,0,18,19,20,21
5,6,7,8,10,2,1,0,18,19,20,21
5,6,7,8,10,2,1,0,18,19,20,21
5,6,7,8,10,2,1,0,18,19,20,21
5,6,7,8,10,2,1,0,18,19,20,21
5,6,7,8,10,2,1,0,18,19,20,21
5,6,7,8,10,2,1,0,18,19,20,21
5,6,7,8,10,2,1,0,18,19,20,21
5,6,7,8,10,2,1,0,18,19,20,21
5,6,7,8,10,2,1,0,18,19,20,21
5,6,7,8,10,2,1,0,18,19,20,21
5,6,7,8,10,2,1,0,18,19,20,21
5,6,7,8,10,2,1,0,18,19,20,21
5,6,7,8,10,2,1,0,18,19,20,21
5,6,7,8,10,2,1,0,18,19,20,21
5,6,7,8,10,2,1,0,18,19,20,21
5,6,7,8,10,2,1,0,18,19,20,21
5,6,7,8,10,2,1,0,18,19,20,21
5,6,7,8,10,2,1,0,18,19,20,21
5,6,7,8,10,2,1,0,18,19,20,21
5,6,7,8,10,2,1,0,18,19,20,21
5,6,7,8,10,2,1,0,18,19,20,21
5,6,7,8,10,2,1,0,18,19,20,21
5,6,7,8,10,2,1,0,18,19,20,21
5,6,7,8,10,2,1,0,18,19,20,21
5,6,7,8,10,2,1,0,18,19,20,21
5,6,7,8,10,2,1,0,18,19,20,21
5,6,7,8,10,2,1,0,18,19,20,21
5,6,7,8,9,10,12,88,13,15,17,18,0,21
5,6,7,8,9,10,12,88,13,15,17,18,0,21
5,6,7,8,9,10,12,88,13,15,17,18,0,21
5,6,7,8,9,10,12,88,13,15,17,18,0,21
5,6,7,8,9,10,12,88,13,15,17,18,0,21
5,6,7,8,9,10,12,88,13,15,17,18,0,21
5,6,7,8,9,10,12,88,13,15,17,18,0,21
5,6,7,8,9,10,12,88,13,15,17,18,0,21
5,6,7,8,9,10,12,88,13,15,17,18,0,21
5,6,7,8,9,10,12,88,13,15,17,18,0,21
5,6,7,8,9,10,12,88,13,15,17,18,0,21
5,6,7,8,9,10,12,88,13,15,17,18,0,21
5,6,7,8,9,10,12,88,13,15,17,18,0,21
5,6,7,8,9,10,12,88,13,15,17,18,0,21
5,6,7,8,9,10,12,88,13,15,17,18,0,21
5,6,7,8,9,10,12,88,13,15,17,18,0,21
5,6,7,8,9,10,12,88,13,15,17,18,0,21
5,6,7,8,9,10,12,88,13,15,17,18,0,21
5,6,7,8,9,10,12,88,13,15,17,18,0,21
5,6,7,8,9,10,12,88,13,15,17,18,0,21
5,6,7,8,9,10,12,88,13,15,17,18,0,21
5,6,7,8,9,10,12,88,13,15,17,18,0,21
5,6,7,8,9,10,12,88,13,15,17,18,0,21
5,6,7,8,9,10,12,88,13,15,17,18,0,21
5,6,7,8,9,10,12,88,13,15,17,18,0,21
5,6,7,8,9,10,12,88,13,15,17,18,0,21
5,6,7,8,9,10,12,88,13,15,17,18,0,21
5,6,7,8,9,10,12,88,13,15,17,18,0,21
5,6,7,8,9,10,12,88,13,15,17,18,0,21
5,6,7,8,9,10,12,88,13,15,17,18,0,21
5,6,7,8,9,10,12,88,13,15,17,18,0,21
5,6,7,8,9,10,12,88,13,15,17,18,0,21
5,6,7,8,9,10,12,88,13,15,17,18,0,21
5,6,7,8,9,10,12,88,13,15,17,18,0,21
5,6,7,8,9,10,12,88,13,15,17,18,0,21
5,6,7,8,9,10,12,88,13,15,17,18,0,21
5,6,7,8,9,10,12,88,13,15,17,18,0,21
5,6,7,8,9,10,12,88,13,15,17,18,0,21
5,6,7,8,9,10,12,88,13,15,17,18,0,21
5,6,7,8,9,10,12,88,13,15,17,18,0,21
5,6,7,8,9,10,12,88,13,15,17,18,0,21
5,6,7,8,9,10,12,88,13,15,17,18,0,21
5,6,7,8,9,10,12,88,13,15,17,18,0,21
5,6,7,8,9,10,12,88,13,15,17,18,0,21
5,6,7,8,9,10,12,88,13,15,17,18,0,21
5,6,7,8,9,10,12,88,13,15,17,18,0,21
5,6,7,8,9,10,12,88,13,15,17,18,0,21
5,6,7,8,9,10,12,88,13,15,17,18,0,21
5,6,7,8,9,10,12,88,13,15,17,18,0,21
5,6,7,8,9,10,12,88,13,15,17,18,0,21
5,6,7,8,9,10,12,88,13,15,17,18,0,21
5,6,7,8,9,10,12,88,13,15,17,18,0,21
5,6,7,8,9,10,12,88,13,15,17,18,0,21
5,6,7,8,9,10,12,88,13,15,17,18,0,21
5,6,7,8,9,10,12,88,13,15,17,18,0,21
5,6,7,8,9,10,12,88,13,15,17,18,0,21
5,6,7,8,9,10,12,88,13,15,17,18,0,21
5,6,7,8,9,10,12,88,13,15,17,18,0,21
5,6,7,8,9,10,12,88,13,15,17,18,0,21
5,6,7,8,9,10,12,88,13,15,17,18,0,21
5,6,7,8,9,10,12,88,13,15,17,18,0,21
5,6,7,8,9,10,12,88,13,15,17,18,0,21
5,6,7,8,9,10,12,88,13,15,17,18,0,21
5,6,7,8,9,10,12,88,13,15,17,18,0,21
5,6,7,8,9,10,12,88,13,15,17,18,0,21
5,6,7,8,9,10,12,88,13,15,17,18,0,21
5,6,7,8,9,10,12,88,13,15,17,18,0,21
5,6,7,8,9,10,12,88,13,15,17,18,0,21
5,6,7,8,9,10,12,88,13,15,17,18,0,21
5,6,7,8,9,10,12,88,13,15,17,18,0,21
5,6,7,8,9,10,12,88,13,15,17,18,0,21
5,6,7,8,9,10,12,88,13,15,17,18,0,21
5,6,7,8,9,10,12,88,13,15,17,18,0,21
5,6,7,8,9,10,12,88,13,15,17,18,0,21
5,6,7,8,9,10,12,88,13,15,17,18,0,21
5,6,7,8,9,10,12,88,13,15,17,18,0,21
5,6,7,8,9,10,12,88,13,15,17,18,0,21
5,6,7,8,9,10,12,88,13,15,17,18,0,21
5,6,7,8,9,10,12,88,13,15,17,18,0,21
5,6,7,8,9,10,12,88,13,15,17,18,0,21
5,6,7,8,9,10,12,88,13,15,17,18,0,21
5,6,7,8,9,10,12,88,13,15,17,18,0,21
5,6,7,8,9,10,12,88,13,15,17,18,0,21
5,6,7,8,9,10,12,88,13,15,17,18,0,21
5,6,7,8,9,10,12,88,13,15,17,18,0,21
5,6,7,8,9,10,12,88,13,15,17,18,0,21
5,6,7,8,9,10,12,88,13,15,17,18,0,21
5,6,7,8,9,10,12,88,13,15,17,18,0,21
5,6,7,8,9,10,12,88,13,15,17,18,0,21
5,6,7,8,9,10,12,88,13,15,17,18,0,21
5,6,7,8,9,10,12,88,13,15,17,18,0,21
5,6,7,8,9,10,12,88,13,15,17,18,0,21
5,6,7,8,9,10,12,88,13,15,17,18,0,21
5,6,7,8,9,10,12,88,13,15,17,18,0,21
5,6,7,8,9,10,12,88,13,15,17,18,0,21
5,6,7,8,9,10,12,88,13,15,17,18,0,21
5,6,7,8,9,10,12,88,13,15,17,18,0,21
5,6,7,8,9,10,12,88,13,15,17,18,0,21
5,6,7,8,9,10,12,88,13,15,17,18,0,21
5,6,7,8,9,10,12,88,13,15,17,18,0,21
5,6,7,8,9,10,12,88,13,15,17,18,0,21
5,6,7,8,9,10,12,88,13,15,17,18,0,21
5,6,7,8,9,10,12,88,13,15,17,18,0,21
5,6,7,8,9,10,12,88,13,15,17,18,0,21
5,6,7,8,9,10,12,88,13,15,17,18,0,21
5,6,7,8,9,10,12,88,13,15,17,18,0,21
5,6,7,8,9,10,12,88,13,15,17,18,0,21
5,6,7,8,9,10,12,88,13,15,17,18,0,21
5,6,7,8,9,10,12,88,13,15,17,18,0,21
5,6,7,8,9,10,12,88,13,15,17,18,0,21
5,6,7,8,9,10,12,88,13,15,17,18,0,21
5,6,7,8,9,10,12,88,13,15,17,18,0,21
5,6,7,8,9,10,12,88,13,15,17,18,0,21
5,6,7,8,9,10,12,88,13,15,17,18,0,21
5,6,7,8,9,10,12,88,13,15,17,18,0,21
5,6,7,8,9,10,12,88,13,15,17,18,0,21
5,6,7,8,9,10,12,88,13,15,17,18,0,21
5,6,7,8,9,10,12,88,13,15,17,18,0,21
5,6,7,8,9,10,12,88,13,15,17,18,0,21
5,6,7,8,9,10,12,88,13,15,17,18,0,21
5,6,7,8,9,10,12,88,13,15,17,18,0,21
5,6,7,8,9,10,12,88,13,15,17,18,0,21
5,6,7,8,9,10,12,88,13,15,17,18,0,21
5,6,7,8,9,10,12,88,13,15,17,18,0,21
5,6,7,8,9,10,12,88,13,15,17,18,0,21
5,6,7,8,9,10,12,88,13,15,17,18,0,21
5,6,7,8,9,10,12,88,13,15,17,18,0,21
5,6,7,8,9,10,12,88,13,15,17,18,0,21
5,6,7,8,9,10,12,88,13,15,17,18,0,21
5,6,7,8,9,10,12,88,13,15,17,18,0,21
5,6,7,8,9,10,12,88,13,15,17,18,0,21
5,6,7,8,9,10,12,88,13,15,17,18,0,21
5,6,7,8,9,10,12,88,13,15,17,18,0,21
5,6,7,8,9,10,12,88,13,15,17,18,0,21
5,6,7,8,9,10,12,88,13,15,17,18,0,21
5,6,7,8,9,10,12,88,13,15,17,18,0,21
5,6,7,8,9,10,12,88,13,15,17,18,0,21
5,6,7,8,9,10,12,88,13,15,17,18,0,21
5,6,7,8,9,10,12,88,13,15,17,18,0,21
5,6,7,8,9,10,12,88,13,15,17,18,0,21
5,6,7,8,9,10,12,88,13,15,17,18,0,21
5,6,7,8,9,10,12,88,13,15,17,18,0,21
5,6,7,8,9,10,12,88,13,15,17,18,0,21
5,6,7,8,9,10,12,88,13,15,17,18,0,21
5,6,7,8,9,10,12,88,13,15,17,18,0,21
5,6,7,8,9,10,12,88,13,15,17,18,0,21
5,6,7,8,9,10,12,88,13,15,17,18,0,21
5,6,7,8,9,10,12,88,13,15,17,18,0,21
5,6,7,8,9,10,12,88,13,15,17,18,0,21
5,6,7,8,9,10,12,88,13,15,17,18,0,21
5,6,7,8,9,10,12,88,13,15,17,18,0,21
5,6,7,8,9,10,12,88,13,15,17,18,0,21
5,6,7,8,9,10,12,88,13,15,17,18,0,21
5,6,7,8,9,10,12,88,13,15,17,18,0,21
5,6,7,8,9,10,12,88,13,15,17,18,0,21
5,6,7,8,9,10,12,88,13,15,17,18,0,21
5,6,7,8,9,10,12,88,13,15,17,18,0,21
5,6,7,8,9,10,12,88,13,15,17,18,0,21
5,6,7,8,9,10,12,88,13,15,17,18,0,21
5,6,7,8,9,10,12,88,13,15,17,18,0,21
5,6,7,8,9,10,12,88,13,15,17,18,0,21
5,6,7,8,9,10,12,88,13,15,17,18,0,21
5,6,7,8,9,10,12,88,13,15,17,18,0,21
5,6,7,8,9,10,12,88,13,15,17,18,0,21
5,6,7,8,9,10,12,88,13,15,17,18,0,21
5,6,7,8,9,10,12,88,13,15,17,18,0,21
5,6,7,8,9,10,12,88,13,15,17,18,0,21
5,6,7,8,9,10,12,88,13,15,17,18,0,21
5,6,7,8,9,10,12,88,13,15,17,18,0,21
5,6,7,8,9,10,12,88,13,15,17,18,0,21
5,6,7,8,9,10,12,88,13,15,17,18,0,21
5,6,7,8,9,10,12,88,13,15,17,18,0,21
5,6,7,8,9,10,12,88,13,15,17,18,0,21
5,6,7,8,9,10,12,88,13,15,17,18,0,21
5,6,7,8,9,10,12,88,13,15,17,18,0,21
5,6,7,8,9,10,12,88,13,15,17,18,0,21
5,6,7,8,9,10,12,88,13,15,17,18,0,21
5,6,7,8,9,10,12,88,13,15,17,18,0,21
5,6,7,8,9,10,12,88,13,15,17,18,0,21
5,6,7,8,9,10,12,88,13,15,17,18,0,21
5,6,7,8,9,10,12,88,13,15,17,18,0,21
5,6,7,8,9,10,12,88,13,15,17,18,0,21
5,6,7,8,9,10,12,88,13,15,17,18,0,21
5,6,7,8,9,10,12,88,13,15,17,18,0,21
5,6,7,8,9,10,12,88,13,15,17,18,0,21
5,6,7,8,9,10,12,88,13,15,17,18,0,21
5,6,7,8,9,10,12,88,13,15,17,18,0,21
5,6,7,8,9,10,12,88,13,15,17,18,0,21
5,6,7,8,9,10,12,88,13,15,17,18,0,21
5,6,7,8,9,10,12,88,13,15,17,18,0,21
5,6,7,8,9,10,12,88,13,15,17,18,0,21
5,6,7,8,9,10,12,88,13,15,17,18,0,21
5,6,7,8,9,10,12,88,13,15,17,18,0,21
5,6,7,8,9,10,12,88,13,15,17,18,0,21
5,6,7,8,9,10,12,88,13,15,17,18,0,21
5,6,7,8,9,10,12,88,13,15,17,18,0,21
5,6,7,8,9,10,12,88,13,15,17,18,0,21
5,6,7,8,9,10,12,88,13,15,17,18,0,21
5,6,7,8,9,10,12,88,13,15,17,18,0,21
5,6,7,8,9,10,12,88,13,15,17,18,0,21
5,6,7,8,9,10,12,88,13,15,17,18,0,21
5,6,7,8,9,10,12,88,13,15,17,18,0,21
5,6,7,8,9,10,12,88,13,15,17,18,0,21
5,6,7,8,9,10,12,88,13,15,17,18,0,21
5,6,7,8,9,10,12,88,13,15,17,18,0,21
5,6,7,8,9,10,12,88,13,15,17,18,0,21
5,6,7,8,9,10,12,88,13,15,17,18,0,21
5,6,7,8,9,10,12,88,13,15,17,18,0,21
5,6,7,8,9,10,12,88,13,15,17,18,0,21
5,6,7,8,9,10,12,88,13,15,17,18,0,21
5,6,7,8,9,10,12,88,13,15,17,18,0,21
5,6,7,8,9,10,12,88,13,15,17,18,0,21
5,6,7,8,9,10,12,88,13,15,17,18,0,21
5,6,7,8,9,10,12,88,13,15,17,18,0,21
5,6,7,8,9,10,12,88,13,15,17,18,0,21
5,6,7,8,9,10,12,88,13,15,17,18,0,21
5,6,7,8,9,10,12,88,13,15,17,18,0,21
5,6,7,8,9,10,12,88,13,15,17,18,0,21
5,6,7,8,9,10,12,88,13,15,17,18,0,21
5,6,7,8,9,10,12,88,13,15,17,18,0,21
5,6,7,8,9,10,12,88,13,15,17,18,0,21
5,6,7,8,9,10,12,88,13,15,17,18,0,21
5,6,7,8,9,10,12,88,13,15,17,18,0,21
5,6,7,8,9,10,12,88,13,15,17,18,0,21
5,6,7,8,9,10,12,88,13,15,17,18,0,21
5,6,7,8,9,10,12,88,13,15,17,18,0,21
5,6,7,8,9,10,12,88,13,15,17,18,0,21
5,6,7,8,9,10,12,88,13,15,17,18,0,21
5,6,7,8,9,10,12,88,13,15,17,18,0,21
5,6,7,8,9,10,12,88,13,15,17,18,0,21
5,6,7,8,9,10,12,88,13,15,17,18,0,21
5,6,7,8,9,10,12,88,13,15,17,18,0,21
5,6,7,8,9,10,12,88,13,15,17,18,0,21
5,6,7,8,9,10,12,88,13,15,17,18,0,21
5,6,7,8,9,10,12,88,13,15,17,18,0,21
5,6,7,8,9,10,12,88,13,15,17,18,0,21
5,6,7,8,9,10,12,88,13,15,17,18,0,21
5,6,7,8,9,10,12,88,13,15,17,18,0,21
5,6,7,8,9,10,12,88,13,15,17,18,0,21
5,6,7,8,9,10,12,88,13,15,17,18,0,21
5,6,7,8,9,10,12,88,13,15,17,18,0,21
5,6,7,8,9,10,12,88,13,15,17,18,0,21
5,6,7,8,9,10,12,88,13,15,17,18,0,21
5,6,7,8,9,10,12,88,13,15,17,18,0,21
5,6,7,8,9,10,12,88,13,15,17,18,0,21
5,6,7,8,9,10,12,88,13,15,17,18,0,21
5,6,7,8,9,10,12,88,13,15,17,18,0,21
5,6,7,8,9,10,12,88,13,15,17,18,0,21
5,6,7,8,9,10,12,88,13,15,17,18,0,21
5,6,7,8,9,10,12,88,13,15,17,18,0,21
5,6,7,8,9,10,12,88,13,15,17,18,0,21
5,6,7,8,9,10,12,88,13,15,17,18,0,21
5,6,7,8,9,10,12,88,13,15,17,18,0,21
5,6,7,8,9,10,12,88,13,15,17,18,0,21
5,6,7,8,9,10,12,88,13,15,17,18,0,21
5,6,7,8,9,10,12,88,13,15,17,18,0,21
5,6,7,8,9,10,12,88,13,15,17,18,0,21
5,6,7,8,9,10,12,88,13,15,17,18,0,21
5,6,7,8,9,10,12,88,13,15,17,18,0,21
5,6,7,8,9,10,12,88,13,15,17,18,0,21
5,6,7,8,9,10,12,88,13,15,17,18,0,21
5,6,7,8,9,10,12,88,13,15,17,18,0,21
5,6,7,8,9,10,12,88,13,15,17,18,0,21
5,6,7,8,9,10,12,88,13,15,17,18,0,21
5,6,7,8,9,10,12,88,13,15,17,18,0,21
5,6,7,8,9,10,12,88,13,15,17,18,0,21
5,6,7,8,9,10,12,88,13,15,17,18,0,21
5,6,7,8,9,10,12,88,13,15,17,18,0,21
5,6,7,8,9,10,12,88,13,15,17,18,0,21
5,6,7,8,9,10,12,88,13,15,17,18,0,21
5,6,7,8,9,10,12,88,13,15,17,18,0,21
5,6,7,8,9,10,12,88,13,15,17,18,0,21
5,6,7,8,9,10,12,88,13,15,17,18,0,21
5,6,7,8,9,10,12,88,13,15,17,18,0,21
5,6,7,8,9,10,12,88,13,15,17,18,0,21
5,6,7,8,9,10,12,88,13,15,17,18,0,21
5,6,7,8,9,10,12,88,13,15,17,18,0,21
5,6,7,8,9,10,12,88,13,15,17,18,0,21
5,6,7,8,9,10,12,88,13,15,17,18,0,21
5,6,7,8,9,10,12,88,13,15,17,18,0,21
5,6,7,8,9,10,12,88,13,15,17,18,0,21
5,6,7,8,9,10,12,88,13,15,17,18,0,21
5,6,7,8,9,10,12,88,13,15,17,18,0,21
5,6,7,8,9,10,12,88,13,15,17,18,0,21
5,6,7,8,9,10,12,88,13,15,17,18,0,21
5,6,7,8,9,10,12,88,13,15,17,18,0,21
5,6,7,8,9,10,12,88,13,15,17,18,0,21
5,6,7,8,9,10,12,88,13,15,17,18,0,21
5,6,7,8,9,10,12,88,13,15,17,18,0,21
5,6,7,8,9,10,12,88,13,15,17,18,0,21
5,6,7,8,9,10,12,88,13,15,17,18,0,21
5,6,7,8,9,10,12,88,13,15,17,18,0,21
5,6,7,8,9,10,12,88,13,15,17,18,0,21
5,6,7,8,9,10,12,88,13,15,17,18,0,21
5,6,7,8,9,10,12,88,13,15,17,18,0,21
5,6,7,8,9,10,12,88,13,15,17,18,0,21
5,6,7,8,9,10,12,88,13,15,17,18,0,21
5,6,7,8,9,10,12,88,13,15,17,18,0,21
5,6,7,8,9,10,12,88,13,15,17,18,0,21
5,6,7,8,9,10,12,88,13,15,17,18,0,21
5,6,7,8,9,10,12,88,13,15,17,18,0,21
5,6,7,8,9,10,12,88,13,15,17,18,0,21
5,6,7,8,9,10,12,88,13,15,17,18,0,21
5,6,7,8,9,10,12,88,13,15,17,18,0,21
5,6,7,8,9,10,12,88,13,15,17,18,0,21
5,6,7,8,9,10,12,88,13,15,17,18,0,21
5,6,7,8,9,10,12,88,13,15,17,18,0,21
5,6,7,8,9,10,12,88,13,15,17,18,0,21
5,6,7,8,9,10,12,88,13,15,17,18,0,21
5,6,7,8,9,10,12,88,13,15,17,18,0,21
5,6,7,8,9,10,12,88,13,15,17,18,0,21
5,6,7,8,9,10,12,88,13,15,17,18,0,21
5,6,7,8,9,10,12,88,13,15,17,18,0,21
5,6,7,8,9,10,12,88,13,15,17,18,0,21
5,6,7,8,9,10,12,88,13,15,17,18,0,21
5,6,7,8,9,10,12,88,13,15,17,18,0,21
5,6,7,8,9,10,12,88,13,15,17,18,0,21
5,6,7,8,9,10,12,88,13,15,17,18,0,21
5,6,7,8,9,10,12,88,13,15,17,18,0,21
5,6,7,8,9,10,12,88,13,15,17,18,0,21
5,6,7,8,9,10,12,88,13,15,17,18,0,21
5,6,7,8,9,10,12,88,13,15,17,18,0,21
5,6,7,8,9,10,12,88,13,15,17,18,0,21
5,6,7,8,9,10,12,88,13,15,17,18,0,21
5,6,7,8,9,10,12,88,13,15,17,18,0,21
5,6,7,8,9,10,12,88,13,15,17,18,0,21
5,6,7,8,9,10,12,88,13,15,17,18,0,21
5,6,7,8,9,10,12,88,13,15,17,18,0,21
5,6,7,8,9,10,12,88,13,15,17,18,0,21
5,6,7,8,9,10,12,88,13,15,17,18,0,21
5,6,7,8,9,10,12,88,13,15,17,18,0,21
5,6,7,8,9,10,12,88,13,15,17,18,0,21
5,6,7,8,9,10,12,88,13,15,17,18,0,21
5,6,7,8,9,10,12,88,13,15,17,18,0,21
5,6,7,8,9,10,12,88,13,15,17,18,0,21
5,6,7,8,9,10,12,88,13,15,17,18,0,21
5,6,7,8,9,10,12,88,13,15,17,18,0,21
5,6,7,8,9,10,12,88,13,15,17,18,0,21
5,6,7,8,9,10,12,88,13,15,17,18,0,21
5,6,7,8,9,10,12,88,13,15,17,18,0,21
5,6,7,8,9,10,12,88,13,15,17,18,0,21
5,6,7,8,9,10,12,88,13,15,17,18,0,21
5,6,7,8,9,10,12,88,13,15,17,18,0,21
5,6,7,8,9,10,12,88,13,15,17,18,0,21
5,6,7,8,9,10,12,88,13,15,17,18,0,21
5,6,7,8,9,10,12,88,13,15,17,18,0,21
5,6,7,8,9,10,12,88,13,15,17,18,0,21
5,6,7,8,9,10,12,88,13,15,17,18,0,21
5,6,7,8,9,10,12,88,13,15,17,18,0,21
5,6,7,8,9,10,12,88,13,15,17,18,0,21
5,6,7,8,9,10,12,88,13,15,17,18,0,21
5,6,7,8,9,10,12,88,13,15,17,18,0,21
5,6,7,8,9,10,12,88,13,15,17,18,0,21
5,6,7,8,9,10,12,88,13,15,17,18,0,21
5,6,7,8,9,10,12,88,13,15,17,18,0,21
5,6,7,8,9,10,12,88,13,15,17,18,0,21
5,6,7,8,9,10,12,88,13,15,17,18,0,21
5,6,7,8,9,10,12,88,13,15,17,18,0,21
5,6,7,8,9,10,12,88,13,15,17,18,0,21
5,6,7,8,9,10,12,88,13,15,17,18,0,21
5,6,7,8,9,10,12,88,13,15,17,18,0,21
5,6,7,8,9,10,12,88,13,15,17,18,0,21
5,6,7,8,9,10,12,88,13,15,17,18,0,21
5,6,7,8,9,10,12,88,13,15,17,18,0,21
5,6,7,8,9,10,12,88,13,15,17,18,0,21
5,6,7,8,9,10,12,88,13,15,17,18,0,21
5,6,7,8,9,10,12,88,13,15,17,18,0,21
5,6,7,8,9,10,12,88,13,15,17,18,0,21
5,6,7,8,9,10,12,88,13,15,17,18,0,21
5,6,7,8,9,10,12,88,13,15,17,18,0,21
5,6,7,8,9,10,12,88,13,15,17,18,0,21
5,6,7,8,9,10,12,88,13,15,17,18,0,21
5,6,7,8,9,10,12,88,13,15,17,18,0,21
5,6,7,8,9,10,12,88,13,15,17,18,0,21
5,6,7,8,9,10,12,88,13,15,17,18,0,21
5,6,7,8,9,10,12,88,13,15,17,18,0,21
5,6,7,8,9,10,12,88,13,15,17,18,0,21
5,6,7,8,9,10,12,88,13,15,17,18,0,21
5,6,7,8,9,10,12,88,13,15,17,18,0,21
5,6,7,8,9,10,12,88,13,15,17,18,0,21
5,6,7,8,9,10,12,88,13,15,17,18,0,21
5,6,7,8,9,10,12,88,13,15,17,18,0,21
5,6,7,8,9,10,12,88,13,15,17,18,0,21
5,6,7,8,9,10,12,88,13,15,17,18,0,21
5,6,7,8,9,10,12,88,13,15,17,18,0,21
5,6,7,8,9,10,12,88,13,15,17,18,0,21
5,6,7,8,9,10,12,88,13,15,17,18,0,21
5,6,7,8,9,10,12,88,13,15,17,18,0,21
5,6,7,8,9,10,12,88,13,15,17,18,0,21
5,6,7,8,9,10,12,88,13,15,17,18,0,21
5,6,7,8,9,10,12,88,13,15,17,18,0,21
5,6,7,8,9,10,12,88,13,15,17,18,0,21
5,6,7,8,9,10,12,88,13,15,17,18,0,21
5,6,7,8,9,10,12,88,13,15,17,18,0,21
5,6,7,8,9,10,12,88,13,15,17,18,0,21
5,6,7,8,9,10,12,88,13,15,17,18,0,21
5,6,7,8,9,10,12,88,13,15,17,18,0,21
5,6,7,8,9,10,12,88,13,15,17,18,0,21
5,6,7,8,9,10,12,88,13,15,17,18,0,21
5,6,7,8,9,10,12,88,13,15,17,18,0,21
5,6,7,8,9,10,12,88,13,15,17,18,0,21
5,6,7,8,9,10,12,88,13,15,17,18,0,21
5,6,7,8,9,10,12,88,13,15,17,18,0,21
5,6,7,8,9,10,12,88,13,15,17,18,0,21
5,6,7,8,9,10,12,88,13,15,17,18,0,21
5,6,7,8,9,10,12,88,13,15,17,18,0,21
5,6,7,8,9,10,12,88,13,15,17,18,0,21
5,6,7,8,9,10,12,88,13,15,17,18,0,21
5,6,7,8,9,10,12,88,13,15,17,18,0,21
5,6,7,8,9,10,12,88,13,15,17,18,0,21
5,6,7,8,9,10,12,88,13,15,17,18,0,21
5,6,7,8,9,10,12,88,13,15,17,18,0,21
5,6,7,8,9,10,12,88,13,15,17,18,0,21
5,6,7,8,9,10,12,88,13,15,17,18,0,21
5,6,7,8,9,10,12,88,13,15,17,18,0,21
5,6,7,8,9,10,12,88,13,15,17,18,0,21
5,6,7,8,9,10,12,88,13,15,17,18,0,21
5,6,7,8,9,10,12,88,13,15,17,18,0,21
5,6,7,8,9,10,12,88,13,15,17,18,0,21
5,6,7,8,9,10,12,88,13,15,17,18,0,21
5,6,7,8,9,10,12,88,13,15,17,18,0,21
5,6,7,8,9,10,12,88,13,15,17,18,0,21
5,6,7,8,9,10,12,88,13,15,17,18,0,21
5,6,7,8,9,10,12,88,13,15,17,18,0,21
5,6,7,8,9,10,12,88,13,15,17,18,0,21
5,6,7,8,9,10,12,88,13,15,17,18,0,21
5,6,7,8,9,10,12,88,13,15,17,18,0,21
5,6,7,8,9,10,12,88,13,15,17,18,0,21
5,6,7,8,9,10,12,88,13,15,17,18,0,21
5,6,7,8,9,10,12,88,13,15,17,18,0,21
5,6,7,8,9,10,12,88,13,15,17,18,0,21
5,6,7,8,9,10,12,88,13,15,17,18,0,21
5,6,7,8,9,10,12,88,13,15,17,18,0,21
5,6,7,8,9,10,12,88,13,15,17,18,0,21
5,6,7,8,9,10,12,88,13,15,17,18,0,21
5,6,7,8,9,10,12,88,13,15,17,18,0,21
5,6,7,8,9,10,12,88,13,15,17,18,0,21
5,6,7,8,9,10,12,88,13,15,17,18,0,21
5,6,7,8,9,10,12,88,13,15,17,18,0,21
5,6,7,8,9,10,12,88,13,15,17,18,0,21
5,6,7,8,9,10,12,88,13,15,17,18,0,21
5,6,7,8,9,10,12,88,13,15,17,18,0,21
5,6,7,8,9,10,12,88,13,15,17,18,0,21
5,6,7,8,9,10,12,88,13,15,17,18,0,21
5,6,7,8,9,10,12,88,13,15,17,18,0,21
5,6,7,8,9,10,12,88,13,15,17,18,0,21
5,6,7,8,9,10,12,88,13,15,17,18,0,21
5,6,7,8,9,10,12,88,13,15,17,18,0,21
5,6,7,8,9,10,12,88,13,15,17,18,0,21
5,6,7,8,9,10,12,88,13,15,17,18,0,21
5,6,7,8,9,10,12,88,13,15,17,18,0,21
5,6,7,8,9,10,12,88,13,15,17,18,0,21
5,6,7,8,9,10,12,88,13,15,17,18,0,21
5,6,7,8,9,10,12,88,13,15,17,18,0,21
5,6,7,8,9,10,12,88,13,15,17,18,0,21
5,6,7,8,9,10,12,88,13,15,17,18,0,21
5,6,7,8,9,10,12,88,13,15,17,18,0,21
5,6,7,8,9,10,12,88,13,15,17,18,0,21
5,6,7,8,9,10,12,88,13,15,17,18,0,21
5,6,7,8,9,10,12,88,13,15,17,18,0,21
5,6,7,8,9,10,12,88,13,15,17,18,0,21
5,6,7,8,9,10,12,88,13,15,17,18,0,21
5,6,7,8,9,10,12,88,13,15,17,18,0,21
5,6,7,8,9,10,12,88,13,15,17,18,0,21
5,6,7,8,9,10,12,88,13,15,17,18,0,21
5,6,7,8,9,10,12,88,13,15,17,18,0,21
5,6,7,8,9,10,12,88,13,15,17,18,0,21
5,6,7,8,9,10,12,88,13,15,17,18,0,21
5,6,7,8,9,10,12,88,13,15,17,18,0,21
5,6,7,8,9,10,12,88,13,15,17,18,0,21
5,6,7,8,9,10,12,88,13,15,17,18,0,21
5,6,7,8,9,10,12,88,13,15,17,18,0,21
5,6,7,8,9,10,12,88,13,15,17,18,0,21
5,6,7,8,9,10,12,88,13,15,17,18,0,21
5,6,7,8,9,10,12,88,13,15,17,18,0,21
5,6,7,8,9,10,12,88,13,15,17,18,0,21
5,6,7,8,9,10,12,88,13,15,17,18,0,21
5,6,7,8,9,10,12,88,13,15,17,18,0,21
5,6,7,8,9,10,12,88,13,15,17,18,0,21
5,6,7,8,9,10,12,88,13,15,17,18,0,21
5,6,7,8,9,10,12,88,13,15,17,18,0,21
5,6,7,8,9,10,12,88,13,15,17,18,0,21
5,6,7,8,9,10,12,88,13,15,17,18,0,21
5,6,7,8,9,10,12,88,13,15,17,18,0,21
5,6,7,8,9,10,12,88,13,15,17,18,0,21
5,6,7,8,9,10,12,88,13,15,17,18,0,21
5,6,7,8,9,10,12,88,13,15,17,18,0,21
5,6,7,8,9,10,12,88,13,15,17,18,0,21
5,6,7,8,9,10,12,88,13,15,17,18,0,21
5,6,7,8,9,10,12,88,13,15,17,18,0,21
5,6,7,8,9,10,12,88,13,15,17,18,0,21
5,6,7,8,9,10,12,88,13,15,17,18,0,21
5,6,7,8,9,10,12,88,13,15,17,18,0,21
5,6,7,8,9,10,12,88,13,15,17,18,0,21
5,6,7,8,9,10,12,88,13,15,17,18,0,21
5,6,7,8,9,10,12,88,13,15,17,18,0,21
5,6,7,8,9,10,12,88,13,15,17,18,0,21
5,6,7,8,9,10,12,88,13,15,17,18,0,21
5,6,7,8,9,10,12,88,13,15,17,18,0,21
5,6,7,8,9,10,12,88,13,15,17,18,0,21
5,6,7,8,9,10,12,88,13,15,17,18,0,21
5,6,7,8,9,10,12,88,13,15,17,18,0,21
5,6,7,8,9,10,12,88,13,15,17,18,0,21
5,6,7,8,9,10,12,88,13,15,17,18,0,21
5,6,7,8,9,10,12,88,13,15,17,18,0,21
5,6,7,8,9,10,12,88,13,15,17,18,0,21
5,6,7,8,9,10,12,88,13,15,17,18,0,21
5,6,7,8,9,10,12,88,13,15,17,18,0,21
5,6,7,8,9,10,12,88,13,15,17,18,0,21
5,6,7,8,9,10,12,88,13,15,17,18,0,21
5,6,7,8,9,10,12,88,13,15,17,18,0,21
5,6,7,8,9,10,12,88,13,15,17,18,0,21
5,6,7,8,9,10,12,88,13,15,1,0,21
5,6,7,8,9,10,12,88,13,15,1,0,21
5,6,7,8,9,10,12,88,13,15,1,0,21
5,6,7,8,9,10,12,88,13,15,1,0,21
5,6,7,8,9,10,12,88,13,15,1,0,21
5,6,7,8,9,10,12,88,13,15,1,0,21
5,6,7,8,9,10,12,88,13,15,1,0,21
5,6,7,8,9,10,12,88,13,15,1,0,21
5,6,7,8,9,10,12,88,13,15,1,0,21
5,6,7,8,9,10,12,88,13,15,1,0,21
5,6,7,8,9,10,12,88,13,15,1,0,21
5,6,7,8,9,10,12,88,13,15,1,0,21
5,6,7,8,9,10,12,88,13,15,1,0,21
5,6,7,8,9,10,12,88,13,15,1,0,21
5,6,7,8,9,10,12,88,13,15,1,0,21
5,6,7,8,9,10,12,88,13,15,1,0,21
5,6,7,8,9,10,12,88,13,15,1,0,21
5,6,7,8,9,10,12,88,13,15,1,0,21
5,6,7,8,9,10,12,88,13,15,1,0,21
5,6,7,8,9,10,12,88,13,15,1,0,21
5,6,7,8,9,10,12,88,13,15,1,0,21
5,6,7,8,9,10,12,88,13,15,1,0,21
5,6,7,8,9,10,12,88,13,15,1,0,21
5,6,7,8,9,10,12,88,13,15,1,0,21
5,6,7,8,9,10,12,88,13,15,1,0,21
5,6,7,8,9,10,12,88,13,15,1,0,21
5,6,7,8,9,10,12,88,13,15,1,0,21
5,6,7,8,9,10,12,88,13,15,1,0,21
5,6,7,8,9,10,12,88,13,15,1,0,21
5,6,7,8,9,10,12,88,13,15,1,0,21
5,6,7,8,9,10,12,88,13,15,1,0,21
5,6,7,8,9,10,12,88,13,15,1,0,21
5,6,7,8,9,10,12,88,13,15,1,0,21
5,6,7,8,9,10,12,88,13,15,1,0,21
5,6,7,8,9,10,12,88,13,15,1,0,21
5,6,7,8,9,10,12,88,13,15,1,0,21
5,6,7,8,9,10,12,88,13,15,1,0,21
5,6,7,8,9,10,12,88,13,15,1,0,21
5,6,7,8,9,10,12,88,13,15,1,0,21
5,6,7,8,9,10,12,88,13,15,1,0,21
5,6,7,8,9,10,12,88,13,15,1,0,21
5,6,7,8,9,10,12,88,13,15,1,0,21
5,6,7,8,9,10,12,88,13,15,1,0,21
5,6,7,8,9,10,12,88,13,15,1,0,21
5,6,7,8,9,10,12,88,13,15,1,0,21
5,6,7,8,9,10,12,88,13,15,1,0,21
5,6,7,8,9,10,12,88,13,15,1,0,21
5,6,7,8,9,10,12,88,13,15,1,0,21
5,6,7,8,9,10,12,88,13,15,1,0,21
5,6,7,8,9,10,12,88,13,15,1,0,21
5,6,7,8,9,10,12,88,13,15,1,0,21
5,6,7,8,9,10,12,88,13,15,1,0,21
5,6,7,8,9,10,12,88,13,15,1,0,21
5,6,7,8,9,10,12,88,13,15,1,0,21
5,6,7,8,9,10,12,88,13,15,1,0,21
5,6,7,8,9,10,12,88,13,15,1,0,21
5,6,7,8,9,10,12,88,13,15,1,0,21
5,6,7,8,9,10,12,88,13,15,1,0,21
5,6,7,8,9,10,12,88,13,15,1,0,21
5,6,7,8,9,10,12,88,13,15,1,0,21
5,6,7,8,9,10,12,88,13,15,1,0,21
5,6,7,8,9,10,12,88,13,15,1,0,21
5,6,7,8,9,10,12,88,13,15,1,0,21
5,6,7,8,9,10,12,88,13,15,1,0,21
5,6,7,8,9,10,12,88,13,15,1,0,21
5,6,7,8,9,10,12,88,13,15,1,0,21
5,6,7,8,9,10,12,88,13,15,1,0,21
5,6,7,8,9,10,12,88,13,15,1,0,21
5,6,7,8,9,10,12,88,13,15,1,0,21
5,6,7,8,9,10,12,88,13,15,1,0,21
5,6,7,8,9,10,12,88,13,15,1,0,21
5,6,7,8,9,10,12,88,13,15,1,0,21
5,6,7,8,9,10,12,88,13,15,1,0,21
5,6,7,8,9,10,12,88,13,15,1,0,21
5,6,7,8,9,10,12,88,13,15,1,0,21
5,6,7,8,9,10,12,88,13,15,1,0,21
5,6,7,8,9,10,12,88,13,15,1,0,21
5,6,7,8,9,10,12,88,13,15,1,0,21
5,6,7,8,9,10,12,88,13,15,1,0,21
5,6,7,8,9,10,12,88,13,15,1,0,21
5,6,7,8,9,10,12,88,13,15,1,0,21
5,6,7,8,9,10,12,88,13,15,1,0,21
5,6,7,8,9,10,12,88,13,15,1,0,21
5,6,7,8,9,10,12,88,13,15,1,0,21
5,6,7,8,9,10,12,88,13,15,1,0,21
5,6,7,8,9,10,12,88,13,15,1,0,21
5,6,7,8,9,10,12,88,13,15,1,0,21
5,6,7,8,9,10,12,88,13,15,1,0,21
5,6,7,8,9,10,12,88,13,15,1,0,21
5,6,7,8,9,10,12,88,13,15,1,0,21
5,6,7,8,9,10,12,88,13,15,1,0,21
5,6,7,8,9,10,12,88,13,15,1,0,21
5,6,7,8,9,10,12,88,13,15,1,0,21
5,6,7,8,9,10,12,88,13,15,1,0,21
5,6,7,8,9,10,12,88,13,15,1,0,21
5,6,7,8,9,10,12,88,13,15,1,0,21
5,6,7,8,9,10,12,88,13,15,1,0,21
5,6,7,8,9,10,12,88,13,15,1,0,21
5,6,7,8,9,10,12,88,13,15,1,0,21
5,6,7,8,9,10,12,88,13,15,1,0,21
5,6,7,8,9,10,12,88,13,15,1,0,21
5,6,7,8,9,10,12,88,13,15,1,0,21
5,6,7,8,9,10,12,88,13,15,1,0,21
5,6,7,8,9,10,12,88,13,15,1,0,21
5,6,7,8,9,10,12,88,13,15,1,0,21
5,6,7,8,9,10,12,88,13,15,1,0,21
5,6,7,8,9,10,12,88,13,15,1,0,21
5,6,7,8,9,10,12,88,13,15,1,0,21
5,6,7,8,9,10,12,88,13,15,1,0,21
5,6,7,8,9,10,12,88,13,15,1,0,21
5,6,7,8,9,10,12,88,13,15,1,0,21
5,6,7,8,9,10,12,88,13,15,1,0,21
5,6,7,8,9,10,12,88,13,15,1,0,21
5,6,7,8,9,10,12,88,13,15,1,0,21
5,6,7,8,9,10,12,88,13,15,1,0,21
5,6,7,8,9,10,12,88,13,15,1,0,21
5,6,7,8,9,10,12,88,13,15,1,0,21
5,6,7,8,9,10,12,88,13,15,1,0,21
5,6,7,8,9,10,12,88,13,15,1,0,21
5,6,7,8,9,10,12,88,13,15,1,0,21
5,6,7,8,9,10,12,88,13,15,1,0,21
5,6,7,8,9,10,12,88,13,15,1,0,21
5,6,7,8,9,10,12,88,13,15,1,0,21
5,6,7,8,9,10,12,88,13,15,1,0,21
5,6,7,8,9,10,12,88,13,15,1,0,21
5,6,7,8,9,10,12,88,13,15,1,0,21
5,6,7,8,9,10,12,88,13,15,1,0,21
5,6,7,8,9,10,12,88,13,15,1,0,21
5,6,7,8,9,10,12,88,13,15,1,0,21
5,6,7,8,9,10,12,88,13,15,1,0,21
5,6,7,8,9,10,12,88,13,15,1,0,21
5,6,7,8,9,10,12,88,13,15,1,0,21
5,6,7,8,9,10,12,88,13,15,1,0,21
5,6,7,8,9,10,12,88,13,15,1,0,21
5,6,7,8,9,10,12,88,13,15,1,0,21
5,6,7,8,9,10,12,88,13,15,1,0,21
5,6,7,8,9,10,12,88,13,15,1,0,21
5,6,7,8,9,10,12,88,13,15,1,0,21
5,6,7,8,9,10,12,88,13,15,1,0,21
5,6,7,8,9,10,12,88,13,15,1,0,21
5,6,7,8,9,10,12,88,13,15,1,0,21
5,6,7,8,9,10,12,88,13,15,1,0,21
5,6,7,8,9,10,12,88,13,15,1,0,21
5,6,7,8,9,10,12,88,13,15,1,0,21
5,6,7,8,9,10,12,88,13,15,1,0,21
5,6,7,8,9,10,12,88,13,15,1,0,21
5,6,7,8,9,10,12,88,13,15,1,0,21
5,6,7,8,9,10,12,88,13,15,1,0,21
5,6,7,8,9,10,12,88,13,15,1,0,21
5,6,7,8,9,10,12,88,13,15,1,0,21
5,6,7,8,9,10,12,88,13,15,1,0,21
5,6,7,8,9,10,12,88,13,15,1,0,21
5,6,7,8,9,10,12,88,13,15,1,0,21
5,6,7,8,9,10,12,88,13,15,1,0,21
5,6,7,8,9,10,12,88,13,15,1,0,21
5,6,7,8,9,10,12,88,13,15,1,0,21
5,6,7,8,9,10,12,88,13,15,1,0,21
5,6,7,8,9,10,12,88,13,15,1,0,21
5,6,7,8,9,10,12,88,13,15,1,0,21
5,6,7,8,9,10,12,88,13,15,1,0,21
5,6,7,8,9,10,12,88,13,15,1,0,21
5,6,7,8,9,10,12,88,13,15,1,0,21
5,6,7,8,9,10,12,88,13,15,1,0,21
5,6,7,8,9,10,12,88,13,15,1,0,21
5,6,7,8,9,10,12,88,13,15,1,0,21
5,6,7,8,9,10,12,88,13,15,1,0,21
5,6,7,8,9,10,12,88,13,15,1,0,21
5,6,7,8,9,10,12,88,13,15,1,0,21
5,6,7,8,9,10,12,88,13,15,1,0,21
5,6,7,8,9,10,12,88,13,15,1,0,21
5,6,7,8,9,10,12,88,13,15,1,0,21
5,6,7,8,9,10,12,88,13,15,1,0,21
5,6,7,8,9,10,12,88,13,15,1,0,21
5,6,7,8,9,10,12,88,13,15,1,0,21
5,6,7,8,9,10,12,88,13,15,1,0,21
5,6,7,8,9,10,12,88,13,15,1,0,21
5,6,7,8,9,10,12,88,13,15,1,0,21
5,6,7,8,9,10,12,88,13,15,1,0,21
5,6,7,8,9,10,12,88,13,15,1,0,21
5,6,7,8,9,10,12,88,13,15,1,0,21
5,6,7,8,9,10,12,88,13,15,1,0,21
5,6,7,8,9,10,12,88,13,15,1,0,21
5,6,7,8,9,10,12,88,13,15,1,0,21
5,6,7,8,9,10,12,88,13,15,1,0,21
5,6,7,8,9,10,12,88,13,15,1,0,21
5,6,7,8,9,10,12,88,13,15,1,0,21
5,6,7,8,9,10,12,88,13,15,1,0,21
5,6,7,8,9,10,12,88,13,15,1,0,21
5,6,7,8,9,10,12,88,13,15,1,0,21
5,6,7,8,9,10,12,88,13,15,1,0,21
5,6,7,8,9,10,12,88,13,15,1,0,21
5,6,7,8,9,10,12,88,13,15,1,0,21
5,6,7,8,9,10,12,88,13,15,1,0,21
5,6,7,8,9,10,12,88,13,15,1,0,21
5,6,7,8,9,10,12,88,13,15,1,0,21
5,6,7,8,9,10,12,88,13,15,1,0,21
5,6,7,8,9,10,12,88,13,15,1,0,21
5,6,7,8,9,10,12,88,13,15,1,0,21
5,6,7,8,9,10,12,88,13,15,1,0,21
5,6,7,8,9,10,12,88,13,15,1,0,21
5,6,7,8,9,10,12,88,13,15,1,0,21
5,6,7,8,9,10,12,88,13,15,1,0,21
5,6,7,8,9,10,12,88,13,15,1,0,21
5,6,7,8,9,10,12,88,13,15,1,0,21
5,6,7,8,9,10,12,88,13,15,1,0,21
5,6,7,8,9,10,12,88,13,15,1,0,21
5,6,7,8,9,10,12,88,13,15,1,0,21
5,6,7,8,9,10,12,88,13,15,1,0,21
5,6,7,8,9,10,12,88,13,15,1,0,21
5,6,7,8,9,10,12,88,13,15,1,0,21
5,6,7,8,9,10,12,88,13,15,1,0,21
5,6,7,8,9,10,12,88,13,15,1,0,21
5,6,7,8,9,10,12,88,13,15,1,0,21
5,6,7,8,9,10,12,88,13,15,1,0,21
5,6,7,8,9,10,12,88,13,15,1,0,21
5,6,7,8,9,10,12,88,13,15,1,0,21
5,6,7,8,9,10,12,88,13,15,1,0,21
5,6,7,8,9,10,12,88,13,15,1,0,21
5,6,7,8,9,10,12,88,13,15,1,0,21
5,6,7,8,9,10,12,88,13,15,1,0,21
5,6,7,8,9,10,12,88,13,15,1,0,21
5,6,7,8,9,10,12,88,13,15,1,0,21
5,6,7,8,9,10,12,88,13,15,1,0,21
5,6,7,8,9,10,12,88,13,15,1,0,21
5,6,7,8,9,10,12,88,13,15,1,0,21
5,6,7,8,9,10,12,88,13,15,1,0,21
5,6,7,8,9,10,12,88,13,15,1,0,21
5,6,7,8,9,10,12,88,13,15,1,0,21
5,6,7,8,9,10,12,88,13,15,1,0,21
5,6,7,8,9,10,12,88,13,15,1,0,21
5,6,7,8,9,10,12,88,13,15,1,0,21
5,6,7,8,9,10,12,88,13,15,1,0,21
5,6,7,8,9,10,12,88,13,15,1,0,21
5,6,7,8,9,10,12,88,13,15,1,0,21
5,6,7,8,9,10,12,88,13,15,1,0,21
5,6,7,8,9,10,12,88,13,15,1,0,21
5,6,7,8,9,10,12,88,13,15,1,0,21
5,6,7,8,9,10,12,88,13,15,1,0,21
5,6,7,8,9,10,12,88,13,15,1,0,21
5,6,7,8,9,10,12,88,13,15,1,0,21
5,6,7,8,9,10,12,88,13,15,1,0,21
5,6,7,8,9,10,12,88,13,15,1,0,21
5,6,7,8,9,10,12,88,13,15,1,0,21
5,6,7,8,9,10,12,88,13,15,1,0,21
5,6,7,8,9,10,12,88,13,15,1,0,21
5,6,7,8,9,10,12,88,13,15,1,0,21
5,6,7,8,9,10,12,88,13,15,1,0,21
5,6,7,8,9,10,12,88,13,15,1,0,21
5,6,7,8,9,10,12,88,13,15,1,0,21
5,6,7,8,9,10,12,88,13,15,1,0,21
5,6,7,8,9,10,12,88,13,15,1,0,21
5,6,7,8,9,10,12,88,13,15,1,0,21
5,6,7,8,9,10,12,88,13,15,1,0,21
5,6,7,8,9,10,12,88,13,15,1,0,21
5,6,7,8,9,10,12,88,13,15,1,0,21
5,6,7,8,9,10,12,88,13,15,1,0,21
5,6,7,8,9,10,12,88,13,15,1,0,21
5,6,7,8,9,10,12,88,13,15,1,0,21
5,6,7,8,9,10,12,88,13,15,1,0,21
5,6,7,8,9,10,12,88,13,15,1,0,21
5,6,7,8,9,10,12,88,13,15,1,0,21
5,6,7,8,9,10,12,88,13,15,1,0,21
5,6,7,8,9,10,12,88,13,15,1,0,21
5,6,7,8,9,10,12,88,13,15,1,0,21
5,6,7,8,9,10,12,88,13,15,1,0,21
5,6,7,8,9,10,12,88,13,15,1,0,21
5,6,7,8,9,10,12,88,13,15,1,0,21
5,6,7,8,9,10,12,88,13,15,1,0,21
5,6,7,8,9,10,12,88,13,15,1,0,21
5,6,7,8,9,10,12,88,13,15,1,0,21
5,6,7,8,9,10,12,88,13,15,1,0,21
5,6,7,8,9,10,12,88,13,15,1,0,21
5,6,7,8,9,10,12,88,13,15,1,0,21
5,6,7,8,9,10,12,88,13,15,1,0,21
5,6,7,8,9,10,12,88,13,15,1,0,21
5,6,7,8,9,10,12,88,13,15,1,0,21
5,6,7,8,9,10,12,88,13,15,1,0,21
5,6,7,8,9,10,12,88,13,15,1,0,21
5,6,7,8,9,10,12,88,13,15,1,0,21
5,6,7,8,9,10,12,88,13,15,1,0,21
5,6,7,8,9,10,12,88,13,15,1,0,21
5,6,7,8,9,10,12,88,13,15,1,0,21
5,6,7,8,9,10,12,88,13,15,1,0,21
5,6,7,8,9,10,12,88,13,15,1,0,21
5,6,7,8,9,10,12,88,13,15,1,0,21
5,6,7,8,9,10,12,88,13,15,1,0,21
5,6,7,8,9,10,12,88,13,15,1,0,21
5,6,7,8,9,10,12,88,13,15,1,0,21
5,6,7,8,9,10,12,88,13,15,1,0,21
5,6,7,8,9,10,12,88,13,15,1,0,21
5,6,7,8,9,10,12,88,13,15,1,0,21
5,6,7,8,9,10,12,88,13,15,1,0,21
5,6,7,8,9,10,12,88,13,15,1,0,21
5,6,7,8,9,10,12,88,13,15,1,0,21
5,6,7,8,9,10,12,88,13,15,1,0,21
5,6,7,8,9,10,12,88,13,15,1,0,21
5,6,7,8,9,10,12,88,13,15,1,0,21
5,6,7,8,9,10,12,88,13,15,1,0,21
5,6,7,8,9,10,12,88,13,15,1,0,21
5,6,7,8,9,10,12,88,13,15,1,0,21
5,6,7,8,9,10,12,88,13,15,1,0,21
5,6,7,8,9,10,12,88,13,15,1,0,21
5,6,7,8,9,10,12,88,13,15,1,0,21
5,6,7,8,9,10,12,88,13,15,1,0,21
5,6,7,8,9,10,12,88,13,15,1,0,21
5,6,7,8,9,10,12,88,13,15,1,0,21
5,6,7,8,9,10,12,88,13,15,1,0,21
5,6,7,8,9,10,12,88,13,15,1,0,21
5,6,7,8,9,10,12,88,13,15,1,0,21
5,6,7,8,9,10,12,88,13,15,1,0,21
5,6,7,8,9,10,12,88,13,15,1,0,21
5,6,7,8,9,10,12,88,13,15,1,0,21
5,6,7,8,9,10,12,88,13,15,1,0,21
5,6,7,8,9,10,12,88,13,15,1,0,21
5,6,7,8,9,10,12,88,13,15,1,0,21
5,6,7,8,9,10,12,88,13,15,1,0,21
5,6,7,8,9,10,12,88,13,15,1,0,21
5,6,7,8,9,10,12,88,13,15,1,0,21
5,6,7,8,9,10,12,88,13,15,1,0,21
5,6,7,8,9,10,12,88,13,15,1,0,21
5,6,7,8,9,10,12,88,13,15,1,0,21
5,6,7,8,9,10,12,88,13,15,1,0,21
5,6,7,8,9,10,12,88,13,15,1,0,21
5,6,7,8,9,10,12,88,13,15,1,0,21
5,6,7,8,9,10,12,88,13,15,1,0,21
5,6,7,8,9,10,12,88,13,15,1,0,21
5,6,7,8,9,10,12,88,13,15,1,0,21
5,6,7,8,9,10,12,88,13,15,1,0,21
5,6,7,8,9,10,12,88,13,15,1,0,21
5,6,7,8,9,10,12,88,13,15,1,0,21
5,6,7,8,9,10,12,88,13,15,1,0,21
5,6,7,8,9,10,12,88,13,15,1,0,21
5,6,7,8,9,10,12,88,13,15,1,0,21
5,6,7,8,9,10,12,88,13,15,1,0,21
5,6,7,8,9,10,12,88,13,15,1,0,21
5,6,7,8,9,10,12,88,13,15,1,0,21
5,6,7,8,9,10,12,88,13,15,1,0,21
5,6,7,8,9,10,12,88,13,15,1,0,21
5,6,7,8,9,10,12,88,13,15,1,0,21
5,6,7,8,9,10,12,88,13,15,1,0,21
5,6,7,8,9,10,12,88,13,15,1,0,21
5,6,7,8,9,10,12,88,13,15,1,0,21
5,6,7,8,9,10,12,88,13,15,1,0,21
5,6,7,8,9,10,12,88,13,15,1,0,21
5,6,7,8,9,10,12,88,13,15,1,0,21
5,6,7,8,9,10,12,88,13,15,1,0,21
5,6,7,8,9,10,12,88,13,15,1,0,21
5,6,7,8,9,10,12,88,13,15,1,0,21
5,6,7,8,9,10,12,88,13,15,1,0,21
5,6,7,8,9,10,12,88,13,15,1,0,21
5,6,7,8,9,10,12,88,13,15,1,0,21
5,6,7,8,9,10,12,88,13,15,1,0,21
5,6,7,8,9,10,12,88,13,15,1,0,21
5,6,7,8,9,10,12,88,13,15,1,0,21
5,6,7,8,9,10,12,88,13,15,1,0,21
5,6,7,8,9,10,12,88,13,15,1,0,21
5,6,7,8,9,10,12,88,13,15,1,0,21
5,6,7,8,9,10,12,88,13,15,1,0,21
5,6,7,8,9,10,12,88,13,15,1,0,21
5,6,7,8,9,10,12,88,13,15,1,0,21
5,6,7,8,9,10,12,88,13,15,1,0,21
5,6,7,8,9,10,12,88,13,15,1,0,21
5,6,7,8,9,10,12,88,13,15,1,0,21
5,6,7,8,9,10,12,88,13,15,1,0,21
5,6,7,8,9,10,12,88,13,15,1,0,21
5,6,7,8,9,10,12,88,13,15,1,0,21
5,6,7,8,9,10,12,88,13,15,1,0,21
5,6,7,8,9,10,12,88,13,15,1,0,21
5,6,7,8,9,10,12,88,13,15,1,0,21
5,6,7,8,9,10,12,88,13,15,1,0,21
5,6,7,8,9,10,12,88,13,15,1,0,21
5,6,7,8,9,10,12,88,13,15,1,0,21
5,6,7,8,9,10,12,88,13,15,1,0,21
5,6,7,8,9,10,12,88,13,15,1,0,21
5,6,7,8,9,10,12,88,13,15,1,0,21
5,6,7,8,9,10,12,88,13,15,1,0,21
5,6,7,8,9,10,12,88,13,15,1,0,21
5,6,7,8,9,10,12,88,13,15,1,0,21
5,6,7,8,9,10,12,88,13,15,1,0,21
5,6,7,8,9,10,12,88,13,15,1,0,21
5,6,7,8,9,10,12,88,13,15,1,0,21
5,6,7,8,9,10,12,88,13,15,1,0,21
5,6,7,8,9,10,12,88,13,15,1,0,21
5,6,7,8,9,10,12,88,13,15,1,0,21
5,6,7,8,9,10,12,88,13,15,1,0,21
5,6,7,8,9,10,12,88,13,15,1,0,21
5,6,7,8,9,10,12,88,13,15,1,0,21
5,6,7,8,9,10,12,88,13,15,1,0,21
5,6,7,8,9,10,12,88,13,15,1,0,21
5,6,7,8,9,10,12,88,13,15,1,0,21
5,6,7,8,9,10,12,88,13,15,1,0,21
5,6,7,8,9,10,12,88,13,15,1,0,21
5,6,7,8,9,10,12,88,13,15,1,0,21
5,6,7,8,9,10,12,88,13,15,1,0,21
5,6,7,8,9,10,12,88,13,15,1,0,21
5,6,7,8,9,10,12,88,13,15,1,0,21
5,6,7,8,9,10,12,88,13,15,1,0,21
5,6,7,8,9,10,12,88,13,15,1,0,21
5,6,7,8,9,10,12,88,13,15,1,0,21
5,6,7,8,9,10,12,88,13,15,1,0,21
5,6,7,8,9,10,12,88,13,15,1,0,21
5,6,7,8,9,10,12,88,13,15,1,0,21
5,6,7,8,9,10,12,88,13,15,1,0,21
5,6,7,8,9,10,12,88,13,15,1,0,21
5,6,7,8,9,10,12,88,13,15,1,0,21
5,6,7,8,9,10,12,88,13,15,1,0,21
5,6,7,8,9,10,12,88,13,15,1,0,21
5,6,7,8,9,10,12,88,13,15,1,0,21
5,6,7,8,9,10,12,88,13,15,1,0,21
5,6,7,8,9,10,12,88,13,15,1,0,21
5,6,7,8,9,10,12,88,13,15,1,0,21
5,6,7,8,9,10,12,88,13,15,1,0,21
5,6,7,8,9,10,12,88,13,15,1,0,21
5,6,7,8,9,10,12,88,13,15,1,0,21
5,6,7,8,9,10,12,88,13,15,1,0,21
5,6,7,8,9,10,12,88,13,15,1,0,21
5,6,7,8,9,10,12,88,13,15,1,0,21
5,6,7,8,9,10,12,88,13,15,1,0,21
5,6,7,8,9,10,12,88,13,15,1,0,21
5,6,7,8,9,10,12,88,13,15,1,0,21
5,6,7,8,9,10,12,88,13,15,1,0,21
5,6,7,8,9,10,12,88,13,15,1,0,21
5,6,7,8,9,10,12,88,13,15,1,0,21
5,6,7,8,9,10,12,88,13,15,1,0,21
5,6,7,8,9,10,12,88,13,15,1,0,21
5,6,7,8,9,10,12,88,13,15,1,0,21
5,6,7,8,9,10,12,88,13,15,1,0,21
5,6,7,8,9,10,12,88,13,15,1,0,21
5,6,7,8,9,10,12,88,13,15,1,0,21
5,6,7,8,9,10,12,88,13,15,1,0,21
5,6,7,8,9,10,12,88,13,15,1,0,21
5,6,7,8,9,10,12,88,13,15,1,0,21
5,6,7,8,9,10,12,88,13,15,1,0,21
5,6,7,8,9,10,12,88,13,15,1,0,21
5,6,7,8,9,10,12,88,13,15,1,0,21
5,6,7,8,9,10,12,88,13,15,1,0,21
5,6,7,8,9,10,12,88,13,15,1,0,21
5,6,7,8,9,10,12,88,13,15,1,0,21
5,6,7,8,9,10,12,88,13,15,1,0,21
5,6,7,8,9,10,12,88,13,15,1,0,21
5,6,7,8,9,10,12,88,13,15,1,0,21
5,6,7,8,9,10,12,88,13,15,1,0,21
5,6,7,8,9,10,12,88,13,15,1,0,21
5,6,7,8,9,10,12,88,13,15,1,0,21
5,6,7,8,9,10,12,88,13,15,1,0,21
5,6,7,8,9,10,12,88,13,15,1,0,21
5,6,7,8,9,10,12,88,13,15,1,0,21
5,6,7,8,9,10,12,88,13,15,1,0,21
5,6,7,8,9,10,12,88,13,15,1,0,21
5,6,7,8,9,10,12,88,13,15,1,0,21
5,6,7,8,9,10,12,88,13,15,1,0,21
5,6,7,8,9,10,12,88,13,15,1,0,21
5,6,7,8,9,10,12,88,13,15,1,0,21
5,6,7,8,9,10,12,88,13,15,1,0,21
5,6,7,8,9,10,12,88,13,15,1,0,21
5,6,7,8,9,10,12,88,13,15,1,0,21
5,6,7,8,9,10,12,88,13,15,1,0,21
5,6,7,8,9,10,12,88,13,15,1,0,21
5,6,7,8,9,10,12,88,13,15,1,0,21
5,6,7,8,9,10,12,88,13,15,1,0,21
5,6,7,8,9,10,12,88,13,15,1,0,21
5,6,7,8,9,10,12,88,13,15,1,0,21
5,6,7,8,9,10,12,88,13,15,1,0,21
5,6,7,8,9,10,12,88,13,15,1,0,21
5,6,7,8,9,10,12,88,13,15,1,0,21
5,6,7,8,9,10,12,88,13,15,1,0,21
5,6,7,8,9,10,12,88,13,15,1,0,21
5,6,7,8,9,10,12,88,13,15,1,0,21
5,6,7,8,9,10,12,88,13,15,1,0,21
5,6,7,8,9,10,12,88,13,15,1,0,21
5,6,7,8,9,10,12,88,13,15,1,0,21
5,6,7,8,9,10,12,88,13,15,1,0,21
5,6,7,8,9,10,12,88,13,15,1,0,21
5,6,7,8,9,10,12,88,13,15,1,0,21
5,6,7,8,9,10,12,88,13,15,1,0,21
5,6,7,8,9,10,12,88,13,15,1,0,21
5,6,7,8,9,10,12,88,13,15,1,0,21
5,6,7,8,9,10,12,88,13,15,1,0,21
5,6,7,8,9,10,12,88,13,15,1,0,21
5,6,7,8,9,10,12,88,13,15,1,0,21
5,6,7,8,9,10,12,88,13,15,1,0,21
5,6,7,8,9,10,12,88,13,15,1,0,21
5,6,7,8,9,10,12,88,13,15,1,0,21
5,6,7,8,9,10,12,88,13,15,1,0,21
5,6,7,8,9,10,12,88,13,15,1,0,21
5,6,7,8,9,10,12,88,13,15,1,0,21
5,6,7,8,9,10,12,88,13,15,1,0,21
5,6,7,8,9,10,12,88,13,15,1,0,21
5,6,7,8,9,10,12,88,13,15,1,0,21
5,6,7,8,9,10,12,88,13,15,1,0,21
5,6,7,8,9,10,12,88,13,15,1,0,21
5,6,7,8,9,10,12,88,13,15,1,0,21
5,6,7,8,9,10,12,88,13,15,1,0,21
5,6,7,8,9,10,12,88,13,15,1,0,21
5,6,7,8,9,10,12,88,13,15,1,0,21
5,6,7,8,9,10,12,88,13,15,1,0,21
5,6,7,8,9,10,12,88,13,15,1,0,21
5,6,7,8,9,10,12,88,13,15,1,0,21
5,6,7,8,9,10,12,88,13,15,1,0,21
5,6,7,8,9,10,12,88,13,15,1,0,21
5,6,7,8,9,10,12,88,13,15,1,0,21
5,6,7,8,9,10,12,88,13,15,1,0,21
5,6,7,8,9,10,12,88,13,15,1,0,21
5,6,7,8,9,10,12,88,13,15,1,0,21
5,6,7,8,9,10,12,88,13,15,1,0,21
5,6,7,8,9,10,12,88,13,15,1,0,21
5,6,7,8,9,10,12,88,13,15,1,0,21
5,6,7,8,9,10,12,88,13,15,1,0,21
5,6,7,8,9,10,12,88,13,15,1,0,21
5,6,7,8,9,10,12,88,13,15,1,0,21
5,6,7,8,9,10,12,88,13,15,1,0,21
5,6,7,8,9,10,12,88,13,15,1,0,21
5,6,7,8,9,10,2,1,15,17,18,0,21
5,6,7,8,9,10,2,1,15,17,18,0,21
5,6,7,8,9,10,2,1,15,17,18,0,21
5,6,7,8,9,10,2,1,15,17,18,0,21
5,6,7,8,9,10,2,1,15,17,18,0,21
5,6,7,8,9,10,2,1,15,17,18,0,21
5,6,7,8,9,10,2,1,15,17,18,0,21
5,6,7,8,9,10,2,1,15,17,18,0,21
5,6,7,8,9,10,2,1,15,17,18,0,21
5,6,7,8,9,10,2,1,15,17,18,0,21
5,6,7,8,9,10,2,1,15,17,18,0,21
5,6,7,8,9,10,2,1,15,17,18,0,21
5,6,7,8,9,10,2,1,15,17,18,0,21
5,6,7,8,9,10,2,1,15,17,18,0,21
5,6,7,8,9,10,2,1,15,17,18,0,21
5,6,7,8,9,10,2,1,15,17,18,0,21
5,6,7,8,9,10,2,1,15,17,18,0,21
5,6,7,8,9,10,2,1,15,17,18,0,21
5,6,7,8,9,10,2,1,15,17,18,0,21
5,6,7,8,9,10,2,1,15,17,18,0,21
5,6,7,8,9,10,2,1,15,17,18,0,21
5,6,7,8,9,10,2,1,15,17,18,0,21
5,6,7,8,9,10,2,1,15,17,18,0,21
5,6,7,8,9,10,2,1,15,17,18,0,21
5,6,7,8,9,10,2,1,15,17,18,0,21
5,6,7,8,9,10,2,1,15,17,18,0,21
5,6,7,8,9,10,2,1,15,17,18,0,21
5,6,7,8,9,10,2,1,15,17,18,0,21
5,6,7,8,9,10,2,1,15,17,18,0,21
5,6,7,8,9,10,2,1,15,17,18,0,21
5,6,7,8,9,10,2,1,15,17,18,0,21
5,6,7,8,9,10,2,1,15,17,18,0,21
5,6,7,8,9,10,2,1,15,17,18,0,21
5,6,7,8,9,10,2,1,15,17,18,0,21
5,6,7,8,9,10,2,1,15,17,18,0,21
5,6,7,8,9,10,2,1,15,17,18,0,21
5,6,7,8,9,10,2,1,15,17,18,0,21
5,6,7,8,9,10,2,1,15,17,18,0,21
5,6,7,8,9,10,2,1,15,17,18,0,21
5,6,7,8,9,10,2,1,15,17,18,0,21
5,6,7,8,9,10,2,1,15,17,18,0,21
5,6,7,8,9,10,2,1,15,17,18,0,21
5,6,7,8,9,10,2,1,15,17,18,0,21
5,6,7,8,9,10,2,1,15,17,18,0,21
5,6,7,8,9,10,2,1,15,17,18,0,21
5,6,7,8,9,10,2,1,15,17,18,0,21
5,6,7,8,9,10,2,1,15,17,18,0,21
5,6,7,8,9,10,2,1,15,17,18,0,21
5,6,7,8,9,10,2,1,15,17,18,0,21
5,6,7,8,9,10,2,1,15,17,18,0,21
5,6,7,8,9,10,2,1,15,17,18,0,21
5,6,7,8,9,10,2,1,15,17,18,0,21
5,6,7,8,9,10,2,1,15,17,18,0,21
5,6,7,8,9,10,2,1,15,17,18,0,21
5,6,7,8,9,10,2,1,15,17,18,0,21
5,6,7,8,9,10,2,1,15,17,18,0,21
5,6,7,8,9,10,2,1,15,17,18,0,21
5,6,7,8,9,10,2,1,15,17,18,0,21
5,6,7,8,9,10,2,1,15,17,18,0,21
5,6,7,8,9,10,2,1,15,17,18,0,21
5,6,7,8,9,10,2,1,15,17,18,0,21
5,6,7,8,9,10,2,1,15,17,18,0,21
5,6,7,8,9,10,2,1,15,17,18,0,21
5,6,7,8,9,10,2,1,15,17,18,0,21
5,6,7,8,9,10,2,1,15,17,18,0,21
5,6,7,8,9,10,2,1,15,17,18,0,21
5,6,7,8,9,10,2,1,15,17,18,0,21
5,6,7,8,9,10,2,1,15,17,18,0,21
5,6,7,8,9,10,2,1,15,17,18,0,21
5,6,7,8,9,10,2,1,15,17,18,0,21
5,6,7,8,9,10,2,1,15,17,18,0,21
5,6,7,8,9,10,2,1,15,17,18,0,21
5,6,7,8,9,10,2,1,15,17,18,0,21
5,6,7,8,9,10,2,1,15,17,18,0,21
5,6,7,8,9,10,2,1,15,17,18,0,21
5,6,7,8,9,10,2,1,15,17,18,0,21
5,6,7,8,9,10,2,1,15,17,18,0,21
5,6,7,8,9,10,2,1,15,17,18,0,21
5,6,7,8,9,10,2,1,15,17,18,0,21
5,6,7,8,9,10,2,1,15,17,18,0,21
5,6,7,8,9,10,2,1,15,17,18,0,21
5,6,7,8,9,10,2,1,15,17,18,0,21
5,6,7,8,9,10,2,1,15,17,18,0,21
5,6,7,8,9,10,2,1,15,17,18,0,21
5,6,7,8,9,10,2,1,15,17,18,0,21
5,6,7,8,9,10,2,1,15,17,18,0,21
5,6,7,8,9,10,2,1,15,17,18,0,21
5,6,7,8,9,10,2,1,15,17,18,0,21
5,6,7,8,9,10,2,1,15,17,18,0,21
5,6,7,8,9,10,2,1,15,17,18,0,21
5,6,7,8,9,10,2,1,15,17,18,0,21
5,6,7,8,9,10,2,1,15,17,18,0,21
5,6,7,8,9,10,2,1,15,17,18,0,21
5,6,7,8,9,10,2,1,15,17,18,0,21
5,6,7,8,9,10,2,1,15,17,18,0,21
5,6,7,8,9,10,2,1,15,17,18,0,21
5,6,7,8,9,10,2,1,15,17,18,0,21
5,6,7,8,9,10,2,1,15,17,18,0,21
5,6,7,8,9,10,2,1,15,17,18,0,21
5,6,7,8,9,10,2,1,15,17,18,0,21
5,6,7,8,9,10,2,1,15,17,18,0,21
5,6,7,8,9,10,2,1,15,17,18,0,21
5,6,7,8,9,10,2,1,15,17,18,0,21
5,6,7,8,9,10,2,1,15,17,18,0,21
5,6,7,8,9,10,2,1,15,17,18,0,21
5,6,7,8,9,10,2,1,15,17,18,0,21
5,6,7,8,9,10,2,1,15,17,18,0,21
5,6,7,8,9,10,2,1,15,17,18,0,21
5,6,7,8,9,10,2,1,15,17,18,0,21
5,6,7,8,9,10,2,1,15,17,18,0,21
5,6,7,8,9,10,2,1,15,17,18,0,21
5,6,7,8,9,10,2,1,15,17,18,0,21
5,6,7,8,9,10,2,1,15,17,18,0,21
5,6,7,8,9,10,2,1,15,17,18,0,21
5,6,7,8,9,10,2,1,15,17,18,0,21
5,6,7,8,9,10,2,1,15,17,18,0,21
5,6,7,8,9,10,2,1,15,17,18,0,21
5,6,7,8,9,10,2,1,15,17,18,0,21
5,6,7,8,9,10,2,1,15,17,18,0,21
5,6,7,8,9,10,2,1,15,17,18,0,21
5,6,7,8,9,10,2,1,15,17,18,0,21
5,6,7,8,9,10,2,1,15,17,18,0,21
5,6,7,8,9,10,2,1,15,17,18,0,21
5,6,7,8,9,10,2,1,15,17,18,0,21
5,6,7,8,9,10,2,1,15,17,18,0,21
5,6,7,8,9,10,2,1,15,17,18,0,21
5,6,7,8,9,10,2,1,15,17,18,0,21
5,6,7,8,9,10,2,1,15,17,18,0,21
5,6,7,8,9,10,2,1,15,17,18,0,21
5,6,7,8,9,10,2,1,15,17,18,0,21
5,6,7,8,9,10,2,1,15,17,18,0,21
5,6,7,8,9,10,2,1,15,17,18,0,21
5,6,7,8,9,10,2,1,15,17,18,0,21
5,6,7,8,9,10,2,1,15,17,18,0,21
5,6,7,8,9,10,2,1,15,17,18,0,21
5,6,7,8,9,10,2,1,15,17,18,0,21
5,6,7,8,9,10,2,1,15,17,18,0,21
5,6,7,8,9,10,2,1,15,17,18,0,21
5,6,7,8,9,10,2,1,15,17,18,0,21
5,6,7,8,9,10,2,1,15,17,18,0,21
5,6,7,8,9,10,2,1,15,17,18,0,21
5,6,7,8,9,10,2,1,15,17,18,0,21
5,6,7,8,9,10,2,1,15,17,18,0,21
5,6,7,8,9,10,2,1,15,17,18,0,21
5,6,7,8,9,10,2,1,15,17,18,0,21
5,6,7,8,9,10,2,1,15,17,18,0,21
5,6,7,8,9,10,2,1,15,17,18,0,21
5,6,7,8,9,10,2,1,15,17,18,0,21
5,6,7,8,9,10,2,1,15,17,18,0,21
5,6,7,8,9,10,2,1,15,17,18,0,21
5,6,7,8,9,10,2,1,15,17,18,0,21
5,6,7,8,9,10,2,1,15,17,18,0,21
5,6,7,8,9,10,2,1,15,17,18,0,21
5,6,7,8,9,10,2,1,15,17,18,0,21
5,6,7,8,9,10,2,1,15,17,18,0,21
5,6,7,8,9,10,2,1,15,17,18,0,21
5,6,7,8,9,10,2,1,15,17,18,0,21
5,6,7,8,9,10,2,1,15,17,18,0,21
5,6,7,8,9,10,2,1,15,17,18,0,21
5,6,7,8,9,10,2,1,15,17,18,0,21
5,6,7,8,9,10,2,1,15,17,18,0,21
5,6,7,8,9,10,2,1,15,17,18,0,21
5,6,7,8,9,10,2,1,15,17,18,0,21
5,6,7,8,9,10,2,1,15,17,18,0,21
5,6,7,8,9,10,2,1,15,17,18,0,21
5,6,7,8,9,10,2,1,15,17,18,0,21
5,6,7,8,9,10,2,1,15,17,18,0,21
5,6,7,8,9,10,2,1,15,17,18,0,21
5,6,7,8,9,10,2,1,15,17,18,0,21
5,6,7,8,9,10,2,1,15,17,18,0,21
5,6,7,8,9,10,2,1,15,17,18,0,21
5,6,7,8,9,10,2,1,15,17,18,0,21
5,6,7,8,9,10,2,1,15,17,18,0,21
5,6,7,8,9,10,2,1,15,17,18,0,21
5,6,7,8,9,10,2,1,15,17,18,0,21
5,6,7,8,9,10,2,1,15,17,18,0,21
5,6,7,8,9,10,2,1,15,17,18,0,21
5,6,7,8,9,10,2,1,15,17,18,0,21
5,6,7,8,9,10,2,1,15,17,18,0,21
5,6,7,8,9,10,2,1,15,17,18,0,21
5,6,7,8,9,10,2,1,15,17,18,0,21
5,6,7,8,9,10,2,1,15,17,18,0,21
5,6,7,8,9,10,2,1,15,17,18,0,21
5,6,7,8,9,10,2,1,15,17,18,0,21
5,6,7,8,9,10,2,1,15,17,18,0,21
5,6,7,8,9,10,2,1,15,17,18,0,21
5,6,7,8,9,10,2,1,15,17,18,0,21
5,6,7,8,9,10,2,1,15,17,18,0,21
5,6,7,8,9,10,2,1,15,17,18,0,21
5,6,7,8,9,10,2,1,15,17,18,0,21
5,6,7,8,9,10,2,1,15,17,18,0,21
5,6,7,8,9,10,2,1,15,17,18,0,21
5,6,7,8,9,10,2,1,15,17,18,0,21
5,6,7,8,9,10,2,1,15,17,18,0,21
5,6,7,8,9,10,2,1,15,17,18,0,21
5,6,7,8,9,10,2,1,15,17,18,0,21
5,6,7,8,9,10,2,1,15,17,18,0,21
5,6,7,8,9,10,2,1,15,17,18,0,21
5,6,7,8,9,10,2,1,15,17,18,0,21
5,6,7,8,9,10,2,1,15,17,18,0,21
5,6,7,8,9,10,2,1,15,17,18,0,21
5,6,7,8,9,10,2,1,15,17,18,0,21
5,6,7,8,9,10,2,1,15,17,18,0,21
5,6,7,8,9,10,2,1,15,17,18,0,21
5,6,7,8,9,10,2,1,15,17,18,0,21
5,6,7,8,9,10,2,1,15,17,18,0,21
5,6,7,8,9,10,2,1,15,17,18,0,21
5,6,7,8,9,10,2,1,15,17,18,0,21
5,6,7,8,9,10,2,1,15,17,18,0,21
5,6,7,8,9,10,2,1,15,17,18,0,21
5,6,7,8,9,10,2,1,15,17,18,0,21
5,6,7,8,9,10,2,1,15,17,18,0,21
5,6,7,8,9,10,2,1,15,17,18,0,21
5,6,7,8,9,10,2,1,15,17,18,0,21
5,6,7,8,9,10,2,1,15,17,18,0,21
5,6,7,8,9,10,2,1,15,17,18,0,21
5,6,7,8,9,10,2,1,15,17,18,0,21
5,6,7,8,9,10,2,1,15,17,18,0,21
5,6,7,8,9,10,2,1,15,17,18,0,21
5,6,7,8,9,10,2,1,15,17,18,0,21
5,6,7,8,9,10,2,1,15,17,18,0,21
5,6,7,8,9,10,2,1,15,17,18,0,21
5,6,7,8,9,10,2,1,15,17,18,0,21
5,6,7,8,9,10,2,1,15,17,18,0,21
5,6,7,8,9,10,2,1,15,17,18,0,21
5,6,7,8,9,10,2,1,15,17,18,0,21
5,6,7,8,9,10,2,1,15,17,18,0,21
5,6,7,8,9,10,2,1,15,17,18,0,21
5,6,7,8,9,10,2,1,15,17,18,0,21
5,6,7,8,9,10,2,1,15,17,18,0,21
5,6,7,8,9,10,2,1,15,17,18,0,21
5,6,7,8,9,10,2,1,15,17,18,0,21
5,6,7,8,9,10,2,1,15,17,18,0,21
5,6,7,8,9,10,2,1,15,17,18,0,21
5,6,7,8,9,10,2,1,15,17,18,0,21
5,6,7,8,9,10,2,1,15,17,18,0,21
5,6,7,8,9,10,2,1,15,17,18,0,21
5,6,7,8,9,10,2,1,15,17,18,0,21
5,6,7,8,9,10,2,1,15,17,18,0,21
5,6,7,8,9,10,2,1,15,17,18,0,21
5,6,7,8,9,10,2,1,15,17,18,0,21
5,6,7,8,9,10,2,1,15,17,18,0,21
5,6,7,8,9,10,2,1,15,17,18,0,21
5,6,7,8,9,10,2,1,15,17,18,0,21
5,6,7,8,9,10,2,1,15,17,18,0,21
5,6,7,8,9,10,2,1,15,17,18,0,21
5,6,7,8,9,10,2,1,15,17,18,0,21
5,6,7,8,9,10,2,1,15,17,18,0,21
5,6,7,8,9,10,2,1,15,17,18,0,21
5,6,7,8,9,10,2,1,15,17,18,0,21
5,6,7,8,9,10,2,1,15,17,18,0,21
5,6,7,8,9,10,2,1,15,17,18,0,21
5,6,7,8,9,10,2,1,15,17,18,0,21
5,6,7,8,9,10,2,1,15,17,18,0,21
5,6,7,8,9,10,2,1,15,17,18,0,21
5,6,7,8,9,10,2,1,15,17,18,0,21
5,6,7,8,10,12,88,13,15,16,17,18,19,20,21
5,6,7,8,10,12,88,13,15,16,17,18,19,20,21
5,6,7,8,10,12,88,13,15,16,17,18,19,20,21
5,6,7,8,10,12,88,13,15,16,17,18,19,20,21
5,6,7,8,10,12,88,13,15,16,17,18,19,20,21
5,6,7,8,10,12,88,13,15,16,17,18,19,20,21
5,6,7,8,10,12,88,13,15,16,17,18,19,20,21
5,6,7,8,10,12,88,13,15,16,17,18,19,20,21
5,6,7,8,10,12,88,13,15,16,17,18,19,20,21
5,6,7,8,10,12,88,13,15,16,17,18,19,20,21
5,6,7,8,10,12,88,13,15,16,17,18,19,20,21
5,6,7,8,10,12,88,13,15,16,17,18,19,20,21
5,6,7,8,10,12,88,13,15,16,17,18,19,20,21
5,6,7,8,10,12,88,13,15,16,17,18,19,20,21
5,6,7,8,10,12,88,13,15,16,17,18,19,20,21
5,6,7,8,10,12,88,13,15,16,17,18,19,20,21
5,6,7,8,10,12,88,13,15,16,17,18,19,20,21
5,6,7,8,10,12,88,13,15,16,17,18,19,20,21
5,6,7,8,10,12,88,13,15,16,17,18,19,20,21
5,6,7,8,10,12,88,13,15,16,17,18,19,20,21
5,6,7,8,10,12,88,13,15,16,17,18,19,20,21
5,6,7,8,10,12,88,13,15,16,17,18,19,20,21
5,6,7,8,10,12,88,13,15,16,17,18,19,20,21
5,6,7,8,10,12,88,13,15,16,17,18,19,20,21
5,6,7,8,10,12,88,13,15,16,17,18,19,20,21
5,6,7,8,10,12,88,13,15,16,17,18,19,20,21
5,6,7,8,10,12,88,13,15,16,17,18,19,20,21
5,6,7,8,10,12,88,13,15,16,17,18,19,20,21
5,6,7,8,10,12,88,13,15,16,17,18,19,20,21
5,6,7,8,10,12,88,13,15,16,17,18,19,20,21
5,6,7,8,10,12,88,13,15,16,17,18,19,20,21
5,6,7,8,10,12,88,13,15,16,17,18,19,20,21
5,6,7,8,10,12,88,13,15,16,17,18,19,20,21
5,6,7,8,10,12,88,13,15,16,17,18,19,20,21
5,6,7,8,10,12,88,13,15,16,17,18,19,20,21
5,6,7,8,10,12,88,13,15,16,17,18,19,20,21
5,6,7,8,10,12,88,13,15,16,17,18,19,20,21
5,6,7,8,10,12,88,13,15,16,17,18,19,20,21
5,6,7,8,10,12,88,13,15,16,17,18,19,20,21
5,6,7,8,10,12,88,13,15,16,17,18,19,20,21
5,6,7,8,10,12,88,13,15,16,17,18,19,20,21
5,6,7,8,10,12,88,13,15,16,17,18,19,20,21
5,6,7,8,10,12,88,13,15,16,17,18,19,20,21
5,6,7,8,10,12,88,13,15,16,17,18,19,20,21
5,6,7,8,10,12,88,13,15,16,17,18,19,20,21
5,6,7,8,10,12,88,13,15,16,17,18,19,20,21
5,6,7,8,10,12,88,13,15,16,17,18,19,20,21
5,6,7,8,10,12,88,13,15,16,17,18,19,20,21
5,6,7,8,10,12,88,13,15,16,17,18,19,20,21
5,6,7,8,10,12,88,13,15,16,17,18,19,20,21
5,6,7,8,10,12,88,13,15,16,17,18,19,20,21
5,6,7,8,10,12,88,13,15,16,17,18,19,20,21
5,6,7,8,10,12,88,13,15,16,17,18,19,20,21
5,6,7,8,10,12,88,13,15,16,17,18,19,20,21
5,6,7,8,10,12,88,13,15,16,17,18,19,20,21
5,6,7,8,10,12,88,13,15,16,17,18,19,20,21
5,6,7,8,10,12,88,13,15,16,17,18,19,20,21
5,6,7,8,10,12,88,13,15,16,17,18,19,20,21
5,6,7,8,10,12,88,13,15,16,17,18,19,20,21
5,6,7,8,10,12,88,13,15,16,17,18,19,20,21
5,6,7,8,10,12,88,13,15,16,17,18,19,20,21
5,6,7,8,10,12,88,13,15,16,17,18,19,20,21
5,6,7,8,10,12,88,13,15,16,17,18,19,20,21
5,6,7,8,10,12,88,13,15,16,17,18,19,20,21
5,6,7,8,10,12,88,13,15,16,17,18,19,20,21
5,6,7,8,10,12,88,13,15,16,17,18,19,20,21
5,6,7,8,10,12,88,13,15,16,17,18,19,20,21
5,6,7,8,10,12,88,13,15,16,17,18,19,20,21
5,6,7,8,10,12,88,13,15,16,17,18,19,20,21
5,6,7,8,10,12,88,13,15,16,17,18,19,20,21
5,6,7,8,10,12,88,13,15,16,17,18,19,20,21
5,6,7,8,10,12,88,13,15,16,17,18,19,20,21
5,6,7,8,10,12,88,13,15,16,17,18,19,20,21
5,6,7,8,10,12,88,13,15,16,17,18,19,20,21
5,6,7,8,10,12,88,13,15,16,17,18,19,20,21
5,6,7,8,10,12,88,13,15,16,17,18,19,20,21
5,6,7,8,10,12,88,13,15,16,17,18,19,20,21
5,6,7,8,10,12,88,13,15,16,17,18,19,20,21
5,6,7,8,10,12,88,13,15,16,17,18,19,20,21
5,6,7,8,10,12,88,13,15,16,17,18,19,20,21
5,6,7,8,10,12,88,13,15,16,17,18,19,20,21
5,6,7,8,10,12,88,13,15,16,17,18,19,20,21
5,6,7,8,10,12,88,13,15,16,17,18,19,20,21
5,6,7,8,10,12,88,13,15,16,17,18,19,20,21
5,6,7,8,10,12,88,13,15,16,17,18,19,20,21
5,6,7,8,10,12,88,13,15,16,17,18,19,20,21
5,6,7,8,10,12,88,13,15,16,17,18,19,20,21
5,6,7,8,10,12,88,13,15,16,17,18,19,20,21
5,6,7,8,10,12,88,13,15,16,17,18,19,20,21
5,6,7,8,10,12,88,13,15,16,17,18,19,20,21
5,6,7,8,10,12,88,13,15,16,17,18,19,20,21
5,6,7,8,10,12,88,13,15,16,17,18,19,20,21
5,6,7,8,10,12,88,13,15,16,17,18,19,20,21
5,6,7,8,10,12,88,13,15,16,17,18,19,20,21
5,6,7,8,10,12,88,13,15,16,17,18,19,20,21
5,6,7,8,10,12,88,13,15,16,17,18,19,20,21
5,6,7,8,10,12,88,13,15,16,17,18,19,20,21
5,6,7,8,10,12,88,13,15,16,17,18,19,20,21
5,6,7,8,10,12,88,13,15,16,17,18,19,20,21
5,6,7,8,10,12,88,13,15,16,17,18,19,20,21
5,6,7,8,10,12,88,13,15,16,17,18,19,20,21
5,6,7,8,10,12,88,13,15,16,17,18,19,20,21
5,6,7,8,10,12,88,13,15,16,17,18,19,20,21
5,6,7,8,10,12,88,13,15,16,17,18,19,20,21
5,6,7,8,10,12,88,13,15,16,17,18,19,20,21
5,6,7,8,10,12,88,13,15,16,17,18,19,20,21
5,6,7,8,10,12,88,13,15,16,17,18,19,20,21
5,6,7,8,10,12,88,13,15,16,17,18,19,20,21
5,6,7,8,10,12,88,13,15,16,17,18,19,20,21
5,6,7,8,10,12,88,13,15,16,17,18,19,20,21
5,6,7,8,10,12,88,13,15,16,17,18,19,20,21
5,6,7,8,10,12,88,13,15,16,17,18,19,20,21
5,6,7,8,10,12,88,13,15,16,17,18,19,20,21
5,6,7,8,10,12,88,13,15,16,17,18,19,20,21
5,6,7,8,10,12,88,13,15,16,17,18,19,20,21
5,6,7,8,10,12,88,13,15,16,17,18,19,20,21
5,6,7,8,10,12,88,13,15,16,17,18,19,20,21
5,6,7,8,10,12,88,13,15,16,17,18,19,20,21
5,6,7,8,10,12,88,13,15,16,17,18,19,20,21
5,6,7,8,10,12,88,13,15,16,17,18,19,20,21
5,6,7,8,10,12,88,13,15,16,17,18,19,20,21
5,6,7,8,10,12,88,13,15,16,17,18,19,20,21
5,6,7,8,10,12,88,13,15,16,17,18,19,20,21
5,6,7,8,10,12,88,13,15,16,17,18,19,20,21
5,6,7,8,10,12,88,13,15,16,17,18,19,20,21
5,6,7,8,10,12,88,13,15,16,17,18,19,20,21
5,6,7,8,10,12,88,13,15,16,17,18,19,20,21
5,6,7,8,10,12,88,13,15,16,17,18,19,20,21
5,6,7,8,10,12,88,13,15,16,17,18,19,20,21
5,6,7,8,10,12,88,13,15,16,17,18,19,20,21
5,6,7,8,10,12,88,13,15,16,17,18,19,20,21
5,6,7,8,10,12,88,13,15,16,17,18,19,20,21
5,6,7,8,10,12,88,13,15,16,17,18,19,20,21
5,6,7,8,10,12,88,13,15,16,17,18,19,20,21
5,6,7,8,10,12,88,13,15,16,17,18,19,20,21
5,6,7,8,10,12,88,13,15,16,17,18,19,20,21
5,6,7,8,10,12,88,13,15,16,17,18,19,20,21
5,6,7,8,10,12,88,13,15,16,17,18,19,20,21
5,6,7,8,10,12,88,13,15,16,17,18,19,20,21
5,6,7,8,10,12,88,13,15,16,17,18,19,20,21
5,6,7,8,10,12,88,13,15,16,17,18,19,20,21
5,6,7,8,10,12,88,13,15,16,17,18,19,20,21
5,6,7,8,10,12,88,13,15,16,17,18,19,20,21
5,6,7,8,10,12,88,13,15,16,17,18,19,20,21
5,6,7,8,10,12,88,13,15,16,17,18,19,20,21
5,6,7,8,10,12,88,13,15,16,17,18,19,20,21
5,6,7,8,10,12,88,13,15,16,17,18,19,20,21
5,6,7,8,10,12,88,13,15,16,17,18,19,20,21
5,6,7,8,10,12,88,13,15,16,17,18,19,20,21
5,6,7,8,10,12,88,13,15,16,17,18,19,20,21
5,6,7,8,10,12,88,13,15,16,17,18,19,20,21
5,6,7,8,10,12,88,13,15,16,17,18,19,20,21
5,6,7,8,10,12,88,13,15,16,17,18,19,20,21
5,6,7,8,10,12,88,13,15,16,17,18,19,20,21
5,6,7,8,10,12,88,13,15,16,17,18,19,20,21
5,6,7,8,10,12,88,13,15,16,17,18,19,20,21
5,6,7,8,10,12,88,13,15,16,17,18,19,20,21
5,6,7,8,10,12,88,13,15,16,17,18,19,20,21
5,6,7,8,10,12,88,13,15,16,17,18,19,20,21
5,6,7,8,10,12,88,13,15,16,17,18,19,20,21
5,6,7,8,10,12,88,13,15,16,17,18,19,20,21
5,6,7,8,10,12,88,13,15,16,17,18,19,20,21
5,6,7,8,10,12,88,13,15,16,17,18,19,20,21
5,6,7,8,10,12,88,13,15,16,17,18,19,20,21
5,6,7,8,10,12,88,13,15,16,17,18,19,20,21
5,6,7,8,10,12,88,13,15,16,17,18,19,20,21
5,6,7,8,10,12,88,13,15,16,17,18,19,20,21
5,6,7,8,10,12,88,13,15,16,17,18,19,20,21
5,6,7,8,10,12,88,13,15,16,17,18,19,20,21
5,6,7,8,10,12,88,13,15,16,17,18,19,20,21
5,6,7,8,10,12,88,13,15,16,17,18,19,20,21
5,6,7,8,10,12,88,13,15,16,17,18,19,20,21
5,6,7,8,10,12,88,13,15,16,17,18,19,20,21
5,6,7,8,10,12,88,13,15,16,17,18,19,20,21
5,6,7,8,10,12,88,13,15,16,17,18,19,20,21
5,6,7,8,10,12,88,13,15,16,17,18,19,20,21
5,6,7,8,10,12,88,13,15,16,17,18,19,20,21
5,6,7,8,10,12,88,13,15,16,17,18,19,20,21
5,6,7,8,10,12,88,13,15,16,17,18,19,20,21
5,6,7,8,10,12,88,13,15,16,17,18,19,20,21
5,6,7,8,10,12,88,13,15,16,17,18,19,20,21
5,6,7,8,10,12,88,13,15,16,17,18,19,20,21
5,6,7,8,10,12,88,13,15,16,17,18,19,20,21
5,6,7,8,10,12,88,13,15,16,17,18,19,20,21
5,6,7,8,10,12,88,13,15,16,17,18,19,20,21
5,6,7,8,10,12,88,13,15,16,17,18,19,20,21
5,6,7,8,10,12,88,13,15,16,17,18,19,20,21
5,6,7,8,10,12,88,13,15,16,17,18,19,20,21
5,6,7,8,10,12,88,13,15,16,17,18,19,20,21
5,6,7,8,10,12,88,13,15,16,17,18,19,20,21
5,6,7,8,10,12,88,13,15,16,17,18,19,20,21
5,6,7,8,10,12,88,13,15,16,17,18,19,20,21
5,6,7,8,10,12,88,13,15,16,17,18,19,20,21
5,6,7,8,10,12,88,13,15,16,17,18,19,20,21
5,6,7,8,10,12,88,13,15,16,17,18,19,20,21
5,6,7,8,10,12,88,13,15,16,17,18,19,20,21
5,6,7,8,10,12,88,13,15,16,17,18,19,20,21
5,6,7,8,10,12,88,13,15,16,17,18,19,20,21
5,6,7,8,10,12,88,13,15,16,17,18,19,20,21
5,6,7,8,10,12,88,13,15,16,17,18,19,20,21
5,6,7,8,10,12,88,13,15,16,17,18,19,20,21
5,6,7,8,10,12,88,13,15,16,17,18,19,20,21
5,6,7,8,10,12,88,13,15,16,17,18,19,20,21
5,6,7,8,10,12,88,13,15,16,17,18,19,20,21
5,6,7,8,10,12,88,13,15,16,17,18,19,20,21
5,6,7,8,10,12,88,13,15,16,17,18,19,20,21
5,6,7,8,10,12,88,13,15,16,17,18,19,20,21
5,6,7,8,10,12,88,13,15,16,17,18,19,20,21
5,6,7,8,10,12,88,13,15,16,17,18,19,20,21
5,6,7,8,10,12,88,13,15,16,17,18,19,20,21
5,6,7,8,10,12,88,13,15,16,17,18,19,20,21
5,6,7,8,10,12,88,13,15,16,17,18,19,20,21
5,6,7,8,10,12,88,13,15,16,17,18,19,20,21
5,6,7,8,10,12,88,13,15,16,17,18,19,20,21
5,6,7,8,10,12,88,13,15,16,17,18,19,20,21
5,6,7,8,10,12,88,13,15,16,17,18,19,20,21
5,6,7,8,10,12,88,13,15,16,17,18,19,20,21
5,6,7,8,10,12,88,13,15,16,17,18,19,20,21
5,6,7,8,10,12,88,13,15,16,17,18,19,20,21
5,6,7,8,10,12,88,13,15,16,17,18,19,20,21
5,6,7,8,10,12,88,13,15,16,17,18,19,20,21
5,6,7,8,10,12,88,13,15,16,17,18,19,20,21
5,6,7,8,10,12,88,13,15,16,17,18,19,20,21
5,6,7,8,10,12,88,13,15,16,17,18,19,20,21
5,6,7,8,10,12,88,13,15,16,17,18,19,20,21
5,6,7,8,10,12,88,13,15,16,17,18,19,20,21
5,6,7,8,10,12,88,13,15,16,17,18,19,20,21
5,6,7,8,10,12,88,13,15,16,17,18,19,20,21
5,6,7,8,10,12,88,13,15,16,17,18,19,20,21
5,6,7,8,10,12,88,13,15,16,17,18,19,20,21
5,6,7,8,10,12,88,13,15,16,17,18,19,20,21
5,6,7,8,10,12,88,13,15,16,17,18,19,20,21
5,6,7,8,10,12,88,13,15,16,17,18,19,20,21
5,6,7,8,10,12,88,13,15,16,17,18,19,20,21
5,6,7,8,10,12,88,13,15,16,17,18,19,20,21
5,6,7,8,10,12,88,13,15,16,17,18,19,20,21
5,6,7,8,10,12,88,13,15,16,17,18,19,20,21
5,6,7,8,10,12,88,13,15,16,17,18,19,20,21
5,6,7,8,10,12,88,13,15,16,17,18,19,20,21
5,6,7,8,10,12,88,13,15,16,17,18,19,20,21
5,6,7,8,10,12,88,13,15,16,17,18,19,20,21
5,6,7,8,10,12,88,13,15,16,17,18,19,20,21
5,6,7,8,10,12,88,13,15,16,17,18,19,20,21
5,6,7,8,10,12,88,13,15,16,17,18,19,20,21
5,6,7,8,10,12,88,13,15,16,17,18,19,20,21
5,6,7,8,10,12,88,13,15,16,17,18,19,20,21
5,6,7,8,10,12,88,13,15,16,17,18,19,20,21
5,6,7,8,10,12,88,13,15,16,17,18,19,20,21
5,6,7,8,10,12,88,13,15,16,17,18,19,20,21
5,6,7,8,10,12,88,13,15,16,17,18,19,20,21
5,6,7,8,10,12,88,13,15,16,17,18,19,20,21
5,6,7,8,10,12,88,13,15,16,17,18,19,20,21
5,6,7,8,10,12,88,13,15,16,17,18,19,20,21
5,6,7,8,10,12,88,13,15,16,17,18,19,20,21
5,6,7,8,10,12,88,13,15,16,17,18,19,20,21
5,6,7,8,10,12,88,13,15,16,17,18,19,20,21
5,6,7,8,10,12,88,13,15,16,17,18,19,20,21
5,6,7,8,10,12,88,13,15,16,17,18,19,20,21
5,6,7,8,10,12,88,13,15,16,17,18,19,20,21
5,6,7,8,10,12,88,13,15,16,17,18,19,20,21
5,6,7,8,10,12,88,13,15,16,17,18,19,20,21
5,6,7,8,10,12,88,13,15,16,17,18,19,20,21
5,6,7,8,10,12,88,13,15,16,17,18,19,20,21
5,6,7,8,10,12,88,13,15,16,17,18,19,20,21
5,6,7,8,10,12,88,13,15,16,17,18,19,20,21
5,6,7,8,10,12,88,13,15,16,17,18,19,20,21
5,6,7,8,10,12,88,13,15,16,17,18,19,20,21
5,6,7,8,10,12,88,13,15,16,17,18,19,20,21
5,6,7,8,10,12,88,13,15,16,17,18,19,20,21
5,6,7,8,10,12,88,13,15,16,17,18,19,20,21
5,6,7,8,10,12,88,13,15,16,17,18,19,20,21
5,6,7,8,10,12,88,13,15,16,17,18,19,20,21
5,6,7,8,10,12,88,13,15,16,17,18,19,20,21
5,6,7,8,10,12,88,13,15,16,17,18,19,20,21
5,6,7,8,10,12,88,13,15,16,17,18,19,20,21
5,6,7,8,10,12,88,13,15,16,17,18,19,20,21
5,6,7,8,10,12,88,13,15,16,17,18,19,20,21
5,6,7,8,10,12,88,13,15,16,17,18,19,20,21
5,6,7,8,10,12,88,13,15,16,17,18,19,20,21
5,6,7,8,10,12,88,13,15,16,17,18,19,20,21
5,6,7,8,10,12,88,13,15,16,17,18,19,20,21
5,6,7,8,10,12,88,13,15,16,17,18,19,20,21
5,6,7,8,10,12,88,13,15,16,17,18,19,20,21
5,6,7,8,10,12,88,13,15,16,17,18,19,20,21
5,6,7,8,10,12,88,13,15,16,17,18,19,20,21
5,6,7,8,10,12,88,13,15,16,17,18,19,20,21
5,6,7,8,10,12,88,13,15,16,17,18,19,20,21
5,6,7,8,10,12,88,13,15,16,17,18,19,20,21
5,6,7,8,10,12,88,13,15,16,17,18,19,20,21
5,6,7,8,10,12,88,13,15,16,17,18,19,20,21
5,6,7,8,10,12,88,13,15,16,17,18,19,20,21
5,6,7,8,10,12,88,13,15,16,17,18,19,20,21
5,6,7,8,10,12,88,13,15,16,17,18,19,20,21
5,6,7,8,10,12,88,13,15,16,17,18,19,20,21
5,6,7,8,10,12,88,13,15,16,17,18,19,20,21
5,6,7,8,10,12,88,13,15,16,17,18,19,20,21
5,6,7,8,10,12,88,13,15,16,17,18,19,20,21
5,6,7,8,10,12,88,13,15,16,17,18,19,20,21
5,6,7,8,10,12,88,13,15,16,17,18,19,20,21
5,6,7,8,10,12,88,13,15,16,17,18,19,20,21
5,6,7,8,10,12,88,13,15,16,17,18,19,20,21
5,6,7,8,10,12,88,13,15,16,17,18,19,20,21
5,6,7,8,10,12,88,13,15,16,17,18,19,20,21
5,6,7,8,10,12,88,13,15,16,17,18,19,20,21
5,6,7,8,10,12,88,13,15,16,17,18,19,20,21
5,6,7,8,10,12,88,13,15,16,17,18,19,20,21
5,6,7,8,10,12,88,13,15,16,17,18,19,20,21
5,6,7,8,10,12,88,13,15,16,17,18,19,20,21
5,6,7,8,10,12,88,13,15,16,17,18,19,20,21
5,6,7,8,10,12,88,13,15,16,17,18,19,20,21
5,6,7,8,10,12,88,13,15,16,17,18,19,20,21
5,6,7,8,10,12,88,13,15,16,17,18,19,20,21
5,6,7,8,10,12,88,13,15,16,17,18,19,20,21
5,6,7,8,10,12,88,13,15,16,17,18,19,20,21
5,6,7,8,10,12,88,13,15,16,17,18,19,20,21
5,6,7,8,10,12,88,13,15,16,17,18,19,20,21
5,6,7,8,10,12,88,13,15,16,17,18,19,20,21
5,6,7,8,10,12,88,13,15,16,17,18,19,20,21
5,6,7,8,10,12,88,13,15,16,17,18,19,20,21
5,6,7,8,10,12,88,13,15,16,17,18,19,20,21
5,6,7,8,10,12,88,13,15,16,17,18,19,20,21
5,6,7,8,10,12,88,13,15,16,17,18,19,20,21
5,6,7,8,10,12,88,13,15,16,17,18,19,20,21
5,6,7,8,10,12,88,13,15,16,17,18,19,20,21
5,6,7,8,10,12,88,13,15,16,17,18,19,20,21
5,6,7,8,10,12,88,13,15,16,17,18,19,20,21
5,6,7,8,10,12,88,13,15,16,17,18,19,20,21
5,6,7,8,10,12,88,13,15,16,17,18,19,20,21
5,6,7,8,10,12,88,13,15,16,17,18,19,20,21
5,6,7,8,10,12,88,13,15,16,17,18,19,20,21
5,6,7,8,10,12,88,13,15,16,17,18,19,20,21
5,6,7,8,10,12,88,13,15,16,17,18,19,20,21
5,6,7,8,10,12,88,13,15,16,17,18,19,20,21
5,6,7,8,10,12,88,13,15,16,17,18,19,20,21
5,6,7,8,10,12,88,13,15,16,17,18,19,20,21
5,6,7,8,10,12,88,13,15,16,17,18,19,20,21
5,6,7,8,10,12,88,13,15,16,17,18,19,20,21
5,6,7,8,10,12,88,13,15,16,17,18,19,20,21
5,6,7,8,10,12,88,13,15,16,17,18,19,20,21
5,6,7,8,10,12,88,13,15,16,17,18,19,20,21
5,6,7,8,10,12,88,13,15,16,17,18,19,20,21
5,6,7,8,10,12,88,13,15,16,17,18,19,20,21
5,6,7,8,10,12,88,13,15,16,17,18,19,20,21
5,6,7,8,10,12,88,13,15,16,17,18,19,20,21
5,6,7,8,10,12,88,13,15,16,17,18,19,20,21
5,6,7,8,10,12,88,13,15,16,17,18,19,20,21
5,6,7,8,10,12,88,13,15,16,17,18,19,20,21
5,6,7,8,10,12,88,13,15,16,17,18,19,20,21
5,6,7,8,10,12,88,13,15,16,17,18,19,20,21
5,6,7,8,10,12,88,13,15,16,17,18,19,20,21
5,6,7,8,10,12,88,13,15,16,17,18,19,20,21
5,6,7,8,10,12,88,13,15,16,17,18,19,20,21
5,6,7,8,10,12,88,13,15,16,17,18,19,20,21
5,6,7,8,10,12,88,13,15,16,17,18,19,20,21
5,6,7,8,10,12,88,13,15,16,17,18,19,20,21
5,6,7,8,10,12,88,13,15,16,17,18,19,20,21
5,6,7,8,10,12,88,13,15,16,17,18,19,20,21
5,6,7,8,10,12,88,13,15,16,17,18,19,20,21
5,6,7,8,10,12,88,13,15,16,17,18,19,20,21
5,6,7,8,10,12,88,13,15,16,17,18,19,20,21
5,6,7,8,10,12,88,13,15,16,17,18,19,20,21
5,6,7,8,10,12,88,13,15,16,17,18,19,20,21
5,6,7,8,10,12,88,13,15,16,17,18,19,20,21
5,6,7,8,10,12,88,13,15,16,17,18,19,20,21
5,6,7,8,10,12,88,13,15,16,17,18,19,20,21
5,6,7,8,10,12,88,13,15,16,17,18,19,20,21
5,6,7,8,10,12,88,13,15,16,17,18,19,20,21
5,6,7,8,10,12,88,13,15,16,17,18,19,20,21
5,6,7,8,10,12,88,13,15,16,17,18,19,20,21
5,6,7,8,10,12,88,13,15,16,17,18,19,20,21
5,6,7,8,10,12,88,13,15,16,17,18,19,20,21
5,6,7,8,10,12,88,13,15,16,17,18,19,20,21
5,6,7,8,10,12,88,13,15,16,17,18,19,20,21
5,6,7,8,10,12,88,13,15,16,17,18,19,20,21
5,6,7,8,10,12,88,13,15,16,17,18,19,20,21
5,6,7,8,10,12,88,13,15,16,17,18,19,20,21
5,6,7,8,10,12,88,13,15,16,17,18,19,20,21
5,6,7,8,10,12,88,13,15,16,17,18,19,20,21
5,6,7,8,10,12,88,13,15,16,17,18,19,20,21
5,6,7,8,10,12,88,13,15,16,17,18,19,20,21
5,6,7,8,10,12,88,13,15,16,17,18,19,20,21
5,6,7,8,10,12,88,13,15,16,17,18,19,20,21
5,6,7,8,10,12,88,13,15,16,17,18,19,20,21
5,6,7,8,10,12,88,13,15,16,17,18,19,20,21
5,6,7,8,10,12,88,13,15,16,17,18,19,20,21
5,6,7,8,10,12,88,13,15,16,17,18,19,20,21
5,6,7,8,10,12,88,13,15,16,17,18,19,20,21
5,6,7,8,10,12,88,13,15,16,17,18,19,20,21
5,6,7,8,10,12,88,13,15,16,17,18,19,20,21
5,6,7,8,10,12,88,13,15,16,17,18,19,20,21
5,6,7,8,10,12,88,13,15,16,17,18,19,20,21
5,6,7,8,10,12,88,13,15,16,17,18,19,20,21
5,6,7,8,10,12,88,13,15,16,17,18,19,20,21
5,6,7,8,10,12,88,13,15,16,17,18,19,20,21
5,6,7,8,10,12,88,13,15,16,17,18,19,20,21
5,6,7,8,10,12,88,13,15,16,17,18,19,20,21
5,6,7,8,10,12,88,13,15,16,17,18,19,20,21
5,6,7,8,10,12,88,13,15,16,17,18,19,20,21
5,6,7,8,10,12,88,13,15,16,17,18,19,20,21
5,6,7,8,10,12,88,13,15,16,17,18,19,20,21
5,6,7,8,10,12,88,13,15,16,17,18,19,20,21
5,6,7,8,10,12,88,13,15,16,17,18,19,20,21
5,6,7,8,10,12,88,13,15,16,17,18,19,20,21
5,6,7,8,10,12,88,13,15,16,17,18,19,20,21
5,6,7,8,10,12,88,13,15,16,17,18,19,20,21
5,6,7,8,10,12,88,13,15,16,17,18,19,20,21
5,6,7,8,10,12,88,13,15,16,17,18,19,20,21
5,6,7,8,10,12,88,13,15,16,17,18,19,20,21
5,6,7,8,10,12,88,13,15,16,17,18,19,20,21
5,6,7,8,10,12,88,13,15,16,17,18,19,20,21
5,6,7,8,10,12,88,13,15,16,17,18,19,20,21
5,6,7,8,10,12,88,13,15,16,17,18,19,20,21
5,6,7,8,10,12,88,13,15,16,17,18,19,20,21
5,6,7,8,10,12,88,13,15,16,17,18,19,20,21
5,6,7,8,10,12,88,13,15,16,17,18,19,20,21
5,6,7,8,10,12,88,13,15,16,17,18,19,20,21
5,6,7,8,10,12,88,13,15,16,17,18,19,20,21
5,6,7,8,10,12,88,13,15,16,17,18,19,20,21
5,6,7,8,10,12,88,13,15,16,17,18,19,20,21
5,6,7,8,10,12,88,13,15,16,17,18,19,20,21
5,6,7,8,10,12,88,13,15,16,17,18,19,20,21
5,6,7,8,10,12,88,13,15,16,17,18,19,20,21
5,6,7,8,10,12,88,13,15,16,17,18,19,20,21
5,6,7,8,10,12,88,13,15,16,17,18,19,20,21
5,6,7,8,10,12,88,13,15,16,17,18,19,20,21
5,6,7,8,10,12,88,13,15,16,17,18,19,20,21
5,6,7,8,10,12,88,13,15,16,17,18,19,20,21
5,6,7,8,10,12,88,13,15,16,17,18,19,20,21
5,6,7,8,10,12,88,13,15,16,17,18,19,20,21
5,6,7,8,10,12,88,13,15,16,17,18,19,20,21
5,6,7,8,10,12,88,13,15,16,17,18,19,20,21
5,6,7,8,10,12,88,13,15,16,17,18,19,20,21
5,6,7,8,10,12,88,13,15,16,17,18,19,20,21
5,6,7,8,10,12,88,13,15,16,17,18,19,20,21
5,6,7,8,10,12,88,13,15,16,17,18,19,20,21
5,6,7,8,10,12,88,13,15,16,17,18,19,20,21
5,6,7,8,10,12,88,13,15,16,17,18,19,20,21
5,6,7,8,10,12,88,13,15,16,17,18,19,20,21
5,6,7,8,10,12,88,13,15,16,17,18,19,20,21
5,6,7,8,10,12,88,13,15,16,17,18,19,20,21
5,6,7,8,10,12,88,13,15,16,17,18,19,20,21
5,6,7,8,10,12,88,13,15,16,17,18,19,20,21
5,6,7,8,10,12,88,13,15,16,17,18,19,20,21
5,6,7,8,10,12,88,13,15,16,17,18,19,20,21
5,6,7,8,10,12,88,13,15,16,17,18,19,20,21
5,6,7,8,10,12,88,13,15,16,17,18,19,20,21
5,6,7,8,10,12,88,13,15,16,17,18,19,20,21
5,6,7,8,10,12,88,13,15,16,17,18,19,20,21
5,6,7,8,10,12,88,13,15,16,17,18,19,20,21
5,6,7,8,10,12,88,13,15,16,17,18,19,20,21
5,6,7,8,10,12,88,13,15,16,17,18,19,20,21
5,6,7,8,10,12,88,13,15,16,17,18,19,20,21
5,6,7,8,10,12,88,13,15,16,17,18,19,20,21
5,6,7,8,10,12,88,13,15,16,17,18,19,20,21
5,6,7,8,10,12,88,13,15,16,17,18,19,20,21
5,6,7,8,10,12,88,13,15,16,17,18,19,20,21
5,6,7,8,10,12,88,13,15,16,17,18,19,20,21
5,6,7,8,10,12,88,13,15,16,17,18,19,20,21
5,6,7,8,10,12,88,13,15,16,17,18,19,20,21
5,6,7,8,10,12,88,13,15,16,17,18,19,20,21
5,6,7,8,10,12,88,13,15,16,17,18,19,20,21
5,6,7,8,10,12,88,13,15,16,17,18,19,20,21
5,6,7,8,10,12,88,13,15,16,17,18,19,20,21
5,6,7,8,10,12,88,13,15,16,17,18,19,20,21
5,6,7,8,10,12,88,13,15,16,17,18,19,20,21
5,6,7,8,10,12,88,13,15,16,17,18,19,20,21
5,6,7,8,10,12,88,13,15,16,17,18,19,20,21
5,6,7,8,10,12,88,13,15,16,17,18,19,20,21
5,6,7,8,10,12,88,13,15,16,17,18,19,20,21
5,6,7,8,10,12,88,13,15,16,17,18,19,20,21
5,6,7,8,10,12,88,13,15,16,17,18,19,20,21
5,6,7,8,10,12,88,13,15,16,17,18,19,20,21
5,6,7,8,10,12,88,13,15,16,17,18,19,20,21
5,6,7,8,10,12,88,13,15,16,17,18,19,20,21
5,6,7,8,10,12,88,13,15,16,17,18,19,20,21
5,6,7,8,10,12,88,13,15,16,17,18,19,20,21
5,6,7,8,10,12,88,13,15,16,17,18,19,20,21
5,6,7,8,10,12,88,13,15,16,17,18,19,20,21
5,6,7,8,10,12,88,13,15,16,17,18,19,20,21
5,6,7,8,10,12,88,13,15,16,17,18,19,20,21
5,6,7,8,10,12,88,13,15,16,17,18,19,20,21
5,6,7,8,10,12,88,13,15,16,17,18,19,20,21
5,6,7,8,10,12,88,13,15,16,17,18,19,20,21
5,6,7,8,10,12,88,13,15,16,17,18,19,20,21
5,6,7,8,10,12,88,13,15,16,17,18,19,20,21
5,6,7,8,10,12,88,13,15,16,17,18,19,20,21
5,6,7,8,10,12,88,13,15,16,17,18,19,20,21
5,6,7,8,10,12,88,13,15,16,17,18,19,20,21
5,6,7,8,10,12,88,13,15,16,17,18,19,20,21
5,6,7,8,10,12,88,13,15,16,17,18,19,20,21
5,6,7,8,10,12,88,13,15,16,17,18,19,20,21
5,6,7,8,10,12,88,13,15,16,17,18,19,20,21
5,6,7,8,10,12,88,13,15,16,17,18,19,20,21
5,6,7,8,10,12,88,13,15,16,17,18,19,20,21
5,6,7,8,10,12,88,13,15,16,17,18,19,20,21
5,6,7,8,10,12,88,13,15,16,17,18,19,20,21
5,6,7,8,10,12,88,13,15,16,17,18,19,20,21
5,6,7,8,10,12,88,13,15,16,17,18,19,20,21
5,6,7,8,10,12,88,13,15,16,17,18,19,20,21
5,6,7,8,10,12,88,13,15,16,17,18,19,20,21
5,6,7,8,10,12,88,13,15,16,17,18,19,20,21
5,6,7,8,10,12,88,13,15,16,17,18,19,20,21
5,6,7,8,10,12,88,13,15,16,17,18,19,20,21
5,6,7,8,10,12,88,13,15,16,17,18,19,20,21
5,6,7,8,10,12,88,13,15,16,17,18,19,20,21
5,6,7,8,10,12,88,13,15,16,17,18,19,20,21
5,6,7,8,10,12,88,13,15,16,17,18,19,20,21
5,6,7,8,10,12,88,13,15,16,17,18,19,20,21
5,6,7,8,10,12,88,13,15,16,17,18,19,20,21
5,6,7,8,10,12,88,13,15,16,17,18,19,20,21
5,6,7,8,10,12,88,13,15,16,17,18,19,20,21
5,6,7,8,10,12,88,13,15,16,17,18,19,20,21
5,6,7,3,2,1,15,17,18,19,20,21
5,6,7,3,2,1,15,17,18,19,20,21
5,6,7,3,2,1,15,17,18,19,20,21
5,6,7,3,2,1,15,17,18,19,20,21
5,6,7,3,2,1,15,17,18,19,20,21
5,6,7,3,2,1,15,17,18,19,20,21
5,6,7,3,2,1,15,17,18,19,20,21
5,6,7,3,2,1,15,17,18,19,20,21
5,6,7,3,2,1,15,17,18,19,20,21
5,6,7,3,2,1,15,17,18,19,20,21
5,6,7,3,2,1,15,17,18,19,20,21
5,6,7,3,2,1,15,17,18,19,20,21
5,6,7,3,2,1,15,17,18,19,20,21
5,6,7,3,2,1,15,17,18,19,20,21
5,6,7,3,2,1,15,17,18,19,20,21
5,6,7,3,2,1,15,17,18,19,20,21
5,6,7,3,2,1,15,17,18,19,20,21
5,6,7,3,2,1,15,17,18,19,20,21
5,6,7,3,2,1,15,17,18,19,20,21
5,6,7,3,2,1,15,17,18,19,20,21
5,6,7,3,2,1,15,17,18,19,20,21
5,6,7,3,2,1,15,17,18,19,20,21
5,6,7,3,2,1,15,17,18,19,20,21
5,6,7,3,2,1,15,17,18,19,20,21
5,6,7,3,2,1,15,17,18,19,20,21
5,6,7,3,2,1,15,17,18,19,20,21
5,6,7,3,2,1,15,17,18,19,20,21
5,6,7,3,2,1,15,17,18,19,20,21
5,6,7,3,2,1,15,17,18,19,20,21
5,6,7,3,2,1,15,17,18,19,20,21
5,6,7,3,2,1,15,17,18,19,20,21
5,6,7,3,2,1,15,17,18,19,20,21
5,6,7,8,10,2,1,15,16,17,18,19,20,21
5,6,7,8,10,2,1,15,16,17,18,19,20,21
5,6,7,8,10,2,1,15,16,17,18,19,20,21
5,6,7,8,10,2,1,15,16,17,18,19,20,21
5,6,7,8,10,2,1,15,16,17,18,19,20,21
5,6,7,8,10,2,1,15,16,17,18,19,20,21
5,6,7,8,10,2,1,15,16,17,18,19,20,21
5,6,7,8,10,2,1,15,16,17,18,19,20,21
5,6,7,8,10,2,1,15,16,17,18,19,20,21
5,6,7,8,10,2,1,15,16,17,18,19,20,21
5,6,7,8,10,2,1,15,16,17,18,19,20,21
5,6,7,8,10,2,1,15,16,17,18,19,20,21
5,6,7,8,10,2,1,15,16,17,18,19,20,21
5,6,7,8,10,2,1,15,16,17,18,19,20,21
5,6,7,8,10,2,1,15,16,17,18,19,20,21
5,6,7,8,10,2,1,15,16,17,18,19,20,21
5,6,7,8,10,2,1,15,16,17,18,19,20,21
5,6,7,8,10,2,1,15,16,17,18,19,20,21
5,6,7,8,10,2,1,15,16,17,18,19,20,21
5,6,7,8,10,2,1,15,16,17,18,19,20,21
5,6,7,8,10,2,1,15,16,17,18,19,20,21
5,6,7,8,10,2,1,15,16,17,18,19,20,21
5,6,7,8,10,2,1,15,16,17,18,19,20,21
5,6,7,8,10,2,1,15,16,17,18,19,20,21
5,6,7,8,10,2,1,15,16,17,18,19,20,21
5,6,7,8,10,2,1,15,16,17,18,19,20,21
5,6,7,8,10,2,1,15,16,17,18,19,20,21
5,6,7,8,10,2,1,15,16,17,18,19,20,21
5,6,7,8,10,2,1,15,16,17,18,19,20,21
5,6,7,8,10,2,1,15,16,17,18,19,20,21
5,6,7,8,10,2,1,15,16,17,18,19,20,21
5,6,7,8,10,2,1,15,16,17,18,19,20,21
5,6,7,8,10,2,1,15,16,17,18,19,20,21
5,6,7,8,10,2,1,15,16,17,18,19,20,21
5,6,7,8,10,2,1,15,16,17,18,19,20,21
5,6,7,8,10,2,1,15,16,17,18,19,20,21
5,6,7,8,10,2,1,15,16,17,18,19,20,21
5,6,7,8,10,2,1,15,16,17,18,19,20,21
5,6,7,8,10,2,1,15,16,17,18,19,20,21
5,6,7,8,10,2,1,15,16,17,18,19,20,21
5,6,7,8,10,2,1,15,16,17,18,19,20,21
5,6,7,8,10,2,1,15,16,17,18,19,20,21
5,6,7,8,10,2,1,15,16,17,18,19,20,21
5,6,7,8,10,2,1,15,16,17,18,19,20,21
5,6,7,8,10,2,1,15,16,17,18,19,20,21
5,6,7,8,10,2,1,15,16,17,18,19,20,21
5,6,7,8,10,2,1,15,16,17,18,19,20,21
5,6,7,8,10,2,1,15,16,17,18,19,20,21
5,6,7,8,10,2,1,15,16,17,18,19,20,21
5,6,7,8,10,2,1,15,16,17,18,19,20,21
5,6,7,8,10,2,1,15,16,17,18,19,20,21
5,6,7,8,10,2,1,15,16,17,18,19,20,21
5,6,7,8,10,2,1,15,16,17,18,19,20,21
5,6,7,8,10,2,1,15,16,17,18,19,20,21
5,6,7,8,10,2,1,15,16,17,18,19,20,21
5,6,7,8,10,2,1,15,16,17,18,19,20,21
5,6,7,8,10,2,1,15,16,17,18,19,20,21
5,6,7,8,10,2,1,15,16,17,18,19,20,21
5,6,7,8,10,2,1,15,16,17,18,19,20,21
5,6,7,8,10,2,1,15,16,17,18,19,20,21
5,6,7,8,10,2,1,15,16,17,18,19,20,21
5,6,7,8,10,2,1,15,16,17,18,19,20,21
5,6,7,8,10,2,1,15,16,17,18,19,20,21
5,6,7,8,10,2,1,15,16,17,18,19,20,21
5,6,7,8,10,2,1,15,16,17,18,19,20,21
5,6,7,8,10,2,1,15,16,17,18,19,20,21
5,6,7,8,10,2,1,15,16,17,18,19,20,21
5,6,7,8,10,2,1,15,16,17,18,19,20,21
5,6,7,8,10,2,1,15,16,17,18,19,20,21
5,6,7,8,10,2,1,15,16,17,18,19,20,21
5,6,7,8,10,2,1,15,16,17,18,19,20,21
5,6,7,8,10,2,1,15,16,17,18,19,20,21
5,6,7,8,10,2,1,15,16,17,18,19,20,21
5,6,7,8,10,2,1,15,16,17,18,19,20,21
5,6,7,8,10,2,1,15,16,17,18,19,20,21
5,6,7,8,10,2,1,15,16,17,18,19,20,21
5,6,7,8,10,2,1,15,16,17,18,19,20,21
5,6,7,8,10,2,1,15,16,17,18,19,20,21
5,6,7,8,10,2,1,15,16,17,18,19,20,21
5,6,7,8,10,2,1,15,16,17,18,19,20,21
5,6,7,8,10,2,1,15,16,17,18,19,20,21
5,6,7,8,10,2,1,15,16,17,18,19,20,21
5,6,7,8,10,2,1,15,16,17,18,19,20,21
5,6,7,8,10,2,1,15,16,17,18,19,20,21
5,6,7,8,10,2,1,15,16,17,18,19,20,21
5,6,7,8,10,2,1,15,16,17,18,19,20,21
5,6,7,8,10,2,1,15,16,17,18,19,20,21
5,6,7,8,10,2,1,15,16,17,18,19,20,21
5,6,7,8,10,2,1,15,16,17,18,19,20,21
5,6,7,8,10,2,1,15,16,17,18,19,20,21
5,6,7,8,10,2,1,15,16,17,18,19,20,21
5,6,7,8,10,2,1,15,16,17,18,19,20,21
5,6,7,8,10,2,1,15,16,17,18,19,20,21
5,6,7,8,10,2,1,15,16,17,18,19,20,21
5,6,7,8,10,2,1,15,16,17,18,19,20,21
5,6,7,8,10,2,1,15,16,17,18,19,20,21
5,6,7,8,10,2,1,15,16,17,18,19,20,21
5,6,7,8,10,2,1,15,16,17,18,19,20,21
5,6,7,8,10,2,1,15,16,17,18,19,20,21
5,6,7,8,10,2,1,15,16,17,18,19,20,21
5,6,7,8,10,2,1,15,16,17,18,19,20,21
5,6,7,8,10,2,1,15,16,17,18,19,20,21
5,6,7,8,10,2,1,15,16,17,18,19,20,21
5,6,7,8,10,2,1,15,16,17,18,19,20,21
5,6,7,8,10,2,1,15,16,17,18,19,20,21
5,6,7,8,10,2,1,15,16,17,18,19,20,21
5,6,7,8,10,2,1,15,16,17,18,19,20,21
5,6,7,8,10,2,1,15,16,17,18,19,20,21
5,6,7,8,10,2,1,15,16,17,18,19,20,21
5,6,7,8,10,2,1,15,16,17,18,19,20,21
5,6,7,8,10,2,1,15,16,17,18,19,20,21
5,6,7,8,10,2,1,15,16,17,18,19,20,21
5,6,7,8,10,2,1,15,16,17,18,19,20,21
5,6,7,8,10,2,1,15,16,17,18,19,20,21
5,6,7,8,10,2,1,15,16,17,18,19,20,21
5,6,7,8,10,2,1,15,16,17,18,19,20,21
5,6,7,8,10,2,1,15,16,17,18,19,20,21
5,6,7,8,10,2,1,15,16,17,18,19,20,21
5,6,7,8,10,2,1,15,16,17,18,19,20,21
5,6,7,8,10,2,1,15,16,17,18,19,20,21
5,6,7,8,10,2,1,15,16,17,18,19,20,21
5,6,7,8,10,2,1,15,16,17,18,19,20,21
5,6,7,8,10,2,1,15,16,17,18,19,20,21
5,6,7,8,10,2,1,15,16,17,18,19,20,21
5,6,7,8,10,2,1,15,16,17,18,19,20,21
5,6,7,8,10,2,1,15,16,17,18,19,20,21
5,6,7,8,10,2,1,15,16,17,18,19,20,21
5,6,7,8,10,2,1,15,16,17,18,19,20,21
5,6,7,8,10,2,1,15,16,17,18,19,20,21
5,6,7,8,10,2,1,15,16,17,18,19,20,21
5,6,7,8,10,2,1,15,16,17,18,19,20,21
5,6,7,8,10,2,1,15,16,17,18,19,20,21
5,6,7,8,10,2,1,15,16,17,18,19,20,21
5,6,7,8,10,2,1,15,16,17,18,19,20,21
5,6,7,8,10,2,1,15,16,17,18,19,20,21
5,6,7,8,10,2,1,15,16,17,18,19,20,21
5,6,7,8,10,2,1,15,16,17,18,19,20,21
5,6,7,8,10,2,1,15,16,17,18,19,20,21
5,6,7,8,10,2,1,15,16,17,18,19,20,21
5,6,7,8,10,2,1,15,16,17,18,19,20,21
5,6,7,8,10,2,1,15,16,17,18,19,20,21
5,6,7,8,10,2,1,15,16,17,18,19,20,21
5,6,7,8,10,2,1,15,16,17,18,19,20,21
5,6,7,8,10,2,1,15,16,17,18,19,20,21
5,6,7,8,10,2,1,15,16,17,18,19,20,21
5,6,7,8,10,2,1,15,16,17,18,19,20,21
5,6,7,8,10,2,1,15,16,17,18,19,20,21
5,6,7,8,10,2,1,15,16,17,18,19,20,21
5,6,7,8,10,2,1,15,16,17,18,19,20,21
5,6,7,8,10,2,1,15,16,17,18,19,20,21
5,6,7,8,10,2,1,15,16,17,18,19,20,21
5,6,7,8,10,2,1,15,16,17,18,19,20,21
5,6,7,8,10,2,1,15,16,17,18,19,20,21
5,6,7,8,10,2,1,15,16,17,18,19,20,21
5,6,7,8,10,2,1,15,16,17,18,19,20,21
5,6,7,8,10,2,1,15,16,17,18,19,20,21
5,6,7,8,10,2,1,15,16,17,18,19,20,21
5,6,7,8,10,2,1,15,16,17,18,19,20,21
5,6,7,8,10,2,1,15,16,17,18,19,20,21
5,6,7,8,10,2,1,15,16,17,18,19,20,21
5,6,7,8,10,2,1,15,16,17,18,19,20,21
5,6,7,8,10,2,1,15,16,17,18,19,20,21
5,6,7,8,10,2,1,15,16,17,18,19,20,21
5,6,7,8,10,2,1,15,16,17,18,19,20,21
5,6,7,8,10,2,1,15,16,17,18,19,20,21
5,6,7,8,10,2,1,15,16,17,18,19,20,21
5,6,7,8,10,2,1,15,16,17,18,19,20,21
5,6,7,8,10,2,1,15,16,17,18,19,20,21
5,6,7,8,10,2,1,15,16,17,18,19,20,21
5,6,7,8,10,2,1,15,16,17,18,19,20,21
5,6,7,8,10,2,1,15,16,17,18,19,20,21
5,6,7,8,10,2,1,15,16,17,18,19,20,21
5,6,7,8,10,2,1,15,16,17,18,19,20,21
5,6,7,8,10,2,1,15,16,17,18,19,20,21
5,6,7,8,10,2,1,15,16,17,18,19,20,21
5,6,7,8,10,2,1,15,16,17,18,19,20,21
5,6,7,8,10,2,1,15,16,17,18,19,20,21
5,6,7,8,10,2,1,15,16,17,18,19,20,21
5,6,7,8,10,2,1,15,16,17,18,19,20,21
5,6,7,8,10,2,1,15,16,17,18,19,20,21
5,6,7,8,10,2,1,15,16,17,18,19,20,21
5,6,7,8,10,2,1,15,16,17,18,19,20,21
5,6,7,8,10,2,1,15,16,17,18,19,20,21
5,6,7,8,10,2,1,15,16,17,18,19,20,21
5,6,7,8,10,2,1,15,16,17,18,19,20,21
5,6,7,8,10,2,1,15,16,17,18,19,20,21
5,6,7,8,10,2,1,15,16,17,18,19,20,21
5,6,7,8,10,2,1,15,16,17,18,19,20,21
5,6,7,8,10,2,1,15,16,17,18,19,20,21
5,6,7,8,10,2,1,15,16,17,18,19,20,21
5,6,7,8,10,2,1,15,16,17,18,19,20,21
5,6,7,8,10,2,1,15,16,17,18,19,20,21
5,6,7,8,10,2,1,15,16,17,18,19,20,21
5,6,7,8,10,2,1,15,16,17,18,19,20,21
5,6,7,8,10,2,1,15,16,17,18,19,20,21
5,6,7,8,10,2,1,15,16,17,18,19,20,21
5,6,7,8,10,2,1,15,16,17,18,19,20,21
5,6,7,8,10,2,1,15,16,17,18,19,20,21
5,6,7,8,10,2,1,15,16,17,18,19,20,21
5,6,7,8,10,2,1,15,16,17,18,19,20,21
5,6,7,8,10,2,1,15,16,17,18,19,20,21
5,6,7,8,10,2,1,15,16,17,18,19,20,21
5,6,7,8,10,2,1,15,16,17,18,19,20,21
5,6,7,8,10,2,1,15,16,17,18,19,20,21
5,6,7,8,10,2,1,15,16,17,18,19,20,21
5,6,7,8,10,2,1,15,16,17,18,19,20,21
5,6,7,8,10,2,1,15,16,17,18,19,20,21
5,6,7,8,10,2,1,15,16,17,18,19,20,21
5,6,7,8,10,2,1,15,16,17,18,19,20,21
5,6,7,8,10,2,1,15,16,17,18,19,20,21
5,6,7,8,10,2,1,15,16,17,18,19,20,21
5,6,7,8,10,2,1,15,16,17,18,19,20,21
5,6,7,8,10,2,1,15,16,17,18,19,20,21
5,6,7,8,10,2,1,15,16,17,18,19,20,21
5,6,7,8,10,2,1,15,16,17,18,19,20,21
5,6,7,8,10,2,1,15,16,17,18,19,20,21
5,6,7,8,10,2,1,15,16,17,18,19,20,21
5,6,7,8,10,2,1,15,16,17,18,19,20,21
5,6,7,8,10,2,1,15,16,17,18,19,20,21
5,6,7,8,10,2,1,15,16,17,18,19,20,21
5,6,7,8,10,2,1,15,16,17,18,19,20,21
5,6,7,8,10,2,1,15,16,17,18,19,20,21
5,6,7,8,10,2,1,15,16,17,18,19,20,21
5,6,7,8,10,2,1,15,16,17,18,19,20,21
5,6,7,8,10,2,1,15,16,17,18,19,20,21
5,6,7,8,10,2,1,15,16,17,18,19,20,21
5,6,7,8,10,2,1,15,16,17,18,19,20,21
5,6,7,8,10,2,1,15,16,17,18,19,20,21
5,6,7,8,10,2,1,15,16,17,18,19,20,21
5,6,7,8,10,2,1,15,16,17,18,19,20,21
5,6,7,8,10,2,1,15,16,17,18,19,20,21
5,6,7,8,10,2,1,15,16,17,18,19,20,21
5,6,7,8,10,2,1,15,16,17,18,19,20,21
5,6,7,8,10,2,1,15,16,17,18,19,20,21
5,6,7,8,10,2,1,15,16,17,18,19,20,21
5,6,7,8,10,2,1,15,16,17,18,19,20,21
5,6,7,8,10,2,1,15,16,17,18,19,20,21
5,6,7,8,10,2,1,15,16,17,18,19,20,21
5,6,7,8,10,2,1,15,16,17,18,19,20,21
5,6,7,8,10,2,1,15,16,17,18,19,20,21
5,6,7,8,10,2,1,15,16,17,18,19,20,21
5,6,7,8,10,2,1,15,16,17,18,19,20,21
5,6,7,8,10,2,1,15,16,17,18,19,20,21
5,6,7,8,10,2,1,15,16,17,18,19,20,21
5,6,7,8,10,2,1,15,16,17,18,19,20,21
5,6,7,8,10,2,1,15,16,17,18,19,20,21
5,6,7,8,10,2,1,15,16,17,18,19,20,21
5,6,7,8,10,2,1,15,16,17,18,19,20,21
5,6,7,8,10,2,1,15,16,17,18,19,20,21
5,6,7,8,10,2,1,15,16,17,18,19,20,21
5,6,7,8,10,2,1,15,16,17,18,19,20,21
5,6,7,8,10,2,1,15,16,17,18,19,20,21
5,6,7,8,10,2,1,15,16,17,18,19,20,21
5,6,7,8,10,2,1,15,16,17,18,19,20,21
5,6,7,8,10,2,1,15,16,17,18,19,20,21
5,6,7,8,10,2,1,15,16,17,18,19,20,21
5,6,7,8,9,10,2,1,0,18,19,20,21
5,6,7,8,9,10,2,1,0,18,19,20,21
5,6,7,8,9,10,2,1,0,18,19,20,21
5,6,7,8,9,10,2,1,0,18,19,20,21
5,6,7,8,9,10,2,1,0,18,19,20,21
5,6,7,8,9,10,2,1,0,18,19,20,21
5,6,7,8,9,10,2,1,0,18,19,20,21
5,6,7,8,9,10,2,1,0,18,19,20,21
5,6,7,8,9,10,2,1,0,18,19,20,21
5,6,7,8,9,10,2,1,0,18,19,20,21
5,6,7,8,9,10,2,1,0,18,19,20,21
5,6,7,8,9,10,2,1,0,18,19,20,21
5,6,7,8,9,10,2,1,0,18,19,20,21
5,6,7,8,9,10,2,1,0,18,19,20,21
5,6,7,8,9,10,2,1,0,18,19,20,21
5,6,7,8,9,10,2,1,0,18,19,20,21
5,6,7,8,9,10,2,1,0,18,19,20,21
5,6,7,8,9,10,2,1,0,18,19,20,21
5,6,7,8,9,10,2,1,0,18,19,20,21
5,6,7,8,9,10,2,1,0,18,19,20,21
5,6,7,8,9,10,2,1,0,18,19,20,21
5,6,7,8,9,10,2,1,0,18,19,20,21
5,6,7,8,9,10,2,1,0,18,19,20,21
5,6,7,8,9,10,2,1,0,18,19,20,21
5,6,7,8,9,10,2,1,0,18,19,20,21
5,6,7,8,9,10,2,1,0,18,19,20,21
5,6,7,8,9,10,2,1,0,18,19,20,21
5,6,7,8,9,10,2,1,0,18,19,20,21
5,6,7,8,9,10,2,1,0,18,19,20,21
5,6,7,8,9,10,2,1,0,18,19,20,21
5,6,7,8,9,10,2,1,0,18,19,20,21
5,6,7,8,9,10,2,1,0,18,19,20,21
5,6,7,8,9,10,2,1,0,18,19,20,21
5,6,7,8,9,10,2,1,0,18,19,20,21
5,6,7,8,9,10,2,1,0,18,19,20,21
5,6,7,8,9,10,2,1,0,18,19,20,21
5,6,7,8,9,10,2,1,0,18,19,20,21
5,6,7,8,9,10,2,1,0,18,19,20,21
5,6,7,8,9,10,2,1,0,18,19,20,21
5,6,7,8,9,10,2,1,0,18,19,20,21
5,6,7,8,9,10,2,1,0,18,19,20,21
5,6,7,8,9,10,2,1,0,18,19,20,21
5,6,7,8,9,10,2,1,0,18,19,20,21
5,6,7,8,9,10,2,1,0,18,19,20,21
5,6,7,8,9,10,2,1,0,18,19,20,21
5,6,7,8,9,10,2,1,0,18,19,20,21
5,6,7,8,9,10,2,1,0,18,19,20,21
5,6,7,8,9,10,2,1,0,18,19,20,21
5,6,7,8,9,10,2,1,0,18,19,20,21
5,6,7,8,9,10,2,1,0,18,19,20,21
5,6,7,8,9,10,2,1,0,18,19,20,21
5,6,7,8,9,10,2,1,0,18,19,20,21
5,6,7,8,9,10,2,1,0,18,19,20,21
5,6,7,8,9,10,2,1,0,18,19,20,21
5,6,7,8,9,10,2,1,0,18,19,20,21
5,6,7,8,9,10,2,1,0,18,19,20,21
5,6,7,8,9,10,2,1,0,18,19,20,21
5,6,7,8,9,10,2,1,0,18,19,20,21
5,6,7,8,9,10,2,1,0,18,19,20,21
5,6,7,8,9,10,2,1,0,18,19,20,21
5,6,7,8,9,10,2,1,0,18,19,20,21
5,6,7,8,9,10,2,1,0,18,19,20,21
5,6,7,8,9,10,2,1,0,18,19,20,21
5,6,7,8,9,10,2,1,0,18,19,20,21
5,6,7,8,10,12,88,13,15,16,17,18,0,21
5,6,7,8,10,12,88,13,15,16,17,18,0,21
5,6,7,8,10,12,88,13,15,16,17,18,0,21
5,6,7,8,10,12,88,13,15,16,17,18,0,21
5,6,7,8,10,12,88,13,15,16,17,18,0,21
5,6,7,8,10,12,88,13,15,16,17,18,0,21
5,6,7,8,10,12,88,13,15,16,17,18,0,21
5,6,7,8,10,12,88,13,15,16,17,18,0,21
5,6,7,8,10,12,88,13,15,16,17,18,0,21
5,6,7,8,10,12,88,13,15,16,17,18,0,21
5,6,7,8,10,12,88,13,15,16,17,18,0,21
5,6,7,8,10,12,88,13,15,16,17,18,0,21
5,6,7,8,10,12,88,13,15,16,17,18,0,21
5,6,7,8,10,12,88,13,15,16,17,18,0,21
5,6,7,8,10,12,88,13,15,16,17,18,0,21
5,6,7,8,10,12,88,13,15,16,17,18,0,21
5,6,7,8,10,12,88,13,15,16,17,18,0,21
5,6,7,8,10,12,88,13,15,16,17,18,0,21
5,6,7,8,10,12,88,13,15,16,17,18,0,21
5,6,7,8,10,12,88,13,15,16,17,18,0,21
5,6,7,8,10,12,88,13,15,16,17,18,0,21
5,6,7,8,10,12,88,13,15,16,17,18,0,21
5,6,7,8,10,12,88,13,15,16,17,18,0,21
5,6,7,8,10,12,88,13,15,16,17,18,0,21
5,6,7,8,10,12,88,13,15,16,17,18,0,21
5,6,7,8,10,12,88,13,15,16,17,18,0,21
5,6,7,8,10,12,88,13,15,16,17,18,0,21
5,6,7,8,10,12,88,13,15,16,17,18,0,21
5,6,7,8,10,12,88,13,15,16,17,18,0,21
5,6,7,8,10,12,88,13,15,16,17,18,0,21
5,6,7,8,10,12,88,13,15,16,17,18,0,21
5,6,7,8,10,12,88,13,15,16,17,18,0,21
5,6,7,8,10,12,88,13,15,16,17,18,0,21
5,6,7,8,10,12,88,13,15,16,17,18,0,21
5,6,7,8,10,12,88,13,15,16,17,18,0,21
5,6,7,8,10,12,88,13,15,16,17,18,0,21
5,6,7,8,10,12,88,13,15,16,17,18,0,21
5,6,7,8,10,12,88,13,15,16,17,18,0,21
5,6,7,8,10,12,88,13,15,16,17,18,0,21
5,6,7,8,10,12,88,13,15,16,17,18,0,21
5,6,7,8,10,12,88,13,15,16,17,18,0,21
5,6,7,8,10,12,88,13,15,16,17,18,0,21
5,6,7,8,10,12,88,13,15,16,17,18,0,21
5,6,7,8,10,12,88,13,15,16,17,18,0,21
5,6,7,8,10,12,88,13,15,16,17,18,0,21
5,6,7,8,10,12,88,13,15,16,17,18,0,21
5,6,7,8,10,12,88,13,15,16,17,18,0,21
5,6,7,8,10,12,88,13,15,16,17,18,0,21
5,6,7,8,10,12,88,13,15,16,17,18,0,21
5,6,7,8,10,12,88,13,15,16,17,18,0,21
5,6,7,8,10,12,88,13,15,16,17,18,0,21
5,6,7,8,10,12,88,13,15,16,17,18,0,21
5,6,7,8,10,12,88,13,15,16,17,18,0,21
5,6,7,8,10,12,88,13,15,16,17,18,0,21
5,6,7,8,10,12,88,13,15,16,17,18,0,21
5,6,7,8,10,12,88,13,15,16,17,18,0,21
5,6,7,8,10,12,88,13,15,16,17,18,0,21
5,6,7,8,10,12,88,13,15,16,17,18,0,21
5,6,7,8,10,12,88,13,15,16,17,18,0,21
5,6,7,8,10,12,88,13,15,16,17,18,0,21
5,6,7,8,10,12,88,13,15,16,17,18,0,21
5,6,7,8,10,12,88,13,15,16,17,18,0,21
5,6,7,8,10,12,88,13,15,16,17,18,0,21
5,6,7,8,10,12,88,13,15,16,17,18,0,21
5,6,7,8,10,12,88,13,15,16,17,18,0,21
5,6,7,8,10,12,88,13,15,16,17,18,0,21
5,6,7,8,10,12,88,13,15,16,17,18,0,21
5,6,7,8,10,12,88,13,15,16,17,18,0,21
5,6,7,8,10,12,88,13,15,16,17,18,0,21
5,6,7,8,10,12,88,13,15,16,17,18,0,21
5,6,7,8,10,12,88,13,15,16,17,18,0,21
5,6,7,8,10,12,88,13,15,16,17,18,0,21
5,6,7,8,10,12,88,13,15,16,17,18,0,21
5,6,7,8,10,12,88,13,15,16,17,18,0,21
5,6,7,8,10,12,88,13,15,16,17,18,0,21
5,6,7,8,10,12,88,13,15,16,17,18,0,21
5,6,7,8,10,12,88,13,15,16,17,18,0,21
5,6,7,8,10,12,88,13,15,16,17,18,0,21
5,6,7,8,10,12,88,13,15,16,17,18,0,21
5,6,7,8,10,12,88,13,15,16,17,18,0,21
5,6,7,8,10,12,88,13,15,16,17,18,0,21
5,6,7,8,10,12,88,13,15,16,17,18,0,21
5,6,7,8,10,12,88,13,15,16,17,18,0,21
5,6,7,8,10,12,88,13,15,16,17,18,0,21
5,6,7,8,10,12,88,13,15,16,17,18,0,21
5,6,7,8,10,12,88,13,15,16,17,18,0,21
5,6,7,8,10,12,88,13,15,16,17,18,0,21
5,6,7,8,10,12,88,13,15,16,17,18,0,21
5,6,7,8,10,12,88,13,15,16,17,18,0,21
5,6,7,8,10,12,88,13,15,16,17,18,0,21
5,6,7,8,10,12,88,13,15,16,17,18,0,21
5,6,7,8,10,12,88,13,15,16,17,18,0,21
5,6,7,8,10,12,88,13,15,16,17,18,0,21
5,6,7,8,10,12,88,13,15,16,17,18,0,21
5,6,7,8,10,12,88,13,15,16,17,18,0,21
5,6,7,8,10,12,88,13,15,16,17,18,0,21
5,6,7,8,10,12,88,13,15,16,17,18,0,21
5,6,7,8,10,12,88,13,15,16,17,18,0,21
5,6,7,8,10,12,88,13,15,16,17,18,0,21
5,6,7,8,10,12,88,13,15,16,17,18,0,21
5,6,7,8,10,12,88,13,15,16,17,18,0,21
5,6,7,8,10,12,88,13,15,16,17,18,0,21
5,6,7,8,10,12,88,13,15,16,17,18,0,21
5,6,7,8,10,12,88,13,15,16,17,18,0,21
5,6,7,8,10,12,88,13,15,16,17,18,0,21
5,6,7,8,10,12,88,13,15,16,17,18,0,21
5,6,7,8,10,12,88,13,15,16,17,18,0,21
5,6,7,8,10,12,88,13,15,16,17,18,0,21
5,6,7,8,10,12,88,13,15,16,17,18,0,21
5,6,7,8,10,12,88,13,15,16,17,18,0,21
5,6,7,8,10,12,88,13,15,16,17,18,0,21
5,6,7,8,10,12,88,13,15,16,17,18,0,21
5,6,7,8,10,12,88,13,15,16,17,18,0,21
5,6,7,8,10,12,88,13,15,16,17,18,0,21
5,6,7,8,10,12,88,13,15,16,17,18,0,21
5,6,7,8,10,12,88,13,15,16,17,18,0,21
5,6,7,8,10,12,88,13,15,16,17,18,0,21
5,6,7,8,10,12,88,13,15,16,17,18,0,21
5,6,7,8,10,12,88,13,15,16,17,18,0,21
5,6,7,8,10,12,88,13,15,16,17,18,0,21
5,6,7,8,10,12,88,13,15,16,17,18,0,21
5,6,7,8,10,12,88,13,15,16,17,18,0,21
5,6,7,8,10,12,88,13,15,16,17,18,0,21
5,6,7,8,10,12,88,13,15,16,17,18,0,21
5,6,7,8,10,12,88,13,15,16,17,18,0,21
5,6,7,8,10,12,88,13,15,16,17,18,0,21
5,6,7,8,10,12,88,13,15,16,17,18,0,21
5,6,7,8,10,12,88,13,15,16,17,18,0,21
5,6,7,8,10,12,88,13,15,16,17,18,0,21
5,6,7,8,10,12,88,13,15,16,17,18,0,21
5,6,7,8,10,12,88,13,15,16,17,18,0,21
5,6,7,8,10,12,88,13,15,16,17,18,0,21
5,6,7,8,10,12,88,13,15,16,17,18,0,21
5,6,7,8,10,12,88,13,15,16,17,18,0,21
5,6,7,8,10,12,88,13,15,16,17,18,0,21
5,6,7,8,10,12,88,13,15,16,17,18,0,21
5,6,7,8,10,12,88,13,15,16,17,18,0,21
5,6,7,8,10,12,88,13,15,16,17,18,0,21
5,6,7,8,10,12,88,13,15,16,17,18,0,21
5,6,7,8,10,12,88,13,15,16,17,18,0,21
5,6,7,8,10,12,88,13,15,16,17,18,0,21
5,6,7,8,10,12,88,13,15,16,17,18,0,21
5,6,7,8,10,12,88,13,15,16,17,18,0,21
5,6,7,8,10,12,88,13,15,16,17,18,0,21
5,6,7,8,10,12,88,13,15,16,17,18,0,21
5,6,7,8,10,12,88,13,15,16,17,18,0,21
5,6,7,8,10,12,88,13,15,16,17,18,0,21
5,6,7,8,10,12,88,13,15,16,17,18,0,21
5,6,7,8,10,12,88,13,15,16,17,18,0,21
5,6,7,8,10,12,88,13,15,16,17,18,0,21
5,6,7,8,10,12,88,13,15,16,17,18,0,21
5,6,7,8,10,12,88,13,15,16,17,18,0,21
5,6,7,8,10,12,88,13,15,16,17,18,0,21
5,6,7,8,10,12,88,13,15,16,17,18,0,21
5,6,7,8,10,12,88,13,15,16,17,18,0,21
5,6,7,8,10,12,88,13,15,16,17,18,0,21
5,6,7,8,10,12,88,13,15,16,17,18,0,21
5,6,7,8,10,12,88,13,15,16,17,18,0,21
5,6,7,8,10,12,88,13,15,16,17,18,0,21
5,6,7,8,10,12,88,13,15,16,17,18,0,21
5,6,7,8,10,12,88,13,15,16,17,18,0,21
5,6,7,8,10,12,88,13,15,16,17,18,0,21
5,6,7,8,10,12,88,13,15,16,17,18,0,21
5,6,7,8,10,12,88,13,15,16,17,18,0,21
5,6,7,8,10,12,88,13,15,16,17,18,0,21
5,6,7,8,10,12,88,13,15,16,17,18,0,21
5,6,7,8,10,12,88,13,15,16,17,18,0,21
5,6,7,8,10,12,88,13,15,16,17,18,0,21
5,6,7,8,10,12,88,13,15,16,17,18,0,21
5,6,7,8,10,12,88,13,15,16,17,18,0,21
5,6,7,8,10,12,88,13,15,16,17,18,0,21
5,6,7,8,10,12,88,13,15,16,17,18,0,21
5,6,7,8,10,12,88,13,15,16,17,18,0,21
5,6,7,8,10,12,88,13,15,16,17,18,0,21
5,6,7,8,10,12,88,13,15,16,17,18,0,21
5,6,7,8,10,12,88,13,15,16,17,18,0,21
5,6,7,8,10,12,88,13,15,16,17,18,0,21
5,6,7,8,10,12,88,13,15,16,17,18,0,21
5,6,7,8,10,12,88,13,15,16,17,18,0,21
5,6,7,8,10,12,88,13,15,16,17,18,0,21
5,6,7,8,10,12,88,13,15,16,17,18,0,21
5,6,7,8,10,12,88,13,15,16,17,18,0,21
5,6,7,8,10,12,88,13,15,16,17,18,0,21
5,6,7,8,10,12,88,13,15,16,17,18,0,21
5,6,7,8,10,12,88,13,15,16,17,18,0,21
5,6,7,8,10,12,88,13,15,16,17,18,0,21
5,6,7,8,10,12,88,13,15,16,17,18,0,21
5,6,7,8,10,12,88,13,15,16,17,18,0,21
5,6,7,8,10,12,88,13,15,16,17,18,0,21
5,6,7,8,10,12,88,13,15,16,17,18,0,21
5,6,7,8,10,12,88,13,15,16,17,18,0,21
5,6,7,8,10,12,88,13,15,16,17,18,0,21
5,6,7,8,10,12,88,13,15,16,17,18,0,21
5,6,7,8,10,12,88,13,15,16,17,18,0,21
5,6,7,8,10,12,88,13,15,16,17,18,0,21
5,6,7,8,10,12,88,13,15,16,17,18,0,21
5,6,7,8,10,12,88,13,15,16,17,18,0,21
5,6,7,8,10,12,88,13,15,16,17,18,0,21
5,6,7,8,10,12,88,13,15,16,17,18,0,21
5,6,7,8,10,12,88,13,15,16,17,18,0,21
5,6,7,8,10,12,88,13,15,16,17,18,0,21
5,6,7,8,10,12,88,13,15,16,17,18,0,21
5,6,7,8,10,12,88,13,15,16,17,18,0,21
5,6,7,8,10,12,88,13,15,16,17,18,0,21
5,6,7,8,10,12,88,13,15,16,17,18,0,21
5,6,7,8,10,12,88,13,15,16,17,18,0,21
5,6,7,8,10,12,88,13,15,16,17,18,0,21
5,6,7,8,10,12,88,13,15,16,17,18,0,21
5,6,7,8,10,12,88,13,15,16,17,18,0,21
5,6,7,8,10,12,88,13,15,16,17,18,0,21
5,6,7,8,10,12,88,13,15,16,17,18,0,21
5,6,7,8,10,12,88,13,15,16,17,18,0,21
5,6,7,8,10,12,88,13,15,16,17,18,0,21
5,6,7,8,10,12,88,13,15,16,17,18,0,21
5,6,7,8,10,12,88,13,15,16,17,18,0,21
5,6,7,8,10,12,88,13,15,16,17,18,0,21
5,6,7,8,10,12,88,13,15,16,17,18,0,21
5,6,7,8,10,12,88,13,15,16,17,18,0,21
5,6,7,8,10,12,88,13,15,16,17,18,0,21
5,6,7,8,10,12,88,13,15,16,17,18,0,21
5,6,7,8,10,12,88,13,15,16,17,18,0,21
5,6,7,8,10,12,88,13,15,16,17,18,0,21
5,6,7,8,10,12,88,13,15,16,17,18,0,21
5,6,7,8,10,12,88,13,15,16,17,18,0,21
5,6,7,8,10,12,88,13,15,16,17,18,0,21
5,6,7,8,10,12,88,13,15,16,17,18,0,21
5,6,7,8,10,12,88,13,15,16,17,18,0,21
5,6,7,8,10,12,88,13,15,16,17,18,0,21
5,6,7,8,10,12,88,13,15,16,17,18,0,21
5,6,7,8,10,12,88,13,15,16,17,18,0,21
5,6,7,8,10,12,88,13,15,16,17,18,0,21
5,6,7,8,10,12,88,13,15,16,17,18,0,21
5,6,7,8,10,12,88,13,15,16,17,18,0,21
5,6,7,8,10,12,88,13,15,16,17,18,0,21
5,6,7,8,10,12,88,13,15,16,17,18,0,21
5,6,7,8,10,12,88,13,15,16,17,18,0,21
5,6,7,8,10,12,88,13,15,16,17,18,0,21
5,6,7,8,10,12,88,13,15,16,17,18,0,21
5,6,7,8,10,12,88,13,15,16,17,18,0,21
5,6,7,8,10,12,88,13,15,16,17,18,0,21
5,6,7,8,10,12,88,13,15,16,17,18,0,21
5,6,7,8,10,12,88,13,15,16,17,18,0,21
5,6,7,8,10,12,88,13,15,16,17,18,0,21
5,6,7,8,10,12,88,13,15,16,17,18,0,21
5,6,7,8,10,12,88,13,15,16,17,18,0,21
5,6,7,8,10,12,88,13,15,16,17,18,0,21
5,6,7,8,10,12,88,13,15,16,17,18,0,21
5,6,7,8,10,12,88,13,15,16,17,18,0,21
5,6,7,8,10,12,88,13,15,16,17,18,0,21
5,6,7,8,10,12,88,13,15,16,17,18,0,21
5,6,7,8,10,12,88,13,15,16,17,18,0,21
5,6,7,8,10,12,88,13,15,16,17,18,0,21
5,6,7,8,10,12,88,13,15,16,17,18,0,21
5,6,7,8,10,12,88,13,15,16,17,18,0,21
5,6,7,8,10,12,88,13,15,16,17,18,0,21
5,6,7,8,10,12,88,13,15,16,17,18,0,21
5,6,7,8,10,12,88,13,15,16,17,18,0,21
5,6,7,8,10,12,88,13,15,16,17,18,0,21
5,6,7,8,10,12,88,13,15,16,17,18,0,21
5,6,7,8,10,12,88,13,15,16,17,18,0,21
5,6,7,8,10,12,88,13,15,16,17,18,0,21
5,6,7,8,10,12,88,13,15,16,17,18,0,21
5,6,7,8,10,12,88,13,15,16,17,18,0,21
5,6,7,8,10,12,88,13,15,16,17,18,0,21
5,6,7,8,10,12,88,13,15,16,17,18,0,21
5,6,7,8,10,12,88,13,15,16,17,18,0,21
5,6,7,8,10,12,88,13,15,16,17,18,0,21
5,6,7,8,10,12,88,13,15,16,17,18,0,21
5,6,7,8,10,12,88,13,15,16,17,18,0,21
5,6,7,8,10,12,88,13,15,16,17,18,0,21
5,6,7,8,10,12,88,13,15,16,17,18,0,21
5,6,7,8,10,12,88,13,15,16,17,18,0,21
5,6,7,8,10,12,88,13,15,16,17,18,0,21
5,6,7,8,10,12,88,13,15,16,17,18,0,21
5,6,7,8,10,12,88,13,15,16,17,18,0,21
5,6,7,8,10,12,88,13,15,16,17,18,0,21
5,6,7,8,10,12,88,13,15,16,17,18,0,21
5,6,7,8,10,12,88,13,15,16,17,18,0,21
5,6,7,8,10,12,88,13,15,16,17,18,0,21
5,6,7,8,10,12,88,13,15,16,17,18,0,21
5,6,7,8,10,12,88,13,15,16,17,18,0,21
5,6,7,8,10,12,88,13,15,16,17,18,0,21
5,6,7,8,10,12,88,13,15,16,17,18,0,21
5,6,7,8,10,12,88,13,15,16,17,18,0,21
5,6,7,8,10,12,88,13,15,16,17,18,0,21
5,6,7,8,10,12,88,13,15,16,17,18,0,21
5,6,7,8,10,12,88,13,15,16,17,18,0,21
5,6,7,8,10,12,88,13,15,16,17,18,0,21
5,6,7,8,10,12,88,13,15,16,17,18,0,21
5,6,7,8,10,12,88,13,15,16,17,18,0,21
5,6,7,8,10,12,88,13,15,16,17,18,0,21
5,6,7,8,10,12,88,13,15,16,17,18,0,21
5,6,7,8,10,12,88,13,15,16,17,18,0,21
5,6,7,8,10,12,88,13,15,16,17,18,0,21
5,6,7,8,10,12,88,13,15,16,17,18,0,21
5,6,7,8,10,12,88,13,15,16,17,18,0,21
5,6,7,8,10,12,88,13,15,16,17,18,0,21
5,6,7,8,10,12,88,13,15,16,17,18,0,21
5,6,7,8,10,12,88,13,15,16,17,18,0,21
5,6,7,8,10,12,88,13,15,16,17,18,0,21
5,6,7,8,10,12,88,13,15,16,17,18,0,21
5,6,7,8,10,12,88,13,15,16,17,18,0,21
5,6,7,8,10,12,88,13,15,16,17,18,0,21
5,6,7,8,10,12,88,13,15,16,17,18,0,21
5,6,7,8,10,12,88,13,15,16,17,18,0,21
5,6,7,8,10,12,88,13,15,16,17,18,0,21
5,6,7,8,10,12,88,13,15,16,17,18,0,21
5,6,7,8,10,12,88,13,15,16,17,18,0,21
5,6,7,8,10,12,88,13,15,16,17,18,0,21
5,6,7,8,10,12,88,13,15,16,17,18,0,21
5,6,7,8,10,12,88,13,15,16,17,18,0,21
5,6,7,8,10,12,88,13,15,16,17,18,0,21
5,6,7,8,10,12,88,13,15,16,17,18,0,21
5,6,7,8,10,12,88,13,15,16,17,18,0,21
5,6,7,8,10,12,88,13,15,16,17,18,0,21
5,6,7,8,10,12,88,13,15,16,17,18,0,21
5,6,7,8,10,12,88,13,15,16,17,18,0,21
5,6,7,8,10,12,88,13,15,16,17,18,0,21
5,6,7,8,10,12,88,13,15,16,17,18,0,21
5,6,7,8,10,12,88,13,15,16,17,18,0,21
5,6,7,8,10,12,88,13,15,16,17,18,0,21
5,6,7,8,10,12,88,13,15,16,17,18,0,21
5,6,7,8,10,12,88,13,15,16,17,18,0,21
5,6,7,8,10,12,88,13,15,16,17,18,0,21
5,6,7,8,10,12,88,13,15,16,17,18,0,21
5,6,7,8,10,12,88,13,15,16,17,18,0,21
5,6,7,8,10,12,88,13,15,16,17,18,0,21
5,6,7,8,10,12,88,13,15,16,17,18,0,21
5,6,7,8,10,12,88,13,15,16,17,18,0,21
5,6,7,8,10,12,88,13,15,16,17,18,0,21
5,6,7,8,10,12,88,13,15,16,17,18,0,21
5,6,7,8,10,12,88,13,15,16,17,18,0,21
5,6,7,8,10,12,88,13,15,16,17,18,0,21
5,6,7,8,10,12,88,13,15,16,17,18,0,21
5,6,7,8,10,12,88,13,15,16,17,18,0,21
5,6,7,8,10,12,88,13,15,16,17,18,0,21
5,6,7,8,10,12,88,13,15,16,17,18,0,21
5,6,7,8,10,12,88,13,15,16,17,18,0,21
5,6,7,8,10,12,88,13,15,16,17,18,0,21
5,6,7,8,10,12,88,13,15,16,17,18,0,21
5,6,7,8,10,12,88,13,15,16,17,18,0,21
5,6,7,8,10,12,88,13,15,16,17,18,0,21
5,6,7,8,10,12,88,13,15,16,17,18,0,21
5,6,7,8,10,12,88,13,15,16,17,18,0,21
5,6,7,8,10,12,88,13,15,16,17,18,0,21
5,6,7,8,10,12,88,13,15,16,17,18,0,21
5,6,7,8,10,12,88,13,15,16,17,18,0,21
5,6,7,8,10,12,88,13,15,16,17,18,0,21
5,6,7,8,10,12,88,13,15,16,17,18,0,21
5,6,7,8,10,12,88,13,15,16,17,18,0,21
5,6,7,8,10,12,88,13,15,16,17,18,0,21
5,6,7,8,10,12,88,13,15,16,17,18,0,21
5,6,7,8,10,12,88,13,15,16,17,18,0,21
5,6,7,8,10,12,88,13,15,16,17,18,0,21
5,6,7,8,10,12,88,13,15,16,17,18,0,21
5,6,7,8,10,12,88,13,15,16,17,18,0,21
5,6,7,8,10,12,88,13,15,16,17,18,0,21
5,6,7,8,10,12,88,13,15,16,17,18,0,21
5,6,7,8,10,12,88,13,15,16,17,18,0,21
5,6,7,8,10,12,88,13,15,16,17,18,0,21
5,6,7,8,10,12,88,13,15,16,17,18,0,21
5,6,7,8,10,12,88,13,15,16,17,18,0,21
5,6,7,8,10,12,88,13,15,16,17,18,0,21
5,6,7,8,10,12,88,13,15,16,17,18,0,21
5,6,7,8,10,12,88,13,15,16,17,18,0,21
5,6,7,8,10,12,88,13,15,16,17,18,0,21
5,6,7,8,10,12,88,13,15,16,17,18,0,21
5,6,7,8,10,12,88,13,15,16,17,18,0,21
5,6,7,8,10,12,88,13,15,16,17,18,0,21
5,6,7,8,10,12,88,13,15,16,17,18,0,21
5,6,7,8,10,12,88,13,15,16,17,18,0,21
5,6,7,8,10,12,88,13,15,16,17,18,0,21
5,6,7,8,10,12,88,13,15,16,17,18,0,21
5,6,7,8,10,12,88,13,15,16,17,18,0,21
5,6,7,8,10,12,88,13,15,16,17,18,0,21
5,6,7,8,10,12,88,13,15,16,17,18,0,21
5,6,7,8,10,12,88,13,15,16,17,18,0,21
5,6,7,8,10,12,88,13,15,16,17,18,0,21
5,6,7,8,10,12,88,13,15,16,17,18,0,21
5,6,7,8,10,12,88,13,15,16,17,18,0,21
5,6,7,8,10,12,88,13,15,16,17,18,0,21
5,6,7,8,10,12,88,13,15,16,17,18,0,21
5,6,7,8,10,12,88,13,15,16,17,18,0,21
5,6,7,8,10,12,88,13,15,16,17,18,0,21
5,6,7,8,10,12,88,13,15,16,17,18,0,21
5,6,7,8,10,12,88,13,15,16,17,18,0,21
5,6,7,8,10,12,88,13,15,16,17,18,0,21
5,6,7,8,10,12,88,13,15,16,17,18,0,21
5,6,7,8,10,12,88,13,15,16,17,18,0,21
5,6,7,8,10,12,88,13,15,16,17,18,0,21
5,6,7,8,10,12,88,13,15,16,17,18,0,21
5,6,7,8,10,12,88,13,15,16,17,18,0,21
5,6,7,8,10,12,88,13,15,16,17,18,0,21
5,6,7,8,10,12,88,13,15,16,17,18,0,21
5,6,7,8,10,12,88,13,15,16,17,18,0,21
5,6,7,8,10,12,88,13,15,16,17,18,0,21
5,6,7,8,10,12,88,13,15,16,17,18,0,21
5,6,7,8,10,12,88,13,15,16,17,18,0,21
5,6,7,8,10,12,88,13,15,16,17,18,0,21
5,6,7,8,10,12,88,13,15,16,17,18,0,21
5,6,7,8,10,12,88,13,15,16,17,18,0,21
5,6,7,8,10,12,88,13,15,16,17,18,0,21
5,6,7,8,10,12,88,13,15,16,17,18,0,21
5,6,7,8,10,12,88,13,15,16,17,18,0,21
5,6,7,8,10,12,88,13,15,16,17,18,0,21
5,6,7,8,10,12,88,13,15,16,17,18,0,21
5,6,7,8,10,12,88,13,15,16,17,18,0,21
5,6,7,8,10,12,88,13,15,16,17,18,0,21
5,6,7,8,10,12,88,13,15,16,17,18,0,21
5,6,7,8,10,12,88,13,15,16,17,18,0,21
5,6,7,8,10,12,88,13,15,16,17,18,0,21
5,6,7,8,10,12,88,13,15,16,17,18,0,21
5,6,7,8,10,12,88,13,15,16,17,18,0,21
5,6,7,8,10,12,88,13,15,16,17,18,0,21
5,6,7,8,10,12,88,13,15,16,17,18,0,21
5,6,7,8,10,12,88,13,15,16,17,18,0,21
5,6,7,8,10,12,88,13,15,16,17,18,0,21
5,6,7,8,10,12,88,13,15,16,17,18,0,21
5,6,7,8,10,12,88,13,15,16,17,18,0,21
5,6,7,8,10,12,88,13,15,16,17,18,0,21
5,6,7,8,10,12,88,13,15,16,17,18,0,21
5,6,7,8,10,12,88,13,15,16,17,18,0,21
5,6,7,8,10,12,88,13,15,16,17,18,0,21
5,6,7,8,10,12,88,13,15,16,17,18,0,21
5,6,7,8,10,12,88,13,15,16,17,18,0,21
5,6,7,8,10,12,88,13,15,16,17,18,0,21
5,6,7,8,10,12,88,13,15,16,17,18,0,21
5,6,7,8,10,12,88,13,15,16,17,18,0,21
5,6,7,8,10,12,88,13,15,16,17,18,0,21
5,6,7,8,10,12,88,13,15,16,17,18,0,21
5,6,7,8,10,12,88,13,15,16,17,18,0,21
5,6,7,8,10,12,88,13,15,16,17,18,0,21
5,6,7,8,10,12,88,13,15,16,17,18,0,21
5,6,7,8,10,12,88,13,15,16,17,18,0,21
5,6,7,8,10,12,88,13,15,16,17,18,0,21
5,6,7,8,10,12,88,13,15,16,17,18,0,21
5,6,7,8,10,12,88,13,15,16,17,18,0,21
5,6,7,8,10,12,88,13,15,16,17,18,0,21
5,6,7,8,10,12,88,13,15,16,17,18,0,21
5,6,7,8,10,12,88,13,15,16,17,18,0,21
5,6,7,8,10,12,88,13,15,16,17,18,0,21
5,6,7,8,10,12,88,13,15,16,17,18,0,21
5,6,7,8,10,12,88,13,15,16,17,18,0,21
5,6,7,8,10,12,88,13,15,16,17,18,0,21
5,6,7,8,10,12,88,13,15,16,17,18,0,21
5,6,7,8,10,12,88,13,15,16,17,18,0,21
5,6,7,8,10,12,88,13,15,16,17,18,0,21
5,6,7,8,10,12,88,13,15,16,17,18,0,21
5,6,7,8,10,12,88,13,15,16,17,18,0,21
5,6,7,8,10,12,88,13,15,16,17,18,0,21
5,6,7,8,10,12,88,13,15,16,17,18,0,21
5,6,7,8,10,12,88,13,15,16,17,18,0,21
5,6,7,8,10,12,88,13,15,16,17,18,0,21
5,6,7,8,10,12,88,13,15,16,17,18,0,21
5,6,7,8,10,12,88,13,15,16,17,18,0,21
5,6,7,8,10,12,88,13,15,16,17,18,0,21
5,6,7,8,10,12,88,13,15,16,17,18,0,21
5,6,7,8,10,12,88,13,15,16,17,18,0,21
5,6,7,8,10,12,88,13,15,16,17,18,0,21
5,6,7,8,10,12,88,13,15,16,17,18,0,21
5,6,7,8,10,12,88,13,15,16,17,18,0,21
5,6,7,8,10,12,88,13,15,16,17,18,0,21
5,6,7,8,10,12,88,13,15,16,17,18,0,21
5,6,7,8,10,12,88,13,15,16,17,18,0,21
5,6,7,8,10,12,88,13,15,16,17,18,0,21
5,6,7,8,10,12,88,13,15,16,17,18,0,21
5,6,7,8,10,12,88,13,15,16,17,18,0,21
5,6,7,8,10,12,88,13,15,16,17,18,0,21
5,6,7,8,10,12,88,13,15,16,17,18,0,21
5,6,7,8,10,12,88,13,15,16,17,18,0,21
5,6,7,8,10,12,88,13,15,16,17,18,0,21
5,6,7,8,10,12,88,13,15,16,17,18,0,21
5,6,7,8,10,12,88,13,15,16,17,18,0,21
5,6,7,8,10,12,88,13,15,16,17,18,0,21
5,6,7,8,10,12,88,13,15,16,17,18,0,21
5,6,7,8,10,12,88,13,15,16,17,18,0,21
5,6,7,8,10,12,88,13,15,16,17,18,0,21
5,6,7,8,10,12,88,13,15,16,17,18,0,21
5,6,7,8,10,12,88,13,15,16,17,18,0,21
5,6,7,8,10,12,88,13,15,16,17,18,0,21
5,6,7,8,10,12,88,13,15,16,17,18,0,21
5,6,7,8,10,12,88,13,15,16,17,18,0,21
5,6,7,8,10,12,88,13,15,16,17,18,0,21
5,6,7,8,10,12,88,13,15,16,17,18,0,21
5,6,7,8,10,12,88,13,15,16,17,18,0,21
5,6,7,8,10,12,88,13,15,16,17,18,0,21
5,6,7,8,10,12,88,13,15,16,17,18,0,21
5,6,7,8,10,12,88,13,15,16,17,18,0,21
5,6,7,8,10,12,88,13,15,16,17,18,0,21
5,6,7,8,10,12,88,13,15,16,17,18,0,21
5,6,7,8,10,12,88,13,15,16,17,18,0,21
5,6,7,8,10,12,88,13,15,16,17,18,0,21
5,6,7,8,10,12,88,13,15,16,17,18,0,21
5,6,7,8,10,12,88,13,15,16,17,18,0,21
5,6,7,8,10,12,88,13,15,16,17,18,0,21
5,6,7,8,10,12,88,13,15,16,17,18,0,21
5,6,7,8,10,12,88,13,15,16,17,18,0,21
5,6,7,8,10,12,88,13,15,16,17,18,0,21
5,6,7,8,10,12,88,13,15,16,17,18,0,21
5,6,7,8,10,12,88,13,15,16,17,18,0,21
5,6,7,8,10,12,88,13,15,16,17,18,0,21
5,6,7,8,10,12,88,13,15,16,17,18,0,21
5,6,7,8,10,12,88,13,15,16,17,18,0,21
5,6,7,8,10,12,88,13,15,16,17,18,0,21
5,6,7,8,10,12,88,13,15,16,17,18,0,21
5,6,7,8,10,12,88,13,15,16,17,18,0,21
5,6,7,8,10,12,88,13,15,16,17,18,0,21
5,6,7,8,10,12,88,13,15,16,17,18,0,21
5,6,7,8,10,12,88,13,15,16,17,18,0,21
5,6,7,8,10,12,88,13,15,16,17,18,0,21
5,6,7,8,10,12,88,13,15,16,17,18,0,21
5,6,7,8,10,12,88,13,15,16,17,18,0,21
5,6,7,3,2,1,15,17,18,0,21
5,6,7,3,2,1,15,17,18,0,21
5,6,7,3,2,1,15,17,18,0,21
5,6,7,3,2,1,15,17,18,0,21
5,6,7,3,2,1,15,17,18,0,21
5,6,7,3,2,1,15,17,18,0,21
5,6,7,3,2,1,15,17,18,0,21
5,6,7,3,2,1,15,17,18,0,21
5,6,7,3,2,1,15,17,18,0,21
5,6,7,3,2,1,15,17,18,0,21
5,6,7,3,2,1,15,17,18,0,21
5,6,7,3,2,1,15,17,18,0,21
5,6,7,3,2,1,15,17,18,0,21
5,6,7,3,2,1,15,17,18,0,21
5,6,7,3,2,1,15,17,18,0,21
5,6,7,3,2,1,15,17,18,0,21
5,6,7,3,2,1,15,17,18,0,21
5,6,7,3,2,1,15,17,18,0,21
5,6,7,3,2,1,15,17,18,0,21
5,6,7,3,2,1,15,17,18,0,21
5,6,7,3,2,1,15,17,18,0,21
5,6,7,3,2,1,15,17,18,0,21
5,6,7,3,2,1,15,17,18,0,21
5,6,7,3,2,1,15,17,18,0,21
5,6,7,3,2,1,15,17,18,0,21
5,6,7,3,2,1,15,17,18,0,21
5,6,7,3,2,1,15,17,18,0,21
5,6,7,3,2,1,15,17,18,0,21
5,6,7,3,2,1,15,17,18,0,21
5,6,7,3,2,1,15,17,18,0,21
5,6,7,3,2,1,15,17,18,0,21
5,6,7,3,2,1,15,17,18,0,21
5,6,7,8,10,2,1,15,16,17,18,0,21
5,6,7,8,10,2,1,15,16,17,18,0,21
5,6,7,8,10,2,1,15,16,17,18,0,21
5,6,7,8,10,2,1,15,16,17,18,0,21
5,6,7,8,10,2,1,15,16,17,18,0,21
5,6,7,8,10,2,1,15,16,17,18,0,21
5,6,7,8,10,2,1,15,16,17,18,0,21
5,6,7,8,10,2,1,15,16,17,18,0,21
5,6,7,8,10,2,1,15,16,17,18,0,21
5,6,7,8,10,2,1,15,16,17,18,0,21
5,6,7,8,10,2,1,15,16,17,18,0,21
5,6,7,8,10,2,1,15,16,17,18,0,21
5,6,7,8,10,2,1,15,16,17,18,0,21
5,6,7,8,10,2,1,15,16,17,18,0,21
5,6,7,8,10,2,1,15,16,17,18,0,21
5,6,7,8,10,2,1,15,16,17,18,0,21
5,6,7,8,10,2,1,15,16,17,18,0,21
5,6,7,8,10,2,1,15,16,17,18,0,21
5,6,7,8,10,2,1,15,16,17,18,0,21
5,6,7,8,10,2,1,15,16,17,18,0,21
5,6,7,8,10,2,1,15,16,17,18,0,21
5,6,7,8,10,2,1,15,16,17,18,0,21
5,6,7,8,10,2,1,15,16,17,18,0,21
5,6,7,8,10,2,1,15,16,17,18,0,21
5,6,7,8,10,2,1,15,16,17,18,0,21
5,6,7,8,10,2,1,15,16,17,18,0,21
5,6,7,8,10,2,1,15,16,17,18,0,21
5,6,7,8,10,2,1,15,16,17,18,0,21
5,6,7,8,10,2,1,15,16,17,18,0,21
5,6,7,8,10,2,1,15,16,17,18,0,21
5,6,7,8,10,2,1,15,16,17,18,0,21
5,6,7,8,10,2,1,15,16,17,18,0,21
5,6,7,8,10,2,1,15,16,17,18,0,21
5,6,7,8,10,2,1,15,16,17,18,0,21
5,6,7,8,10,2,1,15,16,17,18,0,21
5,6,7,8,10,2,1,15,16,17,18,0,21
5,6,7,8,10,2,1,15,16,17,18,0,21
5,6,7,8,10,2,1,15,16,17,18,0,21
5,6,7,8,10,2,1,15,16,17,18,0,21
5,6,7,8,10,2,1,15,16,17,18,0,21
5,6,7,8,10,2,1,15,16,17,18,0,21
5,6,7,8,10,2,1,15,16,17,18,0,21
5,6,7,8,10,2,1,15,16,17,18,0,21
5,6,7,8,10,2,1,15,16,17,18,0,21
5,6,7,8,10,2,1,15,16,17,18,0,21
5,6,7,8,10,2,1,15,16,17,18,0,21
5,6,7,8,10,2,1,15,16,17,18,0,21
5,6,7,8,10,2,1,15,16,17,18,0,21
5,6,7,8,10,2,1,15,16,17,18,0,21
5,6,7,8,10,2,1,15,16,17,18,0,21
5,6,7,8,10,2,1,15,16,17,18,0,21
5,6,7,8,10,2,1,15,16,17,18,0,21
5,6,7,8,10,2,1,15,16,17,18,0,21
5,6,7,8,10,2,1,15,16,17,18,0,21
5,6,7,8,10,2,1,15,16,17,18,0,21
5,6,7,8,10,2,1,15,16,17,18,0,21
5,6,7,8,10,2,1,15,16,17,18,0,21
5,6,7,8,10,2,1,15,16,17,18,0,21
5,6,7,8,10,2,1,15,16,17,18,0,21
5,6,7,8,10,2,1,15,16,17,18,0,21
5,6,7,8,10,2,1,15,16,17,18,0,21
5,6,7,8,10,2,1,15,16,17,18,0,21
5,6,7,8,10,2,1,15,16,17,18,0,21
5,6,7,8,10,2,1,15,16,17,18,0,21
5,6,7,8,10,2,1,15,16,17,18,0,21
5,6,7,8,10,2,1,15,16,17,18,0,21
5,6,7,8,10,2,1,15,16,17,18,0,21
5,6,7,8,10,2,1,15,16,17,18,0,21
5,6,7,8,10,2,1,15,16,17,18,0,21
5,6,7,8,10,2,1,15,16,17,18,0,21
5,6,7,8,10,2,1,15,16,17,18,0,21
5,6,7,8,10,2,1,15,16,17,18,0,21
5,6,7,8,10,2,1,15,16,17,18,0,21
5,6,7,8,10,2,1,15,16,17,18,0,21
5,6,7,8,10,2,1,15,16,17,18,0,21
5,6,7,8,10,2,1,15,16,17,18,0,21
5,6,7,8,10,2,1,15,16,17,18,0,21
5,6,7,8,10,2,1,15,16,17,18,0,21
5,6,7,8,10,2,1,15,16,17,18,0,21
5,6,7,8,10,2,1,15,16,17,18,0,21
5,6,7,8,10,2,1,15,16,17,18,0,21
5,6,7,8,10,2,1,15,16,17,18,0,21
5,6,7,8,10,2,1,15,16,17,18,0,21
5,6,7,8,10,2,1,15,16,17,18,0,21
5,6,7,8,10,2,1,15,16,17,18,0,21
5,6,7,8,10,2,1,15,16,17,18,0,21
5,6,7,8,10,2,1,15,16,17,18,0,21
5,6,7,8,10,2,1,15,16,17,18,0,21
5,6,7,8,10,2,1,15,16,17,18,0,21
5,6,7,8,10,2,1,15,16,17,18,0,21
5,6,7,8,10,2,1,15,16,17,18,0,21
5,6,7,8,10,2,1,15,16,17,18,0,21
5,6,7,8,10,2,1,15,16,17,18,0,21
5,6,7,8,10,2,1,15,16,17,18,0,21
5,6,7,8,10,2,1,15,16,17,18,0,21
5,6,7,8,10,2,1,15,16,17,18,0,21
5,6,7,8,10,2,1,15,16,17,18,0,21
5,6,7,8,10,2,1,15,16,17,18,0,21
5,6,7,8,10,2,1,15,16,17,18,0,21
5,6,7,8,10,2,1,15,16,17,18,0,21
5,6,7,8,10,2,1,15,16,17,18,0,21
5,6,7,8,10,2,1,15,16,17,18,0,21
5,6,7,8,10,2,1,15,16,17,18,0,21
5,6,7,8,10,2,1,15,16,17,18,0,21
5,6,7,8,10,2,1,15,16,17,18,0,21
5,6,7,8,10,2,1,15,16,17,18,0,21
5,6,7,8,10,2,1,15,16,17,18,0,21
5,6,7,8,10,2,1,15,16,17,18,0,21
5,6,7,8,10,2,1,15,16,17,18,0,21
5,6,7,8,10,2,1,15,16,17,18,0,21
5,6,7,8,10,2,1,15,16,17,18,0,21
5,6,7,8,10,2,1,15,16,17,18,0,21
5,6,7,8,10,2,1,15,16,17,18,0,21
5,6,7,8,10,2,1,15,16,17,18,0,21
5,6,7,8,10,2,1,15,16,17,18,0,21
5,6,7,8,10,2,1,15,16,17,18,0,21
5,6,7,8,10,2,1,15,16,17,18,0,21
5,6,7,8,10,2,1,15,16,17,18,0,21
5,6,7,8,10,2,1,15,16,17,18,0,21
5,6,7,8,10,2,1,15,16,17,18,0,21
5,6,7,8,10,2,1,15,16,17,18,0,21
5,6,7,8,10,2,1,15,16,17,18,0,21
5,6,7,8,10,2,1,15,16,17,18,0,21
5,6,7,8,10,2,1,15,16,17,18,0,21
5,6,7,8,10,2,1,15,16,17,18,0,21
5,6,7,8,10,2,1,15,16,17,18,0,21
5,6,7,8,10,2,1,15,16,17,18,0,21
5,6,7,8,10,2,1,15,16,17,18,0,21
5,6,7,8,10,2,1,15,16,17,18,0,21
5,6,7,8,10,2,1,15,16,17,18,0,21
5,6,7,8,10,2,1,15,16,17,18,0,21
5,6,7,8,10,2,1,15,16,17,18,0,21
5,6,7,8,10,2,1,15,16,17,18,0,21
5,6,7,8,10,2,1,15,16,17,18,0,21
5,6,7,8,10,2,1,15,16,17,18,0,21
5,6,7,8,10,2,1,15,16,17,18,0,21
5,6,7,8,10,2,1,15,16,17,18,0,21
5,6,7,8,10,2,1,15,16,17,18,0,21
5,6,7,8,10,2,1,15,16,17,18,0,21
5,6,7,8,10,2,1,15,16,17,18,0,21
5,6,7,8,10,2,1,15,16,17,18,0,21
5,6,7,8,10,2,1,15,16,17,18,0,21
5,6,7,8,10,2,1,15,16,17,18,0,21
5,6,7,8,10,2,1,15,16,17,18,0,21
5,6,7,8,10,2,1,15,16,17,18,0,21
5,6,7,8,10,2,1,15,16,17,18,0,21
5,6,7,8,10,2,1,15,16,17,18,0,21
5,6,7,8,10,2,1,15,16,17,18,0,21
5,6,7,8,10,2,1,15,16,17,18,0,21
5,6,7,8,10,2,1,15,16,17,18,0,21
5,6,7,8,10,2,1,15,16,17,18,0,21
5,6,7,8,10,2,1,15,16,17,18,0,21
5,6,7,8,10,2,1,15,16,17,18,0,21
5,6,7,8,10,2,1,15,16,17,18,0,21
5,6,7,8,10,2,1,15,16,17,18,0,21
5,6,7,8,10,2,1,15,16,17,18,0,21
5,6,7,8,10,2,1,15,16,17,18,0,21
5,6,7,8,10,2,1,15,16,17,18,0,21
5,6,7,8,10,2,1,15,16,17,18,0,21
5,6,7,8,10,2,1,15,16,17,18,0,21
5,6,7,8,10,2,1,15,16,17,18,0,21
5,6,7,8,10,2,1,15,16,17,18,0,21
5,6,7,8,10,2,1,15,16,17,18,0,21
5,6,7,8,10,2,1,15,16,17,18,0,21
5,6,7,8,10,2,1,15,16,17,18,0,21
5,6,7,8,10,2,1,15,16,17,18,0,21
5,6,7,8,10,2,1,15,16,17,18,0,21
5,6,7,8,10,2,1,15,16,17,18,0,21
5,6,7,8,10,2,1,15,16,17,18,0,21
5,6,7,8,10,2,1,15,16,17,18,0,21
5,6,7,8,10,2,1,15,16,17,18,0,21
5,6,7,8,10,2,1,15,16,17,18,0,21
5,6,7,8,10,2,1,15,16,17,18,0,21
5,6,7,8,10,2,1,15,16,17,18,0,21
5,6,7,8,10,2,1,15,16,17,18,0,21
5,6,7,8,10,2,1,15,16,17,18,0,21
5,6,7,8,10,2,1,15,16,17,18,0,21
5,6,7,8,10,2,1,15,16,17,18,0,21
5,6,7,8,10,2,1,15,16,17,18,0,21
5,6,7,8,10,2,1,15,16,17,18,0,21
5,6,7,8,10,2,1,15,16,17,18,0,21
5,6,7,8,10,2,1,15,16,17,18,0,21
5,6,7,8,10,2,1,15,16,17,18,0,21
5,6,7,8,10,2,1,15,16,17,18,0,21
5,6,7,8,10,2,1,15,16,17,18,0,21
5,6,7,8,10,2,1,15,16,17,18,0,21
5,6,7,8,10,2,1,15,16,17,18,0,21
5,6,7,8,10,2,1,15,16,17,18,0,21
5,6,7,8,10,2,1,15,16,17,18,0,21
5,6,7,8,10,2,1,15,16,17,18,0,21
5,6,7,8,10,2,1,15,16,17,18,0,21
5,6,7,8,10,2,1,15,16,17,18,0,21
5,6,7,8,10,2,1,15,16,17,18,0,21
5,6,7,8,10,2,1,15,16,17,18,0,21
5,6,7,8,10,2,1,15,16,17,18,0,21
5,6,7,8,10,2,1,15,16,17,18,0,21
5,6,7,8,10,2,1,15,16,17,18,0,21
5,6,7,8,10,2,1,15,16,17,18,0,21
5,6,7,8,10,2,1,15,16,17,18,0,21
5,6,7,8,10,2,1,15,16,17,18,0,21
5,6,7,8,10,2,1,15,16,17,18,0,21
5,6,7,8,10,2,1,15,16,17,18,0,21
5,6,7,8,10,2,1,15,16,17,18,0,21
5,6,7,8,10,2,1,15,16,17,18,0,21
5,6,7,8,10,2,1,15,16,17,18,0,21
5,6,7,8,10,2,1,15,16,17,18,0,21
5,6,7,8,10,2,1,15,16,17,18,0,21
5,6,7,8,10,2,1,15,16,17,18,0,21
5,6,7,8,10,2,1,15,16,17,18,0,21
5,6,7,8,10,2,1,15,16,17,18,0,21
5,6,7,8,10,2,1,15,16,17,18,0,21
5,6,7,8,10,2,1,15,16,17,18,0,21
5,6,7,8,10,2,1,15,16,17,18,0,21
5,6,7,8,10,2,1,15,16,17,18,0,21
5,6,7,8,10,2,1,15,16,17,18,0,21
5,6,7,8,10,2,1,15,16,17,18,0,21
5,6,7,8,10,2,1,15,16,17,18,0,21
5,6,7,8,10,2,1,15,16,17,18,0,21
5,6,7,8,10,2,1,15,16,17,18,0,21
5,6,7,8,10,2,1,15,16,17,18,0,21
5,6,7,8,10,2,1,15,16,17,18,0,21
5,6,7,8,10,2,1,15,16,17,18,0,21
5,6,7,8,10,2,1,15,16,17,18,0,21
5,6,7,8,10,2,1,15,16,17,18,0,21
5,6,7,8,10,2,1,15,16,17,18,0,21
5,6,7,8,10,2,1,15,16,17,18,0,21
5,6,7,8,10,2,1,15,16,17,18,0,21
5,6,7,8,10,2,1,15,16,17,18,0,21
5,6,7,8,10,2,1,15,16,17,18,0,21
5,6,7,8,10,2,1,15,16,17,18,0,21
5,6,7,8,10,2,1,15,16,17,18,0,21
5,6,7,8,10,2,1,15,16,17,18,0,21
5,6,7,8,10,2,1,15,16,17,18,0,21
5,6,7,8,10,2,1,15,16,17,18,0,21
5,6,7,8,10,2,1,15,16,17,18,0,21
5,6,7,8,10,2,1,15,16,17,18,0,21
5,6,7,8,10,2,1,15,16,17,18,0,21
5,6,7,8,10,2,1,15,16,17,18,0,21
5,6,7,8,10,2,1,15,16,17,18,0,21
5,6,7,8,10,2,1,15,16,17,18,0,21
5,6,7,8,10,2,1,15,16,17,18,0,21
5,6,7,8,10,2,1,15,16,17,18,0,21
5,6,7,8,10,2,1,15,16,17,18,0,21
5,6,7,8,10,2,1,15,16,17,18,0,21
5,6,7,8,10,2,1,15,16,17,18,0,21
5,6,7,8,10,2,1,15,16,17,18,0,21
5,6,7,8,10,2,1,15,16,17,18,0,21
5,6,7,8,10,2,1,15,16,17,18,0,21
5,6,7,8,10,2,1,15,16,17,18,0,21
5,6,7,8,10,2,1,15,16,17,18,0,21
5,6,7,8,10,2,1,15,16,17,18,0,21
5,6,7,8,10,2,1,15,16,17,18,0,21
5,6,7,8,10,2,1,15,16,17,18,0,21
5,6,7,8,10,2,1,15,16,17,18,0,21
5,6,7,8,10,2,1,15,16,17,18,0,21
5,6,7,8,10,2,1,15,16,17,18,0,21
5,6,7,8,9,10,12,88,13,15,16,17,18,19,20,21
5,6,7,8,9,10,12,88,13,15,16,17,18,19,20,21
5,6,7,8,9,10,12,88,13,15,16,17,18,19,20,21
5,6,7,8,9,10,12,88,13,15,16,17,18,19,20,21
5,6,7,8,9,10,12,88,13,15,16,17,18,19,20,21
5,6,7,8,9,10,12,88,13,15,16,17,18,19,20,21
5,6,7,8,9,10,12,88,13,15,16,17,18,19,20,21
5,6,7,8,9,10,12,88,13,15,16,17,18,19,20,21
5,6,7,8,9,10,12,88,13,15,16,17,18,19,20,21
5,6,7,8,9,10,12,88,13,15,16,17,18,19,20,21
5,6,7,8,9,10,12,88,13,15,16,17,18,19,20,21
5,6,7,8,9,10,12,88,13,15,16,17,18,19,20,21
5,6,7,8,9,10,12,88,13,15,16,17,18,19,20,21
5,6,7,8,9,10,12,88,13,15,16,17,18,19,20,21
5,6,7,8,9,10,12,88,13,15,16,17,18,19,20,21
5,6,7,8,9,10,12,88,13,15,16,17,18,19,20,21
5,6,7,8,9,10,12,88,13,15,16,17,18,19,20,21
5,6,7,8,9,10,12,88,13,15,16,17,18,19,20,21
5,6,7,8,9,10,12,88,13,15,16,17,18,19,20,21
5,6,7,8,9,10,12,88,13,15,16,17,18,19,20,21
5,6,7,8,9,10,12,88,13,15,16,17,18,19,20,21
5,6,7,8,9,10,12,88,13,15,16,17,18,19,20,21
5,6,7,8,9,10,12,88,13,15,16,17,18,19,20,21
5,6,7,8,9,10,12,88,13,15,16,17,18,19,20,21
5,6,7,8,9,10,12,88,13,15,16,17,18,19,20,21
5,6,7,8,9,10,12,88,13,15,16,17,18,19,20,21
5,6,7,8,9,10,12,88,13,15,16,17,18,19,20,21
5,6,7,8,9,10,12,88,13,15,16,17,18,19,20,21
5,6,7,8,9,10,12,88,13,15,16,17,18,19,20,21
5,6,7,8,9,10,12,88,13,15,16,17,18,19,20,21
5,6,7,8,9,10,12,88,13,15,16,17,18,19,20,21
5,6,7,8,9,10,12,88,13,15,16,17,18,19,20,21
5,6,7,8,9,10,12,88,13,15,16,17,18,19,20,21
5,6,7,8,9,10,12,88,13,15,16,17,18,19,20,21
5,6,7,8,9,10,12,88,13,15,16,17,18,19,20,21
5,6,7,8,9,10,12,88,13,15,16,17,18,19,20,21
5,6,7,8,9,10,12,88,13,15,16,17,18,19,20,21
5,6,7,8,9,10,12,88,13,15,16,17,18,19,20,21
5,6,7,8,9,10,12,88,13,15,16,17,18,19,20,21
5,6,7,8,9,10,12,88,13,15,16,17,18,19,20,21
5,6,7,8,9,10,12,88,13,15,16,17,18,19,20,21
5,6,7,8,9,10,12,88,13,15,16,17,18,19,20,21
5,6,7,8,9,10,12,88,13,15,16,17,18,19,20,21
5,6,7,8,9,10,12,88,13,15,16,17,18,19,20,21
5,6,7,8,9,10,12,88,13,15,16,17,18,19,20,21
5,6,7,8,9,10,12,88,13,15,16,17,18,19,20,21
5,6,7,8,9,10,12,88,13,15,16,17,18,19,20,21
5,6,7,8,9,10,12,88,13,15,16,17,18,19,20,21
5,6,7,8,9,10,12,88,13,15,16,17,18,19,20,21
5,6,7,8,9,10,12,88,13,15,16,17,18,19,20,21
5,6,7,8,9,10,12,88,13,15,16,17,18,19,20,21
5,6,7,8,9,10,12,88,13,15,16,17,18,19,20,21
5,6,7,8,9,10,12,88,13,15,16,17,18,19,20,21
5,6,7,8,9,10,12,88,13,15,16,17,18,19,20,21
5,6,7,8,9,10,12,88,13,15,16,17,18,19,20,21
5,6,7,8,9,10,12,88,13,15,16,17,18,19,20,21
5,6,7,8,9,10,12,88,13,15,16,17,18,19,20,21
5,6,7,8,9,10,12,88,13,15,16,17,18,19,20,21
5,6,7,8,9,10,12,88,13,15,16,17,18,19,20,21
5,6,7,8,9,10,12,88,13,15,16,17,18,19,20,21
5,6,7,8,9,10,12,88,13,15,16,17,18,19,20,21
5,6,7,8,9,10,12,88,13,15,16,17,18,19,20,21
5,6,7,8,9,10,12,88,13,15,16,17,18,19,20,21
5,6,7,8,9,10,12,88,13,15,16,17,18,19,20,21
5,6,7,8,9,10,12,88,13,15,16,17,18,19,20,21
5,6,7,8,9,10,12,88,13,15,16,17,18,19,20,21
5,6,7,8,9,10,12,88,13,15,16,17,18,19,20,21
5,6,7,8,9,10,12,88,13,15,16,17,18,19,20,21
5,6,7,8,9,10,12,88,13,15,16,17,18,19,20,21
5,6,7,8,9,10,12,88,13,15,16,17,18,19,20,21
5,6,7,8,9,10,12,88,13,15,16,17,18,19,20,21
5,6,7,8,9,10,12,88,13,15,16,17,18,19,20,21
5,6,7,8,9,10,12,88,13,15,16,17,18,19,20,21
5,6,7,8,9,10,12,88,13,15,16,17,18,19,20,21
5,6,7,8,9,10,12,88,13,15,16,17,18,19,20,21
5,6,7,8,9,10,12,88,13,15,16,17,18,19,20,21
5,6,7,8,9,10,12,88,13,15,16,17,18,19,20,21
5,6,7,8,9,10,12,88,13,15,16,17,18,19,20,21
5,6,7,8,9,10,12,88,13,15,16,17,18,19,20,21
5,6,7,8,9,10,12,88,13,15,16,17,18,19,20,21
5,6,7,8,9,10,12,88,13,15,16,17,18,19,20,21
5,6,7,8,9,10,12,88,13,15,16,17,18,19,20,21
5,6,7,8,9,10,12,88,13,15,16,17,18,19,20,21
5,6,7,8,9,10,12,88,13,15,16,17,18,19,20,21
5,6,7,8,9,10,12,88,13,15,16,17,18,19,20,21
5,6,7,8,9,10,12,88,13,15,16,17,18,19,20,21
5,6,7,8,9,10,12,88,13,15,16,17,18,19,20,21
5,6,7,8,9,10,12,88,13,15,16,17,18,19,20,21
5,6,7,8,9,10,12,88,13,15,16,17,18,19,20,21
5,6,7,8,9,10,12,88,13,15,16,17,18,19,20,21
5,6,7,8,9,10,12,88,13,15,16,17,18,19,20,21
5,6,7,8,9,10,12,88,13,15,16,17,18,19,20,21
5,6,7,8,9,10,12,88,13,15,16,17,18,19,20,21
5,6,7,8,9,10,12,88,13,15,16,17,18,19,20,21
5,6,7,8,9,10,12,88,13,15,16,17,18,19,20,21
5,6,7,8,9,10,12,88,13,15,16,17,18,19,20,21
5,6,7,8,9,10,12,88,13,15,16,17,18,19,20,21
5,6,7,8,9,10,12,88,13,15,16,17,18,19,20,21
5,6,7,8,9,10,12,88,13,15,16,17,18,19,20,21
5,6,7,8,9,10,12,88,13,15,16,17,18,19,20,21
5,6,7,8,9,10,12,88,13,15,16,17,18,19,20,21
5,6,7,8,9,10,12,88,13,15,16,17,18,19,20,21
5,6,7,8,9,10,12,88,13,15,16,17,18,19,20,21
5,6,7,8,9,10,12,88,13,15,16,17,18,19,20,21
5,6,7,8,9,10,12,88,13,15,16,17,18,19,20,21
5,6,7,8,9,10,12,88,13,15,16,17,18,19,20,21
5,6,7,8,9,10,12,88,13,15,16,17,18,19,20,21
5,6,7,8,9,10,12,88,13,15,16,17,18,19,20,21
5,6,7,8,9,10,12,88,13,15,16,17,18,19,20,21
5,6,7,8,9,10,12,88,13,15,16,17,18,19,20,21
5,6,7,8,9,10,12,88,13,15,16,17,18,19,20,21
5,6,7,8,9,10,12,88,13,15,16,17,18,19,20,21
5,6,7,8,9,10,12,88,13,15,16,17,18,19,20,21
5,6,7,8,9,10,12,88,13,15,16,17,18,19,20,21
5,6,7,8,9,10,12,88,13,15,16,17,18,19,20,21
5,6,7,8,9,10,12,88,13,15,16,17,18,19,20,21
5,6,7,8,9,10,12,88,13,15,16,17,18,19,20,21
5,6,7,8,9,10,12,88,13,15,16,17,18,19,20,21
5,6,7,8,9,10,12,88,13,15,16,17,18,19,20,21
5,6,7,8,9,10,12,88,13,15,16,17,18,19,20,21
5,6,7,8,9,10,12,88,13,15,16,17,18,19,20,21
5,6,7,8,9,10,12,88,13,15,16,17,18,19,20,21
5,6,7,8,9,10,12,88,13,15,16,17,18,19,20,21
5,6,7,8,9,10,12,88,13,15,16,17,18,19,20,21
5,6,7,8,9,10,12,88,13,15,16,17,18,19,20,21
5,6,7,8,9,10,12,88,13,15,16,17,18,19,20,21
5,6,7,8,9,10,12,88,13,15,16,17,18,19,20,21
5,6,7,8,9,10,12,88,13,15,16,17,18,19,20,21
5,6,7,8,9,10,12,88,13,15,16,17,18,19,20,21
5,6,7,8,9,10,12,88,13,15,16,17,18,19,20,21
5,6,7,8,9,10,12,88,13,15,16,17,18,19,20,21
5,6,7,8,9,10,12,88,13,15,16,17,18,19,20,21
5,6,7,8,9,10,12,88,13,15,16,17,18,19,20,21
5,6,7,8,9,10,12,88,13,15,16,17,18,19,20,21
5,6,7,8,9,10,12,88,13,15,16,17,18,19,20,21
5,6,7,8,9,10,12,88,13,15,16,17,18,19,20,21
5,6,7,8,9,10,12,88,13,15,16,17,18,19,20,21
5,6,7,8,9,10,12,88,13,15,16,17,18,19,20,21
5,6,7,8,9,10,12,88,13,15,16,17,18,19,20,21
5,6,7,8,9,10,12,88,13,15,16,17,18,19,20,21
5,6,7,8,9,10,12,88,13,15,16,17,18,19,20,21
5,6,7,8,9,10,12,88,13,15,16,17,18,19,20,21
5,6,7,8,9,10,12,88,13,15,16,17,18,19,20,21
5,6,7,8,9,10,12,88,13,15,16,17,18,19,20,21
5,6,7,8,9,10,12,88,13,15,16,17,18,19,20,21
5,6,7,8,9,10,12,88,13,15,16,17,18,19,20,21
5,6,7,8,9,10,12,88,13,15,16,17,18,19,20,21
5,6,7,8,9,10,12,88,13,15,16,17,18,19,20,21
5,6,7,8,9,10,12,88,13,15,16,17,18,19,20,21
5,6,7,8,9,10,12,88,13,15,16,17,18,19,20,21
5,6,7,8,9,10,12,88,13,15,16,17,18,19,20,21
5,6,7,8,9,10,12,88,13,15,16,17,18,19,20,21
5,6,7,8,9,10,12,88,13,15,16,17,18,19,20,21
5,6,7,8,9,10,12,88,13,15,16,17,18,19,20,21
5,6,7,8,9,10,12,88,13,15,16,17,18,19,20,21
5,6,7,8,9,10,12,88,13,15,16,17,18,19,20,21
5,6,7,8,9,10,12,88,13,15,16,17,18,19,20,21
5,6,7,8,9,10,12,88,13,15,16,17,18,19,20,21
5,6,7,8,9,10,12,88,13,15,16,17,18,19,20,21
5,6,7,8,9,10,12,88,13,15,16,17,18,19,20,21
5,6,7,8,9,10,12,88,13,15,16,17,18,19,20,21
5,6,7,8,9,10,12,88,13,15,16,17,18,19,20,21
5,6,7,8,9,10,12,88,13,15,16,17,18,19,20,21
5,6,7,8,9,10,12,88,13,15,16,17,18,19,20,21
5,6,7,8,9,10,12,88,13,15,16,17,18,19,20,21
5,6,7,8,9,10,12,88,13,15,16,17,18,19,20,21
5,6,7,8,9,10,12,88,13,15,16,17,18,19,20,21
5,6,7,8,9,10,12,88,13,15,16,17,18,19,20,21
5,6,7,8,9,10,12,88,13,15,16,17,18,19,20,21
5,6,7,8,9,10,12,88,13,15,16,17,18,19,20,21
5,6,7,8,9,10,12,88,13,15,16,17,18,19,20,21
5,6,7,8,9,10,12,88,13,15,16,17,18,19,20,21
5,6,7,8,9,10,12,88,13,15,16,17,18,19,20,21
5,6,7,8,9,10,12,88,13,15,16,17,18,19,20,21
5,6,7,8,9,10,12,88,13,15,16,17,18,19,20,21
5,6,7,8,9,10,12,88,13,15,16,17,18,19,20,21
5,6,7,8,9,10,12,88,13,15,16,17,18,19,20,21
5,6,7,8,9,10,12,88,13,15,16,17,18,19,20,21
5,6,7,8,9,10,12,88,13,15,16,17,18,19,20,21
5,6,7,8,9,10,12,88,13,15,16,17,18,19,20,21
5,6,7,8,9,10,12,88,13,15,16,17,18,19,20,21
5,6,7,8,9,10,12,88,13,15,16,17,18,19,20,21
5,6,7,8,9,10,12,88,13,15,16,17,18,19,20,21
5,6,7,8,9,10,12,88,13,15,16,17,18,19,20,21
5,6,7,8,9,10,12,88,13,15,16,17,18,19,20,21
5,6,7,8,9,10,12,88,13,15,16,17,18,19,20,21
5,6,7,8,9,10,12,88,13,15,16,17,18,19,20,21
5,6,7,8,9,10,12,88,13,15,16,17,18,19,20,21
5,6,7,8,9,10,12,88,13,15,16,17,18,19,20,21
5,6,7,8,9,10,12,88,13,15,16,17,18,19,20,21
5,6,7,8,9,10,12,88,13,15,16,17,18,19,20,21
5,6,7,8,9,10,12,88,13,15,16,17,18,19,20,21
5,6,7,8,9,10,12,88,13,15,16,17,18,19,20,21
5,6,7,8,9,10,12,88,13,15,16,17,18,19,20,21
5,6,7,8,9,10,12,88,13,15,16,17,18,19,20,21
5,6,7,8,9,10,12,88,13,15,16,17,18,19,20,21
5,6,7,8,9,10,12,88,13,15,16,17,18,19,20,21
5,6,7,8,9,10,12,88,13,15,16,17,18,19,20,21
5,6,7,8,9,10,12,88,13,15,16,17,18,19,20,21
5,6,7,8,9,10,12,88,13,15,16,17,18,19,20,21
5,6,7,8,9,10,12,88,13,15,16,17,18,19,20,21
5,6,7,8,9,10,12,88,13,15,16,17,18,19,20,21
5,6,7,8,9,10,12,88,13,15,16,17,18,19,20,21
5,6,7,8,9,10,12,88,13,15,16,17,18,19,20,21
5,6,7,8,9,10,12,88,13,15,16,17,18,19,20,21
5,6,7,8,9,10,12,88,13,15,16,17,18,19,20,21
5,6,7,8,9,10,12,88,13,15,16,17,18,19,20,21
5,6,7,8,9,10,12,88,13,15,16,17,18,19,20,21
5,6,7,8,9,10,12,88,13,15,16,17,18,19,20,21
5,6,7,8,9,10,12,88,13,15,16,17,18,19,20,21
5,6,7,8,9,10,12,88,13,15,16,17,18,19,20,21
5,6,7,8,9,10,12,88,13,15,16,17,18,19,20,21
5,6,7,8,9,10,12,88,13,15,16,17,18,19,20,21
5,6,7,8,9,10,12,88,13,15,16,17,18,19,20,21
5,6,7,8,9,10,12,88,13,15,16,17,18,19,20,21
5,6,7,8,9,10,12,88,13,15,16,17,18,19,20,21
5,6,7,8,9,10,12,88,13,15,16,17,18,19,20,21
5,6,7,8,9,10,12,88,13,15,16,17,18,19,20,21
5,6,7,8,9,10,12,88,13,15,16,17,18,19,20,21
5,6,7,8,9,10,12,88,13,15,16,17,18,19,20,21
5,6,7,8,9,10,12,88,13,15,16,17,18,19,20,21
5,6,7,8,9,10,12,88,13,15,16,17,18,19,20,21
5,6,7,8,9,10,12,88,13,15,16,17,18,19,20,21
5,6,7,8,9,10,12,88,13,15,16,17,18,19,20,21
5,6,7,8,9,10,12,88,13,15,16,17,18,19,20,21
5,6,7,8,9,10,12,88,13,15,16,17,18,19,20,21
5,6,7,8,9,10,12,88,13,15,16,17,18,19,20,21
5,6,7,8,9,10,12,88,13,15,16,17,18,19,20,21
5,6,7,8,9,10,12,88,13,15,16,17,18,19,20,21
5,6,7,8,9,10,12,88,13,15,16,17,18,19,20,21
5,6,7,8,9,10,12,88,13,15,16,17,18,19,20,21
5,6,7,8,9,10,12,88,13,15,16,17,18,19,20,21
5,6,7,8,9,10,12,88,13,15,16,17,18,19,20,21
5,6,7,8,9,10,12,88,13,15,16,17,18,19,20,21
5,6,7,8,9,10,12,88,13,15,16,17,18,19,20,21
5,6,7,8,9,10,12,88,13,15,16,17,18,19,20,21
5,6,7,8,9,10,12,88,13,15,16,17,18,19,20,21
5,6,7,8,9,10,12,88,13,15,16,17,18,19,20,21
5,6,7,8,9,10,12,88,13,15,16,17,18,19,20,21
5,6,7,8,9,10,12,88,13,15,16,17,18,19,20,21
5,6,7,8,9,10,12,88,13,15,16,17,18,19,20,21
5,6,7,8,9,10,12,88,13,15,16,17,18,19,20,21
5,6,7,8,9,10,12,88,13,15,16,17,18,19,20,21
5,6,7,8,9,10,12,88,13,15,16,17,18,19,20,21
5,6,7,8,9,10,12,88,13,15,16,17,18,19,20,21
5,6,7,8,9,10,12,88,13,15,16,17,18,19,20,21
5,6,7,8,9,10,12,88,13,15,16,17,18,19,20,21
5,6,7,8,9,10,12,88,13,15,16,17,18,19,20,21
5,6,7,8,9,10,12,88,13,15,16,17,18,19,20,21
5,6,7,8,9,10,12,88,13,15,16,17,18,19,20,21
5,6,7,8,9,10,12,88,13,15,16,17,18,19,20,21
5,6,7,8,9,10,12,88,13,15,16,17,18,19,20,21
5,6,7,8,9,10,12,88,13,15,16,17,18,19,20,21
5,6,7,8,9,10,12,88,13,15,16,17,18,19,20,21
5,6,7,8,9,10,12,88,13,15,16,17,18,19,20,21
5,6,7,8,9,10,12,88,13,15,16,17,18,19,20,21
5,6,7,8,9,10,12,88,13,15,16,17,18,19,20,21
5,6,7,8,9,10,12,88,13,15,16,17,18,19,20,21
5,6,7,8,9,10,12,88,13,15,16,17,18,19,20,21
5,6,7,8,9,10,12,88,13,15,16,17,18,19,20,21
5,6,7,8,9,10,12,88,13,15,16,17,18,19,20,21
5,6,7,8,9,10,12,88,13,15,16,17,18,19,20,21
5,6,7,8,9,10,12,88,13,15,16,17,18,19,20,21
5,6,7,8,9,10,12,88,13,15,16,17,18,19,20,21
5,6,7,8,9,10,12,88,13,15,16,17,18,19,20,21
5,6,7,8,9,10,12,88,13,15,16,17,18,19,20,21
5,6,7,8,9,10,12,88,13,15,16,17,18,19,20,21
5,6,7,8,9,10,12,88,13,15,16,17,18,19,20,21
5,6,7,8,9,10,12,88,13,15,16,17,18,19,20,21
5,6,7,8,9,10,12,88,13,15,16,17,18,19,20,21
5,6,7,8,9,10,12,88,13,15,16,17,18,19,20,21
5,6,7,8,9,10,12,88,13,15,16,17,18,19,20,21
5,6,7,8,9,10,12,88,13,15,16,17,18,19,20,21
5,6,7,8,9,10,12,88,13,15,16,17,18,19,20,21
5,6,7,8,9,10,12,88,13,15,16,17,18,19,20,21
5,6,7,8,9,10,12,88,13,15,16,17,18,19,20,21
5,6,7,8,9,10,12,88,13,15,16,17,18,19,20,21
5,6,7,8,9,10,12,88,13,15,16,17,18,19,20,21
5,6,7,8,9,10,12,88,13,15,16,17,18,19,20,21
5,6,7,8,9,10,12,88,13,15,16,17,18,19,20,21
5,6,7,8,9,10,12,88,13,15,16,17,18,19,20,21
5,6,7,8,9,10,12,88,13,15,16,17,18,19,20,21
5,6,7,8,9,10,12,88,13,15,16,17,18,19,20,21
5,6,7,8,9,10,12,88,13,15,16,17,18,19,20,21
5,6,7,8,9,10,12,88,13,15,16,17,18,19,20,21
5,6,7,8,9,10,12,88,13,15,16,17,18,19,20,21
5,6,7,8,9,10,12,88,13,15,16,17,18,19,20,21
5,6,7,8,9,10,12,88,13,15,16,17,18,19,20,21
5,6,7,8,9,10,12,88,13,15,16,17,18,19,20,21
5,6,7,8,9,10,12,88,13,15,16,17,18,19,20,21
5,6,7,8,9,10,12,88,13,15,16,17,18,19,20,21
5,6,7,8,9,10,12,88,13,15,16,17,18,19,20,21
5,6,7,8,9,10,12,88,13,15,16,17,18,19,20,21
5,6,7,8,9,10,12,88,13,15,16,17,18,19,20,21
5,6,7,8,9,10,12,88,13,15,16,17,18,19,20,21
5,6,7,8,9,10,12,88,13,15,16,17,18,19,20,21
5,6,7,8,9,10,12,88,13,15,16,17,18,19,20,21
5,6,7,8,9,10,12,88,13,15,16,17,18,19,20,21
5,6,7,8,9,10,12,88,13,15,16,17,18,19,20,21
5,6,7,8,9,10,12,88,13,15,16,17,18,19,20,21
5,6,7,8,9,10,12,88,13,15,16,17,18,19,20,21
5,6,7,8,9,10,12,88,13,15,16,17,18,19,20,21
5,6,7,8,9,10,12,88,13,15,16,17,18,19,20,21
5,6,7,8,9,10,12,88,13,15,16,17,18,19,20,21
5,6,7,8,9,10,12,88,13,15,16,17,18,19,20,21
5,6,7,8,9,10,12,88,13,15,16,17,18,19,20,21
5,6,7,8,9,10,12,88,13,15,16,17,18,19,20,21
5,6,7,8,9,10,12,88,13,15,16,17,18,19,20,21
5,6,7,8,9,10,12,88,13,15,16,17,18,19,20,21
5,6,7,8,9,10,12,88,13,15,16,17,18,19,20,21
5,6,7,8,9,10,12,88,13,15,16,17,18,19,20,21
5,6,7,8,9,10,12,88,13,15,16,17,18,19,20,21
5,6,7,8,9,10,12,88,13,15,16,17,18,19,20,21
5,6,7,8,9,10,12,88,13,15,16,17,18,19,20,21
5,6,7,8,9,10,12,88,13,15,16,17,18,19,20,21
5,6,7,8,9,10,12,88,13,15,16,17,18,19,20,21
5,6,7,8,9,10,12,88,13,15,16,17,18,19,20,21
5,6,7,8,9,10,12,88,13,15,16,17,18,19,20,21
5,6,7,8,9,10,12,88,13,15,16,17,18,19,20,21
5,6,7,8,9,10,12,88,13,15,16,17,18,19,20,21
5,6,7,8,9,10,12,88,13,15,16,17,18,19,20,21
5,6,7,8,9,10,12,88,13,15,16,17,18,19,20,21
5,6,7,8,9,10,12,88,13,15,16,17,18,19,20,21
5,6,7,8,9,10,12,88,13,15,16,17,18,19,20,21
5,6,7,8,9,10,12,88,13,15,16,17,18,19,20,21
5,6,7,8,9,10,12,88,13,15,16,17,18,19,20,21
5,6,7,8,9,10,12,88,13,15,16,17,18,19,20,21
5,6,7,8,9,10,12,88,13,15,16,17,18,19,20,21
5,6,7,8,9,10,12,88,13,15,16,17,18,19,20,21
5,6,7,8,9,10,12,88,13,15,16,17,18,19,20,21
5,6,7,8,9,10,12,88,13,15,16,17,18,19,20,21
5,6,7,8,9,10,12,88,13,15,16,17,18,19,20,21
5,6,7,8,9,10,12,88,13,15,16,17,18,19,20,21
5,6,7,8,9,10,12,88,13,15,16,17,18,19,20,21
5,6,7,8,9,10,12,88,13,15,16,17,18,19,20,21
5,6,7,8,9,10,12,88,13,15,16,17,18,19,20,21
5,6,7,8,9,10,12,88,13,15,16,17,18,19,20,21
5,6,7,8,9,10,12,88,13,15,16,17,18,19,20,21
5,6,7,8,9,10,12,88,13,15,16,17,18,19,20,21
5,6,7,8,9,10,12,88,13,15,16,17,18,19,20,21
5,6,7,8,9,10,12,88,13,15,16,17,18,19,20,21
5,6,7,8,9,10,12,88,13,15,16,17,18,19,20,21
5,6,7,8,9,10,12,88,13,15,16,17,18,19,20,21
5,6,7,8,9,10,12,88,13,15,16,17,18,19,20,21
5,6,7,8,9,10,12,88,13,15,16,17,18,19,20,21
5,6,7,8,9,10,12,88,13,15,16,17,18,19,20,21
5,6,7,8,9,10,12,88,13,15,16,17,18,19,20,21
5,6,7,8,9,10,12,88,13,15,16,17,18,19,20,21
5,6,7,8,9,10,12,88,13,15,16,17,18,19,20,21
5,6,7,8,9,10,12,88,13,15,16,17,18,19,20,21
5,6,7,8,9,10,12,88,13,15,16,17,18,19,20,21
5,6,7,8,9,10,12,88,13,15,16,17,18,19,20,21
5,6,7,8,9,10,12,88,13,15,16,17,18,19,20,21
5,6,7,8,9,10,12,88,13,15,16,17,18,19,20,21
5,6,7,8,9,10,12,88,13,15,16,17,18,19,20,21
5,6,7,8,9,10,12,88,13,15,16,17,18,19,20,21
5,6,7,8,9,10,12,88,13,15,16,17,18,19,20,21
5,6,7,8,9,10,12,88,13,15,16,17,18,19,20,21
5,6,7,8,9,10,12,88,13,15,16,17,18,19,20,21
5,6,7,8,9,10,12,88,13,15,16,17,18,19,20,21
5,6,7,8,9,10,12,88,13,15,16,17,18,19,20,21
5,6,7,8,9,10,12,88,13,15,16,17,18,19,20,21
5,6,7,8,9,10,12,88,13,15,16,17,18,19,20,21
5,6,7,8,9,10,12,88,13,15,16,17,18,19,20,21
5,6,7,8,9,10,12,88,13,15,16,17,18,19,20,21
5,6,7,8,9,10,12,88,13,15,16,17,18,19,20,21
5,6,7,8,9,10,12,88,13,15,16,17,18,19,20,21
5,6,7,8,9,10,12,88,13,15,16,17,18,19,20,21
5,6,7,8,9,10,12,88,13,15,16,17,18,19,20,21
5,6,7,8,9,10,12,88,13,15,16,17,18,19,20,21
5,6,7,8,9,10,12,88,13,15,16,17,18,19,20,21
5,6,7,8,9,10,12,88,13,15,16,17,18,19,20,21
5,6,7,8,9,10,12,88,13,15,16,17,18,19,20,21
5,6,7,8,9,10,12,88,13,15,16,17,18,19,20,21
5,6,7,8,9,10,12,88,13,15,16,17,18,19,20,21
5,6,7,8,9,10,12,88,13,15,16,17,18,19,20,21
5,6,7,8,9,10,12,88,13,15,16,17,18,19,20,21
5,6,7,8,9,10,12,88,13,15,16,17,18,19,20,21
5,6,7,8,9,10,12,88,13,15,16,17,18,19,20,21
5,6,7,8,9,10,12,88,13,15,16,17,18,19,20,21
5,6,7,8,9,10,12,88,13,15,16,17,18,19,20,21
5,6,7,8,9,10,12,88,13,15,16,17,18,19,20,21
5,6,7,8,9,10,12,88,13,15,16,17,18,19,20,21
5,6,7,8,9,10,12,88,13,15,16,17,18,19,20,21
5,6,7,8,9,10,12,88,13,15,16,17,18,19,20,21
5,6,7,8,9,10,12,88,13,15,16,17,18,19,20,21
5,6,7,8,9,10,12,88,13,15,16,17,18,19,20,21
5,6,7,8,9,10,12,88,13,15,16,17,18,19,20,21
5,6,7,8,9,10,12,88,13,15,16,17,18,19,20,21
5,6,7,8,9,10,12,88,13,15,16,17,18,19,20,21
5,6,7,8,9,10,12,88,13,15,16,17,18,19,20,21
5,6,7,8,9,10,12,88,13,15,16,17,18,19,20,21
5,6,7,8,9,10,12,88,13,15,16,17,18,19,20,21
5,6,7,8,9,10,12,88,13,15,16,17,18,19,20,21
5,6,7,8,9,10,12,88,13,15,16,17,18,19,20,21
5,6,7,8,9,10,12,88,13,15,16,17,18,19,20,21
5,6,7,8,9,10,12,88,13,15,16,17,18,19,20,21
5,6,7,8,9,10,12,88,13,15,16,17,18,19,20,21
5,6,7,8,9,10,12,88,13,15,16,17,18,19,20,21
5,6,7,8,9,10,12,88,13,15,16,17,18,19,20,21
5,6,7,8,9,10,12,88,13,15,16,17,18,19,20,21
5,6,7,8,9,10,12,88,13,15,16,17,18,19,20,21
5,6,7,8,9,10,12,88,13,15,16,17,18,19,20,21
5,6,7,8,9,10,12,88,13,15,16,17,18,19,20,21
5,6,7,8,9,10,12,88,13,15,16,17,18,19,20,21
5,6,7,8,9,10,12,88,13,15,16,17,18,19,20,21
5,6,7,8,9,10,12,88,13,15,16,17,18,19,20,21
5,6,7,8,9,10,12,88,13,15,16,17,18,19,20,21
5,6,7,8,9,10,12,88,13,15,16,17,18,19,20,21
5,6,7,8,9,10,12,88,13,15,16,17,18,19,20,21
5,6,7,8,9,10,12,88,13,15,16,17,18,19,20,21
5,6,7,8,9,10,12,88,13,15,16,17,18,19,20,21
5,6,7,8,9,10,12,88,13,15,16,17,18,19,20,21
5,6,7,8,9,10,12,88,13,15,16,17,18,19,20,21
5,6,7,8,9,10,12,88,13,15,16,17,18,19,20,21
5,6,7,8,9,10,12,88,13,15,16,17,18,19,20,21
5,6,7,8,9,10,12,88,13,15,16,17,18,19,20,21
5,6,7,8,9,10,12,88,13,15,16,17,18,19,20,21
5,6,7,8,9,10,12,88,13,15,16,17,18,19,20,21
5,6,7,8,9,10,12,88,13,15,16,17,18,19,20,21
5,6,7,8,9,10,12,88,13,15,16,17,18,19,20,21
5,6,7,8,9,10,12,88,13,15,16,17,18,19,20,21
5,6,7,8,9,10,12,88,13,15,16,17,18,19,20,21
5,6,7,8,9,10,12,88,13,15,16,17,18,19,20,21
5,6,7,8,9,10,12,88,13,15,16,17,18,19,20,21
5,6,7,8,9,10,12,88,13,15,16,17,18,19,20,21
5,6,7,8,9,10,12,88,13,15,16,17,18,19,20,21
5,6,7,8,9,10,12,88,13,15,16,17,18,19,20,21
5,6,7,8,9,10,12,88,13,15,16,17,18,19,20,21
5,6,7,8,9,10,12,88,13,15,16,17,18,19,20,21
5,6,7,8,9,10,12,88,13,15,16,17,18,19,20,21
5,6,7,8,9,10,12,88,13,15,16,17,18,19,20,21
5,6,7,8,9,10,12,88,13,15,16,17,18,19,20,21
5,6,7,8,9,10,12,88,13,15,16,17,18,19,20,21
5,6,7,8,9,10,12,88,13,15,16,17,18,19,20,21
5,6,7,8,9,10,12,88,13,15,16,17,18,19,20,21
5,6,7,8,9,10,12,88,13,15,16,17,18,19,20,21
5,6,7,8,9,10,12,88,13,15,16,17,18,19,20,21
5,6,7,8,9,10,12,88,13,15,16,17,18,19,20,21
5,6,7,8,9,10,12,88,13,15,16,17,18,19,20,21
5,6,7,8,9,10,12,88,13,15,16,17,18,19,20,21
5,6,7,8,9,10,12,88,13,15,16,17,18,19,20,21
5,6,7,8,9,10,12,88,13,15,16,17,18,19,20,21
5,6,7,8,9,10,12,88,13,15,16,17,18,19,20,21
5,6,7,8,9,10,12,88,13,15,16,17,18,19,20,21
5,6,7,8,9,10,12,88,13,15,16,17,18,19,20,21
5,6,7,8,9,10,12,88,13,15,16,17,18,19,20,21
5,6,7,8,9,10,12,88,13,15,16,17,18,19,20,21
5,6,7,8,9,10,12,88,13,15,16,17,18,19,20,21
5,6,7,8,9,10,12,88,13,15,16,17,18,19,20,21
5,6,7,8,9,10,12,88,13,15,16,17,18,19,20,21
5,6,7,8,9,10,12,88,13,15,16,17,18,19,20,21
5,6,7,8,9,10,12,88,13,15,16,17,18,19,20,21
5,6,7,8,9,10,12,88,13,15,16,17,18,19,20,21
5,6,7,8,9,10,12,88,13,15,16,17,18,19,20,21
5,6,7,8,9,10,12,88,13,15,16,17,18,19,20,21
5,6,7,8,9,10,12,88,13,15,16,17,18,19,20,21
5,6,7,8,9,10,12,88,13,15,16,17,18,19,20,21
5,6,7,8,9,10,12,88,13,15,16,17,18,19,20,21
5,6,7,8,9,10,12,88,13,15,16,17,18,19,20,21
5,6,7,8,9,10,12,88,13,15,16,17,18,19,20,21
5,6,7,8,9,10,12,88,13,15,16,17,18,19,20,21
5,6,7,8,9,10,12,88,13,15,16,17,18,19,20,21
5,6,7,8,9,10,12,88,13,15,16,17,18,19,20,21
5,6,7,8,9,10,12,88,13,15,16,17,18,19,20,21
5,6,7,8,9,10,12,88,13,15,16,17,18,19,20,21
5,6,7,8,9,10,12,88,13,15,16,17,18,19,20,21
5,6,7,8,9,10,12,88,13,15,16,17,18,19,20,21
5,6,7,8,9,10,12,88,13,15,16,17,18,19,20,21
5,6,7,8,9,10,12,88,13,15,16,17,18,19,20,21
5,6,7,8,9,10,12,88,13,15,16,17,18,19,20,21
5,6,7,8,9,10,12,88,13,15,16,17,18,19,20,21
5,6,7,8,9,10,12,88,13,15,16,17,18,19,20,21
5,6,7,8,9,10,12,88,13,15,16,17,18,19,20,21
5,6,7,8,9,10,12,88,13,15,16,17,18,19,20,21
5,6,7,8,9,10,12,88,13,15,16,17,18,19,20,21
5,6,7,8,9,10,12,88,13,15,16,17,18,19,20,21
5,6,7,8,9,10,12,88,13,15,16,17,18,19,20,21
5,6,7,8,9,10,12,88,13,15,16,17,18,19,20,21
5,6,7,8,9,10,12,88,13,15,16,17,18,19,20,21
5,6,7,8,9,10,12,88,13,15,16,17,18,19,20,21
5,6,7,8,9,10,12,88,13,15,16,17,18,19,20,21
5,6,7,8,9,10,12,88,13,15,16,17,18,19,20,21
5,6,7,8,9,10,12,88,13,15,16,17,18,19,20,21
5,6,7,8,9,10,12,88,13,15,16,17,18,19,20,21
5,6,7,8,9,10,12,88,13,15,16,17,18,19,20,21
5,6,7,8,9,10,12,88,13,15,16,17,18,19,20,21
5,6,7,8,9,10,12,88,13,15,16,17,18,19,20,21
5,6,7,8,9,10,12,88,13,15,16,17,18,19,20,21
5,6,7,8,9,10,12,88,13,15,16,17,18,19,20,21
5,6,7,8,9,10,12,88,13,15,16,17,18,19,20,21
5,6,7,8,9,10,12,88,13,15,16,17,18,19,20,21
5,6,7,8,9,10,12,88,13,15,16,17,18,19,20,21
5,6,7,8,9,10,12,88,13,15,16,17,18,19,20,21
5,6,7,8,9,10,12,88,13,15,16,17,18,19,20,21
5,6,7,8,9,10,12,88,13,15,16,17,18,19,20,21
5,6,7,8,9,10,12,88,13,15,16,17,18,19,20,21
5,6,7,8,9,10,12,88,13,15,16,17,18,19,20,21
5,6,7,8,9,10,12,88,13,15,16,17,18,19,20,21
5,6,7,8,9,10,12,88,13,15,16,17,18,19,20,21
5,6,7,8,9,10,12,88,13,15,16,17,18,19,20,21
5,6,7,8,9,10,12,88,13,15,16,17,18,19,20,21
5,6,7,8,9,10,12,88,13,15,16,17,18,19,20,21
5,6,7,8,9,10,12,88,13,15,16,17,18,19,20,21
5,6,7,8,9,10,12,88,13,15,16,17,18,19,20,21
5,6,7,8,9,10,12,88,13,15,16,17,18,19,20,21
5,6,7,8,9,10,12,88,13,15,16,17,18,19,20,21
5,6,7,8,9,10,12,88,13,15,16,17,18,19,20,21
5,6,7,8,9,10,12,88,13,15,16,17,18,19,20,21
5,6,7,8,9,10,12,88,13,15,16,17,18,19,20,21
5,6,7,8,9,10,12,88,13,15,16,17,18,19,20,21
5,6,7,8,9,10,12,88,13,15,16,17,18,19,20,21
5,6,7,8,9,10,12,88,13,15,16,17,18,19,20,21
5,6,7,8,9,10,12,88,13,15,16,17,18,19,20,21
5,6,7,8,9,10,12,88,13,15,16,17,18,19,20,21
5,6,7,8,9,10,12,88,13,15,16,17,18,19,20,21
5,6,7,8,9,10,12,88,13,15,16,17,18,19,20,21
5,6,7,8,9,10,12,88,13,15,16,17,18,19,20,21
5,6,7,8,9,10,12,88,13,15,16,17,18,19,20,21
5,6,7,8,9,10,12,88,13,15,16,17,18,19,20,21
5,6,7,8,9,10,12,88,13,15,16,17,18,19,20,21
5,6,7,8,9,10,12,88,13,15,16,17,18,19,20,21
5,6,7,8,9,10,12,88,13,15,16,17,18,19,20,21
5,6,7,8,9,10,12,88,13,15,16,17,18,19,20,21
5,6,7,8,9,10,12,88,13,15,16,17,18,19,20,21
5,6,7,8,9,10,12,88,13,15,16,17,18,19,20,21
5,6,7,8,9,10,12,88,13,15,16,17,18,19,20,21
5,6,7,8,9,10,12,88,13,15,16,17,18,19,20,21
5,6,7,8,9,10,12,88,13,15,16,17,18,19,20,21
5,6,7,8,9,10,12,88,13,15,16,17,18,19,20,21
5,6,7,8,9,10,12,88,13,15,16,17,18,19,20,21
5,6,7,8,9,10,12,88,13,15,16,17,18,19,20,21
5,6,7,8,9,10,12,88,13,15,16,17,18,19,20,21
5,6,7,8,9,10,12,88,13,15,16,17,18,19,20,21
5,6,7,8,9,10,12,88,13,15,16,17,18,19,20,21
5,6,7,8,9,10,12,88,13,15,16,17,18,19,20,21
5,6,7,8,9,10,12,88,13,15,16,17,18,19,20,21
5,6,7,8,9,10,12,88,13,15,16,17,18,19,20,21
5,6,7,8,9,10,12,88,13,15,16,17,18,19,20,21
5,6,7,8,9,10,12,88,13,15,16,17,18,19,20,21
5,6,7,8,9,10,12,88,13,15,16,17,18,19,20,21
5,6,7,8,9,10,12,88,13,15,16,17,18,19,20,21
5,6,7,8,9,10,12,88,13,15,16,17,18,19,20,21
5,6,7,8,9,10,12,88,13,15,16,17,18,19,20,21
5,6,7,8,9,10,12,88,13,15,16,17,18,19,20,21
5,6,7,8,9,10,12,88,13,15,16,17,18,19,20,21
5,6,7,8,9,10,12,88,13,15,16,17,18,19,20,21
5,6,7,8,9,10,12,88,13,15,16,17,18,19,20,21
5,6,7,8,9,10,12,88,13,15,16,17,18,19,20,21
5,6,7,8,9,10,12,88,13,15,16,17,18,19,20,21
5,6,7,8,9,10,12,88,13,15,16,17,18,19,20,21
5,6,7,8,9,10,12,88,13,15,16,17,18,19,20,21
5,6,7,8,9,10,12,88,13,15,16,17,18,19,20,21
5,6,7,8,9,10,12,88,13,15,16,17,18,19,20,21
5,6,7,8,9,10,12,88,13,15,16,17,18,19,20,21
5,6,7,8,9,10,12,88,13,15,16,17,18,19,20,21
5,6,7,8,9,10,12,88,13,15,16,17,18,19,20,21
5,6,7,8,9,10,12,88,13,15,16,17,18,19,20,21
5,6,7,8,9,10,12,88,13,15,16,17,18,19,20,21
5,6,7,8,9,10,12,88,13,15,16,17,18,19,20,21
5,6,7,8,9,10,12,88,13,15,16,17,18,19,20,21
5,6,7,8,9,10,12,88,13,15,16,17,18,19,20,21
5,6,7,8,9,10,12,88,13,15,16,17,18,19,20,21
5,6,7,8,9,10,12,88,13,15,16,17,18,19,20,21
5,6,7,8,9,10,12,88,13,15,16,17,18,19,20,21
5,6,7,8,9,10,12,88,13,15,16,17,18,19,20,21
5,6,7,8,9,10,12,88,13,15,16,17,18,19,20,21
5,6,7,8,9,10,12,88,13,15,16,17,18,19,20,21
5,6,7,8,9,10,12,88,13,15,16,17,18,19,20,21
5,6,7,8,9,10,12,88,13,15,16,17,18,19,20,21
5,6,7,8,9,10,12,88,13,15,16,17,18,19,20,21
5,6,7,8,9,10,12,88,13,15,16,17,18,19,20,21
5,6,7,8,9,10,12,88,13,15,16,17,18,19,20,21
5,6,7,8,9,10,12,88,13,15,16,17,18,19,20,21
5,6,7,8,9,10,12,88,13,15,16,17,18,19,20,21
5,6,7,8,9,10,12,88,13,15,16,17,18,19,20,21
5,6,7,8,9,10,12,88,13,15,16,17,18,19,20,21
5,6,7,8,9,10,12,88,13,15,16,17,18,19,20,21
5,6,7,8,9,10,12,88,13,15,16,17,18,19,20,21
5,6,7,8,9,10,12,88,13,15,16,17,18,19,20,21
5,6,7,8,9,10,12,88,13,15,16,17,18,19,20,21
5,6,7,8,9,10,12,88,13,15,16,17,18,19,20,21
5,6,7,8,9,10,12,88,13,15,16,17,18,19,20,21
5,6,7,8,9,10,12,88,13,15,16,17,18,19,20,21
5,6,7,8,9,10,12,88,13,15,16,17,18,19,20,21
5,6,7,8,9,10,12,88,13,15,16,17,18,19,20,21
5,6,7,8,9,10,12,88,13,15,16,17,18,19,20,21
5,6,7,8,9,10,12,88,13,15,16,17,18,19,20,21
5,6,7,8,9,10,12,88,13,15,16,17,18,19,20,21
5,6,7,8,9,10,12,88,13,15,16,17,18,19,20,21
5,6,7,8,9,10,12,88,13,15,16,17,18,19,20,21
5,6,7,8,9,10,12,88,13,15,16,17,18,19,20,21
5,6,7,8,9,10,12,88,13,15,16,17,18,19,20,21
5,6,7,8,9,10,12,88,13,15,16,17,18,19,20,21
5,6,7,8,9,10,12,88,13,15,16,17,18,19,20,21
5,6,7,8,9,10,12,88,13,15,16,17,18,19,20,21
5,6,7,8,9,10,12,88,13,15,16,17,18,19,20,21
5,6,7,8,9,10,12,88,13,15,16,17,18,19,20,21
5,6,7,8,9,10,12,88,13,15,16,17,18,19,20,21
5,6,7,8,9,10,12,88,13,15,16,17,18,19,20,21
5,6,7,8,9,10,12,88,13,15,16,17,18,19,20,21
5,6,7,8,9,10,12,88,13,15,16,17,18,19,20,21
5,6,7,8,9,10,12,88,13,15,16,17,18,19,20,21
5,6,7,8,9,10,12,88,13,15,16,17,18,19,20,21
5,6,7,8,9,10,12,88,13,15,16,17,18,19,20,21
5,6,7,8,9,10,12,88,13,15,16,17,18,19,20,21
5,6,7,8,9,10,12,88,13,15,16,17,18,19,20,21
5,6,7,8,9,10,12,88,13,15,16,17,18,19,20,21
5,6,7,8,9,10,12,88,13,15,16,17,18,19,20,21
5,6,7,8,9,10,12,88,13,15,16,17,18,19,20,21
5,6,7,8,9,10,12,88,13,15,16,17,18,19,20,21
5,6,7,8,9,10,12,88,13,15,16,17,18,19,20,21
5,6,7,8,9,10,12,88,13,15,16,17,18,19,20,21
5,6,7,8,9,10,12,88,13,15,16,17,18,19,20,21
5,6,7,8,9,10,12,88,13,15,16,17,18,19,20,21
5,6,7,8,9,10,12,88,13,15,16,17,18,19,20,21
5,6,7,8,9,10,12,88,13,15,16,17,18,19,20,21
5,6,7,8,9,10,12,88,13,15,16,17,18,19,20,21
5,6,7,8,9,10,12,88,13,15,16,17,18,19,20,21
5,6,7,8,9,10,12,88,13,15,16,17,18,19,20,21
5,6,7,8,9,10,12,88,13,15,16,17,18,19,20,21
5,6,7,8,9,10,12,88,13,15,16,17,18,19,20,21
5,6,7,8,9,10,12,88,13,15,16,17,18,19,20,21
5,6,7,8,9,10,12,88,13,15,16,17,18,19,20,21
5,6,7,8,9,10,12,88,13,15,16,17,18,19,20,21
5,6,7,8,9,10,12,88,13,15,16,17,18,19,20,21
5,6,7,8,9,10,12,88,13,15,16,17,18,19,20,21
5,6,7,8,9,10,12,88,13,15,16,17,18,19,20,21
5,6,7,8,9,10,12,88,13,15,16,17,18,19,20,21
5,6,7,8,9,10,12,88,13,15,16,17,18,19,20,21
5,6,7,8,9,10,12,88,13,15,16,17,18,19,20,21
5,6,7,8,9,10,12,88,13,15,16,17,18,19,20,21
5,6,7,8,9,10,12,88,13,15,16,17,18,19,20,21
5,6,7,8,9,10,12,88,13,15,16,17,18,19,20,21
5,6,7,8,9,10,12,88,13,15,16,17,18,19,20,21
5,6,7,8,9,10,12,88,13,15,16,17,18,19,20,21
5,6,7,8,9,10,12,88,13,15,16,17,18,19,20,21
5,6,7,8,9,10,12,88,13,15,16,17,18,19,20,21
5,6,7,8,9,10,12,88,13,15,16,17,18,19,20,21
5,6,7,8,9,10,12,88,13,15,16,17,18,19,20,21
5,6,7,8,9,10,12,88,13,15,16,17,18,19,20,21
5,6,7,8,9,10,12,88,13,15,16,17,18,19,20,21
5,6,7,8,9,10,12,88,13,15,16,17,18,19,20,21
5,6,7,8,9,10,12,88,13,15,16,17,18,19,20,21
5,6,7,8,9,10,12,88,13,15,16,17,18,19,20,21
5,6,7,8,9,10,12,88,13,15,16,17,18,19,20,21
5,6,7,8,9,10,12,88,13,15,16,17,18,19,20,21
5,6,7,8,9,10,12,88,13,15,16,17,18,19,20,21
5,6,7,8,9,10,12,88,13,15,16,17,18,19,20,21
5,6,7,8,9,10,12,88,13,15,16,17,18,19,20,21
5,6,7,8,9,10,12,88,13,15,16,17,18,19,20,21
5,6,7,8,9,10,12,88,13,15,16,17,18,19,20,21
5,6,7,8,9,10,12,88,13,15,16,17,18,19,20,21
5,6,7,8,9,10,12,88,13,15,16,17,18,19,20,21
5,6,7,8,9,10,12,88,13,15,16,17,18,19,20,21
5,6,7,8,9,10,12,88,13,15,16,17,18,19,20,21
5,6,7,8,9,10,12,88,13,15,16,17,18,19,20,21
5,6,7,8,9,10,12,88,13,15,16,17,18,19,20,21
5,6,7,8,9,10,12,88,13,15,16,17,18,19,20,21
5,6,7,8,9,10,12,88,13,15,16,17,18,19,20,21
5,6,7,8,9,10,12,88,13,15,16,17,18,19,20,21
5,6,7,8,9,10,12,88,13,15,16,17,18,19,20,21
5,6,7,8,9,10,12,88,13,15,16,17,18,19,20,21
5,6,7,8,9,10,12,88,13,15,16,17,18,19,20,21
5,6,7,8,9,10,12,88,13,15,16,17,18,19,20,21
5,6,7,8,9,10,12,88,13,15,16,17,18,19,20,21
5,6,7,8,9,10,12,88,13,15,16,17,18,19,20,21
5,6,7,8,9,10,12,88,13,15,16,17,18,19,20,21
5,6,7,8,9,10,12,88,13,15,16,17,18,19,20,21
5,6,7,8,9,10,12,88,13,15,16,17,18,19,20,21
5,6,7,8,9,10,12,88,13,15,16,17,18,19,20,21
5,6,7,8,9,10,12,88,13,15,16,17,18,19,20,21
5,6,7,8,9,10,12,88,13,15,16,17,18,19,20,21
5,6,7,8,9,10,12,88,13,15,16,17,18,19,20,21
5,6,7,8,9,10,12,88,13,15,16,17,18,19,20,21
5,6,7,8,9,10,12,88,13,15,16,17,18,19,20,21
5,6,7,8,9,10,12,88,13,15,16,17,18,19,20,21
5,6,7,8,9,10,12,88,13,15,16,17,18,19,20,21
5,6,7,8,9,10,12,88,13,15,16,17,18,19,20,21
5,6,7,8,9,10,12,88,13,15,16,17,18,19,20,21
5,6,7,8,9,10,12,88,13,15,16,17,18,19,20,21
5,6,7,8,9,10,12,88,13,15,16,17,18,19,20,21
5,6,7,8,9,10,12,88,13,15,16,17,18,19,20,21
5,6,7,8,9,10,12,88,13,15,16,17,18,19,20,21
5,6,7,8,9,10,12,88,13,15,16,17,18,19,20,21
5,6,7,8,9,10,12,88,13,15,16,17,18,19,20,21
5,6,7,8,9,10,12,88,13,15,16,17,18,19,20,21
5,6,7,8,9,10,12,88,13,15,16,17,18,19,20,21
5,6,7,8,9,10,12,88,13,15,16,17,18,19,20,21
5,6,7,8,9,10,12,88,13,15,16,17,18,19,20,21
5,6,7,8,9,10,12,88,13,15,16,17,18,19,20,21
5,6,7,8,9,10,12,88,13,15,16,17,18,19,20,21
5,6,7,8,9,10,12,88,13,15,16,17,18,19,20,21
5,6,7,8,9,10,12,88,13,15,16,17,18,19,20,21
5,6,7,8,9,10,12,88,13,15,16,17,18,19,20,21
5,6,7,8,9,10,12,88,13,15,16,17,18,19,20,21
5,6,7,8,9,10,12,88,13,15,16,17,18,19,20,21
5,6,7,8,9,10,12,88,13,15,16,17,18,19,20,21
5,6,7,8,9,10,12,88,13,15,16,17,18,19,20,21
5,6,7,8,9,10,12,88,13,15,16,17,18,19,20,21
5,6,7,8,9,10,12,88,13,15,16,17,18,19,20,21
5,6,7,8,9,10,12,88,13,15,16,17,18,19,20,21
5,6,7,8,9,10,12,88,13,15,16,17,18,19,20,21
5,6,7,8,9,10,12,88,13,15,16,17,18,19,20,21
5,6,7,8,9,10,12,88,13,15,16,17,18,19,20,21
5,6,7,8,9,10,12,88,13,15,16,17,18,19,20,21
5,6,7,8,9,10,12,88,13,15,16,17,18,19,20,21
5,6,7,8,9,10,12,88,13,15,16,17,18,19,20,21
5,6,7,8,9,10,12,88,13,15,16,17,18,19,20,21
5,6,7,8,9,10,12,88,13,15,16,17,18,19,20,21
5,6,7,8,9,10,12,88,13,15,16,17,18,19,20,21
5,6,7,8,9,10,12,88,13,15,16,17,18,19,20,21
5,6,7,8,9,10,12,88,13,15,16,17,18,19,20,21
5,6,7,8,9,10,12,88,13,15,16,17,18,19,20,21
5,6,7,8,9,10,12,88,13,15,16,17,18,19,20,21
5,6,7,8,9,10,12,88,13,15,16,17,18,19,20,21
5,6,7,8,9,10,12,88,13,15,16,17,18,19,20,21
5,6,7,8,9,10,12,88,13,15,16,17,18,19,20,21
5,6,7,8,9,10,12,88,13,15,16,17,18,19,20,21
5,6,7,8,9,10,12,88,13,15,16,17,18,19,20,21
5,6,7,8,9,10,12,88,13,15,16,17,18,19,20,21
5,6,7,8,9,10,12,88,13,15,16,17,18,19,20,21
5,6,7,8,9,10,12,88,13,15,16,17,18,19,20,21
5,6,7,8,9,10,12,88,13,15,16,17,18,19,20,21
5,6,7,8,9,10,12,88,13,15,16,17,18,19,20,21
5,6,7,8,9,10,12,88,13,15,16,17,18,19,20,21
5,6,7,8,9,10,12,88,13,15,16,17,18,19,20,21
5,6,7,8,9,10,12,88,13,15,16,17,18,19,20,21
5,6,7,8,9,10,12,88,13,15,16,17,18,19,20,21
5,6,7,8,9,10,12,88,13,15,16,17,18,19,20,21
5,6,7,8,9,10,12,88,13,15,16,17,18,19,20,21
5,6,7,8,9,10,12,88,13,15,16,17,18,19,20,21
5,6,7,8,9,10,12,88,13,15,16,17,18,19,20,21
5,6,7,8,9,10,12,88,13,15,16,17,18,19,20,21
5,6,7,8,9,10,12,88,13,15,16,17,18,19,20,21
5,6,7,8,9,10,12,88,13,15,16,17,18,19,20,21
5,6,7,8,9,10,12,88,13,15,16,17,18,19,20,21
5,6,7,8,9,10,12,88,13,15,16,17,18,19,20,21
5,6,7,8,9,10,12,88,13,15,16,17,18,19,20,21
5,6,7,8,9,10,12,88,13,15,16,17,18,19,20,21
5,6,7,8,9,10,12,88,13,15,16,17,18,19,20,21
5,6,7,8,9,10,12,88,13,15,16,17,18,19,20,21
5,6,7,8,9,10,12,88,13,15,16,17,18,19,20,21
5,6,7,8,9,10,12,88,13,15,16,17,18,19,20,21
5,6,7,8,9,10,12,88,13,15,16,17,18,19,20,21
5,6,7,8,9,10,12,88,13,15,16,17,18,19,20,21
5,6,7,8,9,10,12,88,13,15,16,17,18,19,20,21
5,6,7,8,9,10,12,88,13,15,16,17,18,19,20,21
5,6,7,8,9,10,12,88,13,15,16,17,18,19,20,21
5,6,7,8,9,10,12,88,13,15,16,17,18,19,20,21
5,6,7,8,9,10,12,88,13,15,16,17,18,19,20,21
5,6,7,8,9,10,12,88,13,15,16,17,18,19,20,21
5,6,7,8,9,10,12,88,13,15,16,17,18,19,20,21
5,6,7,8,9,10,12,88,13,15,16,17,18,19,20,21
5,6,7,8,9,10,12,88,13,15,16,17,18,19,20,21
5,6,7,8,9,10,12,88,13,15,16,17,18,19,20,21
5,6,7,8,9,10,12,88,13,15,16,17,18,19,20,21
5,6,7,8,9,10,12,88,13,15,16,17,18,19,20,21
5,6,7,8,9,10,12,88,13,15,16,17,18,19,20,21
5,6,7,8,9,10,12,88,13,15,16,17,18,19,20,21
5,6,7,8,9,10,12,88,13,15,16,17,18,19,20,21
5,6,7,8,9,10,12,88,13,15,16,17,18,19,20,21
5,6,7,8,9,10,12,88,13,15,16,17,18,19,20,21
5,6,7,8,9,10,12,88,13,15,16,17,18,19,20,21
5,6,7,8,9,10,12,88,13,15,16,17,18,19,20,21
5,6,7,8,9,10,12,88,13,15,16,17,18,19,20,21
5,6,7,8,9,10,12,88,13,15,16,17,18,19,20,21
5,6,7,8,9,10,12,88,13,15,16,17,18,19,20,21
5,6,7,8,9,10,12,88,13,15,16,17,18,19,20,21
5,6,7,8,9,10,12,88,13,15,16,17,18,19,20,21
5,6,7,8,9,10,12,88,13,15,16,17,18,19,20,21
5,6,7,8,9,10,12,88,13,15,16,17,18,19,20,21
5,6,7,8,9,10,12,88,13,15,16,17,18,19,20,21
5,6,7,8,9,10,12,88,13,15,16,17,18,19,20,21
5,6,7,8,9,10,12,88,13,15,16,17,18,19,20,21
5,6,7,8,9,10,12,88,13,15,16,17,18,19,20,21
5,6,7,8,9,10,12,88,13,15,16,17,18,19,20,21
5,6,7,8,9,10,12,88,13,15,16,17,18,19,20,21
5,6,7,8,9,10,12,88,13,15,16,17,18,19,20,21
5,6,7,8,9,10,12,88,13,15,16,17,18,19,20,21
5,6,7,8,9,10,12,88,13,15,16,17,18,19,20,21
5,6,7,8,9,10,12,88,13,15,16,17,18,19,20,21
5,6,7,8,9,10,12,88,13,15,16,17,18,19,20,21
5,6,7,8,9,10,12,88,13,15,16,17,18,19,20,21
5,6,7,8,9,10,12,88,13,15,16,17,18,19,20,21
5,6,7,8,9,10,12,88,13,15,16,17,18,19,20,21
5,6,7,8,9,10,12,88,13,15,16,17,18,19,20,21
5,6,7,8,9,10,12,88,13,15,16,17,18,19,20,21
5,6,7,8,9,10,12,88,13,15,16,17,18,19,20,21
5,6,7,8,9,10,12,88,13,15,16,17,18,19,20,21
5,6,7,8,9,10,12,88,13,15,16,17,18,19,20,21
5,6,7,8,9,10,12,88,13,15,16,17,18,19,20,21
5,6,7,8,9,10,12,88,13,15,16,17,18,19,20,21
5,6,7,8,9,10,12,88,13,15,16,17,18,19,20,21
5,6,7,8,9,10,12,88,13,15,16,17,18,19,20,21
5,6,7,8,9,10,12,88,13,15,16,17,18,19,20,21
5,6,7,8,9,10,12,88,13,15,16,17,18,19,20,21
5,6,7,8,9,10,12,88,13,15,16,17,18,19,20,21
5,6,7,8,9,10,12,88,13,15,16,17,18,19,20,21
5,6,7,8,9,10,12,88,13,15,16,17,18,19,20,21
5,6,7,8,9,10,12,88,13,15,16,17,18,19,20,21
5,6,7,8,9,10,12,88,13,15,16,17,18,19,20,21
5,6,7,8,9,10,12,88,13,15,16,17,18,19,20,21
5,6,7,8,9,10,12,88,13,15,16,17,18,19,20,21
5,6,7,8,9,10,12,88,13,15,16,17,18,19,20,21
5,6,7,8,9,10,12,88,13,15,16,17,18,19,20,21
5,6,7,8,9,10,12,88,13,15,16,17,18,19,20,21
5,6,7,8,9,10,12,88,13,15,16,17,18,19,20,21
5,6,7,8,9,10,12,88,13,15,16,17,18,19,20,21
5,6,7,8,9,10,12,88,13,15,16,17,18,19,20,21
5,6,7,8,9,10,12,88,13,15,16,17,18,19,20,21
5,6,7,8,9,10,12,88,13,15,16,17,18,19,20,21
5,6,7,8,9,10,12,88,13,15,16,17,18,19,20,21
5,6,7,8,9,10,12,88,13,15,16,17,18,19,20,21
5,6,7,8,9,10,12,88,13,15,16,17,18,19,20,21
5,6,7,8,9,10,12,88,13,15,16,17,18,19,20,21
5,6,7,8,9,10,12,88,13,15,16,17,18,19,20,21
5,6,7,8,9,10,12,88,13,15,16,17,18,19,20,21
5,6,7,8,9,10,12,88,13,15,16,17,18,19,20,21
5,6,7,8,9,10,12,88,13,15,16,17,18,19,20,21
5,6,7,8,9,10,12,88,13,15,16,17,18,19,20,21
5,6,7,8,9,10,12,88,13,15,16,17,18,19,20,21
5,6,7,8,9,10,12,88,13,15,16,17,18,19,20,21
5,6,7,8,9,10,12,88,13,15,16,17,18,19,20,21
5,6,7,8,9,10,12,88,13,15,16,17,18,19,20,21
5,6,7,8,9,10,12,88,13,15,16,17,18,19,20,21
5,6,7,8,9,10,12,88,13,15,16,17,18,19,20,21
5,6,7,8,9,10,12,88,13,15,16,17,18,19,20,21
5,6,7,8,9,10,12,88,13,15,16,17,18,19,20,21
5,6,7,8,9,10,12,88,13,15,16,17,18,19,20,21
5,6,7,8,9,10,12,88,13,15,16,17,18,19,20,21
5,6,7,8,9,10,12,88,13,15,16,17,18,19,20,21
5,6,7,8,9,10,12,88,13,15,16,17,18,19,20,21
5,6,7,8,9,10,12,88,13,15,16,17,18,19,20,21
5,6,7,8,9,10,12,88,13,15,16,17,18,19,20,21
5,6,7,8,9,10,12,88,13,15,16,17,18,19,20,21
5,6,7,8,9,10,12,88,13,15,16,17,18,19,20,21
5,6,7,8,9,10,12,88,13,15,16,17,18,19,20,21
5,6,7,8,9,10,12,88,13,15,16,17,18,19,20,21
5,6,7,8,9,10,12,88,13,15,16,17,18,19,20,21
5,6,7,8,9,10,12,88,13,15,16,17,18,19,20,21
5,6,7,8,9,10,12,88,13,15,16,17,18,19,20,21
5,6,7,8,9,10,12,88,13,15,16,17,18,19,20,21
5,6,7,8,9,10,12,88,13,15,16,17,18,19,20,21
5,6,7,8,9,10,12,88,13,15,16,17,18,19,20,21
5,6,7,8,9,10,12,88,13,15,16,17,18,19,20,21
5,6,7,8,9,10,12,88,13,15,16,17,18,19,20,21
5,6,7,8,9,10,12,88,13,15,16,17,18,19,20,21
5,6,7,8,9,10,12,88,13,15,16,17,18,19,20,21
5,6,7,8,9,10,12,88,13,15,16,17,18,19,20,21
5,6,7,8,9,10,12,88,13,15,16,17,18,19,20,21
5,6,7,8,9,10,12,88,13,15,16,17,18,19,20,21
5,6,7,8,9,10,12,88,13,15,16,17,18,19,20,21
5,6,7,8,9,10,12,88,13,15,16,17,18,19,20,21
5,6,7,8,9,10,12,88,13,15,16,17,18,19,20,21
5,6,7,8,9,10,12,88,13,15,16,17,18,19,20,21
5,6,7,8,9,10,12,88,13,15,16,17,18,19,20,21
5,6,7,8,9,10,12,88,13,15,16,17,18,19,20,21
5,6,7,8,9,10,12,88,13,15,16,17,18,19,20,21
5,6,7,8,9,10,12,88,13,15,16,17,18,19,20,21
5,6,7,8,9,10,12,88,13,15,16,17,18,19,20,21
5,6,7,8,9,10,12,88,13,15,16,17,18,19,20,21
5,6,7,8,9,10,12,88,13,15,16,17,18,19,20,21
5,6,7,8,9,10,12,88,13,15,16,17,18,19,20,21
5,6,7,8,9,10,12,88,13,15,16,17,18,19,20,21
5,6,7,8,9,10,12,88,13,15,16,17,18,19,20,21
5,6,7,8,9,10,12,88,13,15,16,17,18,19,20,21
5,6,7,8,9,10,12,88,13,15,16,17,18,19,20,21
5,6,7,8,9,10,12,88,13,15,16,17,18,19,20,21
5,6,7,8,9,10,12,88,13,15,16,17,18,19,20,21
5,6,7,8,9,10,12,88,13,15,16,17,18,19,20,21
5,6,7,8,9,10,12,88,13,15,16,17,18,19,20,21
5,6,7,8,9,10,12,88,13,15,16,17,18,19,20,21
5,6,7,8,9,10,12,88,13,15,16,17,18,19,20,21
5,6,7,8,9,10,12,88,13,15,16,17,18,19,20,21
5,6,7,8,9,10,12,88,13,15,16,17,18,19,20,21
5,6,7,8,9,10,12,88,13,15,16,17,18,19,20,21
5,6,7,8,9,10,12,88,13,15,16,17,18,19,20,21
5,6,7,8,9,10,12,88,13,15,16,17,18,19,20,21
5,6,7,8,9,10,12,88,13,15,16,17,18,19,20,21
5,6,7,8,9,10,12,88,13,15,16,17,18,19,20,21
5,6,7,8,9,10,12,88,13,15,16,17,18,19,20,21
5,6,7,8,9,10,12,88,13,15,16,17,18,19,20,21
5,6,7,8,9,10,12,88,13,15,16,17,18,19,20,21
5,6,7,8,9,10,12,88,13,15,16,17,18,19,20,21
5,6,7,8,9,10,12,88,13,15,16,17,18,19,20,21
5,6,7,8,9,10,12,88,13,15,16,17,18,19,20,21
5,6,7,8,9,10,12,88,13,15,16,17,18,19,20,21
5,6,7,8,9,10,12,88,13,15,16,17,18,19,20,21
5,6,7,8,9,10,12,88,13,15,16,17,18,19,20,21
5,6,7,8,9,10,12,88,13,15,16,17,18,19,20,21
5,6,7,8,9,10,12,88,13,15,16,17,18,19,20,21
5,6,7,8,9,10,12,88,13,15,16,17,18,19,20,21
5,6,7,8,9,10,12,88,13,15,16,17,18,19,20,21
5,6,7,8,9,10,12,88,13,15,16,17,18,19,20,21
5,6,7,8,9,10,12,88,13,15,16,17,18,19,20,21
5,6,7,8,9,10,12,88,13,15,16,17,18,19,20,21
5,6,7,8,9,10,12,88,13,15,16,17,18,19,20,21
5,6,7,8,9,10,12,88,13,15,16,17,18,19,20,21
5,6,7,8,9,10,12,88,13,15,16,17,18,19,20,21
5,6,7,8,9,10,12,88,13,15,16,17,18,19,20,21
5,6,7,8,9,10,12,88,13,15,16,17,18,19,20,21
5,6,7,8,9,10,12,88,13,15,16,17,18,19,20,21
5,6,7,8,9,10,12,88,13,15,16,17,18,19,20,21
5,6,7,8,9,10,12,88,13,15,16,17,18,19,20,21
5,6,7,8,9,10,12,88,13,15,16,17,18,19,20,21
5,6,7,8,9,10,12,88,13,15,16,17,18,19,20,21
5,6,7,8,9,10,12,88,13,15,16,17,18,19,20,21
5,6,7,8,9,10,12,88,13,15,16,17,18,19,20,21
5,6,7,8,9,10,12,88,13,15,16,17,18,19,20,21
5,6,7,8,9,10,12,88,13,15,16,17,18,19,20,21
5,6,7,8,9,10,12,88,13,15,16,17,18,19,20,21
5,6,7,8,9,10,12,88,13,15,16,17,18,19,20,21
5,6,7,8,9,10,12,88,13,15,16,17,18,19,20,21
5,6,7,8,9,10,12,88,13,15,16,17,18,19,20,21
5,6,7,8,9,10,12,88,13,15,16,17,18,19,20,21
5,6,7,8,9,10,12,88,13,15,16,17,18,19,20,21
5,6,7,8,9,10,12,88,13,15,16,17,18,19,20,21
5,6,7,8,9,10,12,88,13,15,16,17,18,19,20,21
5,6,7,8,9,10,12,88,13,15,16,17,18,19,20,21
5,6,7,8,9,10,12,88,13,15,16,17,18,19,20,21
5,6,7,8,9,10,12,88,13,15,16,17,18,19,20,21
5,6,7,8,9,10,12,88,13,15,16,17,18,19,20,21
5,6,7,8,9,10,12,88,13,15,16,17,18,19,20,21
5,6,7,8,9,10,12,88,13,15,16,17,18,19,20,21
5,6,7,8,9,10,12,88,13,15,16,17,18,19,20,21
5,6,7,8,9,10,12,88,13,15,16,17,18,19,20,21
5,6,7,8,9,10,12,88,13,15,16,17,18,19,20,21
5,6,7,8,9,10,12,88,13,15,16,17,18,19,20,21
5,6,7,8,9,10,12,88,13,15,16,17,18,19,20,21
5,6,7,8,9,10,12,88,13,15,16,17,18,19,20,21
5,6,7,8,9,10,12,88,13,15,16,17,18,19,20,21
5,6,7,8,9,10,12,88,13,15,16,17,18,19,20,21
5,6,7,8,9,10,12,88,13,15,16,17,18,19,20,21
5,6,7,8,9,10,12,88,13,15,16,17,18,19,20,21
5,6,7,8,9,10,12,88,13,15,16,17,18,19,20,21
5,6,7,8,9,10,12,88,13,15,16,17,18,19,20,21
5,6,7,8,9,10,12,88,13,15,16,17,18,19,20,21
5,6,7,8,9,10,12,88,13,15,16,17,18,19,20,21
5,6,7,8,9,10,12,88,13,15,16,17,18,19,20,21
5,6,7,8,9,10,12,88,13,15,16,17,18,19,20,21
5,6,7,8,9,10,12,88,13,15,16,17,18,19,20,21
5,6,7,8,9,10,12,88,13,15,16,17,18,19,20,21
5,6,7,8,9,10,12,88,13,15,16,17,18,19,20,21
5,6,7,8,9,10,12,88,13,15,16,17,18,19,20,21
5,6,7,8,9,10,12,88,13,15,16,17,18,19,20,21
5,6,7,8,9,10,12,88,13,15,16,17,18,19,20,21
5,6,7,8,9,10,12,88,13,15,16,17,18,19,20,21
5,6,7,8,9,10,12,88,13,15,16,17,18,19,20,21
5,6,7,8,9,10,12,88,13,15,16,17,18,19,20,21
5,6,7,8,9,10,12,88,13,15,16,17,18,19,20,21
5,6,7,8,9,10,12,88,13,15,16,17,18,19,20,21
5,6,7,8,9,10,12,88,13,15,16,17,18,19,20,21
5,6,7,8,9,10,12,88,13,15,16,17,18,19,20,21
5,6,7,8,9,10,12,88,13,15,16,17,18,19,20,21
5,6,7,8,9,10,12,88,13,15,16,17,18,19,20,21
5,6,7,8,9,10,12,88,13,15,16,17,18,19,20,21
5,6,7,8,9,10,12,88,13,15,16,17,18,19,20,21
5,6,7,8,9,10,12,88,13,15,16,17,18,19,20,21
5,6,7,8,9,10,12,88,13,15,16,17,18,19,20,21
5,6,7,8,9,10,12,88,13,15,16,17,18,19,20,21
5,6,7,8,9,10,12,88,13,15,16,17,18,19,20,21
5,6,7,8,9,10,12,88,13,15,16,17,18,19,20,21
5,6,7,8,9,10,12,88,13,15,16,17,18,19,20,21
5,6,7,8,9,10,12,88,13,15,16,17,18,19,20,21
5,6,7,8,9,10,12,88,13,15,16,17,18,19,20,21
5,6,7,8,9,10,12,88,13,15,16,17,18,19,20,21
5,6,7,8,9,10,12,88,13,15,16,17,18,19,20,21
5,6,7,8,9,10,12,88,13,15,16,17,18,19,20,21
5,6,7,8,9,10,12,88,13,15,16,17,18,19,20,21
5,6,7,8,9,10,12,88,13,15,16,17,18,19,20,21
5,6,7,8,9,10,12,88,13,15,16,17,18,19,20,21
5,6,7,8,9,10,12,88,13,15,16,17,18,19,20,21
5,6,7,8,9,10,12,88,13,15,16,17,18,19,20,21
5,6,7,8,9,10,12,88,13,15,16,17,18,19,20,21
5,6,7,8,9,10,12,88,13,15,16,17,18,19,20,21
5,6,7,8,9,10,12,88,13,15,16,17,18,19,20,21
5,6,7,8,9,10,12,88,13,15,16,17,18,19,20,21
5,6,7,8,9,10,12,88,13,15,16,17,18,19,20,21
5,6,7,8,9,10,12,88,13,15,16,17,18,19,20,21
5,6,7,8,9,10,12,88,13,15,16,17,18,19,20,21
5,6,7,8,9,10,12,88,13,15,16,17,18,19,20,21
5,6,7,8,9,10,12,88,13,15,16,17,18,19,20,21
5,6,7,8,9,10,12,88,13,15,16,17,18,19,20,21
5,6,7,8,9,10,12,88,13,15,16,17,18,19,20,21
5,6,7,8,9,10,12,88,13,15,16,17,18,19,20,21
5,6,7,8,9,10,12,88,13,15,16,17,18,19,20,21
5,6,7,8,9,10,12,88,13,15,16,17,18,19,20,21
5,6,7,8,9,10,12,88,13,15,16,17,18,19,20,21
5,6,7,8,9,10,12,88,13,15,16,17,18,19,20,21
5,6,7,8,9,10,12,88,13,15,16,17,18,19,20,21
5,6,7,8,9,10,12,88,13,15,16,17,18,19,20,21
5,6,7,8,9,10,12,88,13,15,16,17,18,19,20,21
5,6,7,8,9,10,12,88,13,15,16,17,18,19,20,21
5,6,7,8,9,10,12,88,13,15,16,17,18,19,20,21
5,6,7,8,9,10,12,88,13,15,16,17,18,19,20,21
5,6,7,8,9,10,12,88,13,15,16,17,18,19,20,21
5,6,7,8,9,10,12,88,13,15,16,17,18,19,20,21
5,6,7,8,9,10,12,88,13,15,16,17,18,19,20,21
5,6,7,8,9,10,12,88,13,15,16,17,18,19,20,21
5,6,7,8,9,10,12,88,13,15,16,17,18,19,20,21
5,6,7,8,9,10,12,88,13,15,16,17,18,19,20,21
5,6,7,8,9,10,12,88,13,15,16,17,18,19,20,21
5,6,7,8,9,10,12,88,13,15,16,17,18,19,20,21
5,6,7,8,9,10,12,88,13,15,16,17,18,19,20,21
5,6,7,8,9,10,12,88,13,15,16,17,18,19,20,21
5,6,7,8,9,10,12,88,13,15,16,17,18,19,20,21
5,6,7,8,9,10,12,88,13,15,16,17,18,19,20,21
5,6,7,8,9,10,12,88,13,15,16,17,18,19,20,21
5,6,7,8,9,10,12,88,13,15,16,17,18,19,20,21
5,6,7,8,9,10,12,88,13,15,16,17,18,19,20,21
5,6,7,8,9,10,12,88,13,15,16,17,18,19,20,21
5,6,7,8,9,10,12,88,13,15,16,17,18,19,20,21
5,6,7,8,9,10,12,88,13,15,16,17,18,19,20,21
5,6,7,8,9,10,12,88,13,15,16,17,18,19,20,21
5,6,7,8,9,10,12,88,13,15,16,17,18,19,20,21
5,6,7,8,9,10,12,88,13,15,16,17,18,19,20,21
5,6,7,8,9,10,12,88,13,15,16,17,18,19,20,21
5,6,7,8,9,10,12,88,13,15,16,17,18,19,20,21
5,6,7,8,9,10,12,88,13,15,16,17,18,19,20,21
5,6,7,8,9,10,12,88,13,15,16,17,18,19,20,21
5,6,7,8,9,10,12,88,13,15,16,17,18,19,20,21
5,6,7,8,9,10,12,88,13,15,16,17,18,19,20,21
5,6,7,8,9,10,12,88,13,15,16,17,18,19,20,21
5,6,7,8,9,10,2,1,15,16,17,18,19,20,21
5,6,7,8,9,10,2,1,15,16,17,18,19,20,21
5,6,7,8,9,10,2,1,15,16,17,18,19,20,21
5,6,7,8,9,10,2,1,15,16,17,18,19,20,21
5,6,7,8,9,10,2,1,15,16,17,18,19,20,21
5,6,7,8,9,10,2,1,15,16,17,18,19,20,21
5,6,7,8,9,10,2,1,15,16,17,18,19,20,21
5,6,7,8,9,10,2,1,15,16,17,18,19,20,21
5,6,7,8,9,10,2,1,15,16,17,18,19,20,21
5,6,7,8,9,10,2,1,15,16,17,18,19,20,21
5,6,7,8,9,10,2,1,15,16,17,18,19,20,21
5,6,7,8,9,10,2,1,15,16,17,18,19,20,21
5,6,7,8,9,10,2,1,15,16,17,18,19,20,21
5,6,7,8,9,10,2,1,15,16,17,18,19,20,21
5,6,7,8,9,10,2,1,15,16,17,18,19,20,21
5,6,7,8,9,10,2,1,15,16,17,18,19,20,21
5,6,7,8,9,10,2,1,15,16,17,18,19,20,21
5,6,7,8,9,10,2,1,15,16,17,18,19,20,21
5,6,7,8,9,10,2,1,15,16,17,18,19,20,21
5,6,7,8,9,10,2,1,15,16,17,18,19,20,21
5,6,7,8,9,10,2,1,15,16,17,18,19,20,21
5,6,7,8,9,10,2,1,15,16,17,18,19,20,21
5,6,7,8,9,10,2,1,15,16,17,18,19,20,21
5,6,7,8,9,10,2,1,15,16,17,18,19,20,21
5,6,7,8,9,10,2,1,15,16,17,18,19,20,21
5,6,7,8,9,10,2,1,15,16,17,18,19,20,21
5,6,7,8,9,10,2,1,15,16,17,18,19,20,21
5,6,7,8,9,10,2,1,15,16,17,18,19,20,21
5,6,7,8,9,10,2,1,15,16,17,18,19,20,21
5,6,7,8,9,10,2,1,15,16,17,18,19,20,21
5,6,7,8,9,10,2,1,15,16,17,18,19,20,21
5,6,7,8,9,10,2,1,15,16,17,18,19,20,21
5,6,7,8,9,10,2,1,15,16,17,18,19,20,21
5,6,7,8,9,10,2,1,15,16,17,18,19,20,21
5,6,7,8,9,10,2,1,15,16,17,18,19,20,21
5,6,7,8,9,10,2,1,15,16,17,18,19,20,21
5,6,7,8,9,10,2,1,15,16,17,18,19,20,21
5,6,7,8,9,10,2,1,15,16,17,18,19,20,21
5,6,7,8,9,10,2,1,15,16,17,18,19,20,21
5,6,7,8,9,10,2,1,15,16,17,18,19,20,21
5,6,7,8,9,10,2,1,15,16,17,18,19,20,21
5,6,7,8,9,10,2,1,15,16,17,18,19,20,21
5,6,7,8,9,10,2,1,15,16,17,18,19,20,21
5,6,7,8,9,10,2,1,15,16,17,18,19,20,21
5,6,7,8,9,10,2,1,15,16,17,18,19,20,21
5,6,7,8,9,10,2,1,15,16,17,18,19,20,21
5,6,7,8,9,10,2,1,15,16,17,18,19,20,21
5,6,7,8,9,10,2,1,15,16,17,18,19,20,21
5,6,7,8,9,10,2,1,15,16,17,18,19,20,21
5,6,7,8,9,10,2,1,15,16,17,18,19,20,21
5,6,7,8,9,10,2,1,15,16,17,18,19,20,21
5,6,7,8,9,10,2,1,15,16,17,18,19,20,21
5,6,7,8,9,10,2,1,15,16,17,18,19,20,21
5,6,7,8,9,10,2,1,15,16,17,18,19,20,21
5,6,7,8,9,10,2,1,15,16,17,18,19,20,21
5,6,7,8,9,10,2,1,15,16,17,18,19,20,21
5,6,7,8,9,10,2,1,15,16,17,18,19,20,21
5,6,7,8,9,10,2,1,15,16,17,18,19,20,21
5,6,7,8,9,10,2,1,15,16,17,18,19,20,21
5,6,7,8,9,10,2,1,15,16,17,18,19,20,21
5,6,7,8,9,10,2,1,15,16,17,18,19,20,21
5,6,7,8,9,10,2,1,15,16,17,18,19,20,21
5,6,7,8,9,10,2,1,15,16,17,18,19,20,21
5,6,7,8,9,10,2,1,15,16,17,18,19,20,21
5,6,7,8,9,10,2,1,15,16,17,18,19,20,21
5,6,7,8,9,10,2,1,15,16,17,18,19,20,21
5,6,7,8,9,10,2,1,15,16,17,18,19,20,21
5,6,7,8,9,10,2,1,15,16,17,18,19,20,21
5,6,7,8,9,10,2,1,15,16,17,18,19,20,21
5,6,7,8,9,10,2,1,15,16,17,18,19,20,21
5,6,7,8,9,10,2,1,15,16,17,18,19,20,21
5,6,7,8,9,10,2,1,15,16,17,18,19,20,21
5,6,7,8,9,10,2,1,15,16,17,18,19,20,21
5,6,7,8,9,10,2,1,15,16,17,18,19,20,21
5,6,7,8,9,10,2,1,15,16,17,18,19,20,21
5,6,7,8,9,10,2,1,15,16,17,18,19,20,21
5,6,7,8,9,10,2,1,15,16,17,18,19,20,21
5,6,7,8,9,10,2,1,15,16,17,18,19,20,21
5,6,7,8,9,10,2,1,15,16,17,18,19,20,21
5,6,7,8,9,10,2,1,15,16,17,18,19,20,21
5,6,7,8,9,10,2,1,15,16,17,18,19,20,21
5,6,7,8,9,10,2,1,15,16,17,18,19,20,21
5,6,7,8,9,10,2,1,15,16,17,18,19,20,21
5,6,7,8,9,10,2,1,15,16,17,18,19,20,21
5,6,7,8,9,10,2,1,15,16,17,18,19,20,21
5,6,7,8,9,10,2,1,15,16,17,18,19,20,21
5,6,7,8,9,10,2,1,15,16,17,18,19,20,21
5,6,7,8,9,10,2,1,15,16,17,18,19,20,21
5,6,7,8,9,10,2,1,15,16,17,18,19,20,21
5,6,7,8,9,10,2,1,15,16,17,18,19,20,21
5,6,7,8,9,10,2,1,15,16,17,18,19,20,21
5,6,7,8,9,10,2,1,15,16,17,18,19,20,21
5,6,7,8,9,10,2,1,15,16,17,18,19,20,21
5,6,7,8,9,10,2,1,15,16,17,18,19,20,21
5,6,7,8,9,10,2,1,15,16,17,18,19,20,21
5,6,7,8,9,10,2,1,15,16,17,18,19,20,21
5,6,7,8,9,10,2,1,15,16,17,18,19,20,21
5,6,7,8,9,10,2,1,15,16,17,18,19,20,21
5,6,7,8,9,10,2,1,15,16,17,18,19,20,21
5,6,7,8,9,10,2,1,15,16,17,18,19,20,21
5,6,7,8,9,10,2,1,15,16,17,18,19,20,21
5,6,7,8,9,10,2,1,15,16,17,18,19,20,21
5,6,7,8,9,10,2,1,15,16,17,18,19,20,21
5,6,7,8,9,10,2,1,15,16,17,18,19,20,21
5,6,7,8,9,10,2,1,15,16,17,18,19,20,21
5,6,7,8,9,10,2,1,15,16,17,18,19,20,21
5,6,7,8,9,10,2,1,15,16,17,18,19,20,21
5,6,7,8,9,10,2,1,15,16,17,18,19,20,21
5,6,7,8,9,10,2,1,15,16,17,18,19,20,21
5,6,7,8,9,10,2,1,15,16,17,18,19,20,21
5,6,7,8,9,10,2,1,15,16,17,18,19,20,21
5,6,7,8,9,10,2,1,15,16,17,18,19,20,21
5,6,7,8,9,10,2,1,15,16,17,18,19,20,21
5,6,7,8,9,10,2,1,15,16,17,18,19,20,21
5,6,7,8,9,10,2,1,15,16,17,18,19,20,21
5,6,7,8,9,10,2,1,15,16,17,18,19,20,21
5,6,7,8,9,10,2,1,15,16,17,18,19,20,21
5,6,7,8,9,10,2,1,15,16,17,18,19,20,21
5,6,7,8,9,10,2,1,15,16,17,18,19,20,21
5,6,7,8,9,10,2,1,15,16,17,18,19,20,21
5,6,7,8,9,10,2,1,15,16,17,18,19,20,21
5,6,7,8,9,10,2,1,15,16,17,18,19,20,21
5,6,7,8,9,10,2,1,15,16,17,18,19,20,21
5,6,7,8,9,10,2,1,15,16,17,18,19,20,21
5,6,7,8,9,10,2,1,15,16,17,18,19,20,21
5,6,7,8,9,10,2,1,15,16,17,18,19,20,21
5,6,7,8,9,10,2,1,15,16,17,18,19,20,21
5,6,7,8,9,10,2,1,15,16,17,18,19,20,21
5,6,7,8,9,10,2,1,15,16,17,18,19,20,21
5,6,7,8,9,10,2,1,15,16,17,18,19,20,21
5,6,7,8,9,10,2,1,15,16,17,18,19,20,21
5,6,7,8,9,10,2,1,15,16,17,18,19,20,21
5,6,7,8,9,10,2,1,15,16,17,18,19,20,21
5,6,7,8,9,10,2,1,15,16,17,18,19,20,21
5,6,7,8,9,10,2,1,15,16,17,18,19,20,21
5,6,7,8,9,10,2,1,15,16,17,18,19,20,21
5,6,7,8,9,10,2,1,15,16,17,18,19,20,21
5,6,7,8,9,10,2,1,15,16,17,18,19,20,21
5,6,7,8,9,10,2,1,15,16,17,18,19,20,21
5,6,7,8,9,10,2,1,15,16,17,18,19,20,21
5,6,7,8,9,10,2,1,15,16,17,18,19,20,21
5,6,7,8,9,10,2,1,15,16,17,18,19,20,21
5,6,7,8,9,10,2,1,15,16,17,18,19,20,21
5,6,7,8,9,10,2,1,15,16,17,18,19,20,21
5,6,7,8,9,10,2,1,15,16,17,18,19,20,21
5,6,7,8,9,10,2,1,15,16,17,18,19,20,21
5,6,7,8,9,10,2,1,15,16,17,18,19,20,21
5,6,7,8,9,10,2,1,15,16,17,18,19,20,21
5,6,7,8,9,10,2,1,15,16,17,18,19,20,21
5,6,7,8,9,10,2,1,15,16,17,18,19,20,21
5,6,7,8,9,10,2,1,15,16,17,18,19,20,21
5,6,7,8,9,10,2,1,15,16,17,18,19,20,21
5,6,7,8,9,10,2,1,15,16,17,18,19,20,21
5,6,7,8,9,10,2,1,15,16,17,18,19,20,21
5,6,7,8,9,10,2,1,15,16,17,18,19,20,21
5,6,7,8,9,10,2,1,15,16,17,18,19,20,21
5,6,7,8,9,10,2,1,15,16,17,18,19,20,21
5,6,7,8,9,10,2,1,15,16,17,18,19,20,21
5,6,7,8,9,10,2,1,15,16,17,18,19,20,21
5,6,7,8,9,10,2,1,15,16,17,18,19,20,21
5,6,7,8,9,10,2,1,15,16,17,18,19,20,21
5,6,7,8,9,10,2,1,15,16,17,18,19,20,21
5,6,7,8,9,10,2,1,15,16,17,18,19,20,21
5,6,7,8,9,10,2,1,15,16,17,18,19,20,21
5,6,7,8,9,10,2,1,15,16,17,18,19,20,21
5,6,7,8,9,10,2,1,15,16,17,18,19,20,21
5,6,7,8,9,10,2,1,15,16,17,18,19,20,21
5,6,7,8,9,10,2,1,15,16,17,18,19,20,21
5,6,7,8,9,10,2,1,15,16,17,18,19,20,21
5,6,7,8,9,10,2,1,15,16,17,18,19,20,21
5,6,7,8,9,10,2,1,15,16,17,18,19,20,21
5,6,7,8,9,10,2,1,15,16,17,18,19,20,21
5,6,7,8,9,10,2,1,15,16,17,18,19,20,21
5,6,7,8,9,10,2,1,15,16,17,18,19,20,21
5,6,7,8,9,10,2,1,15,16,17,18,19,20,21
5,6,7,8,9,10,2,1,15,16,17,18,19,20,21
5,6,7,8,9,10,2,1,15,16,17,18,19,20,21
5,6,7,8,9,10,2,1,15,16,17,18,19,20,21
5,6,7,8,9,10,2,1,15,16,17,18,19,20,21
5,6,7,8,9,10,2,1,15,16,17,18,19,20,21
5,6,7,8,9,10,2,1,15,16,17,18,19,20,21
5,6,7,8,9,10,2,1,15,16,17,18,19,20,21
5,6,7,8,9,10,2,1,15,16,17,18,19,20,21
5,6,7,8,9,10,2,1,15,16,17,18,19,20,21
5,6,7,8,9,10,2,1,15,16,17,18,19,20,21
5,6,7,8,9,10,2,1,15,16,17,18,19,20,21
5,6,7,8,9,10,2,1,15,16,17,18,19,20,21
5,6,7,8,9,10,2,1,15,16,17,18,19,20,21
5,6,7,8,9,10,2,1,15,16,17,18,19,20,21
5,6,7,8,9,10,2,1,15,16,17,18,19,20,21
5,6,7,8,9,10,2,1,15,16,17,18,19,20,21
5,6,7,8,9,10,2,1,15,16,17,18,19,20,21
5,6,7,8,9,10,2,1,15,16,17,18,19,20,21
5,6,7,8,9,10,2,1,15,16,17,18,19,20,21
5,6,7,8,9,10,2,1,15,16,17,18,19,20,21
5,6,7,8,9,10,2,1,15,16,17,18,19,20,21
5,6,7,8,9,10,2,1,15,16,17,18,19,20,21
5,6,7,8,9,10,2,1,15,16,17,18,19,20,21
5,6,7,8,9,10,2,1,15,16,17,18,19,20,21
5,6,7,8,9,10,2,1,15,16,17,18,19,20,21
5,6,7,8,9,10,2,1,15,16,17,18,19,20,21
5,6,7,8,9,10,2,1,15,16,17,18,19,20,21
5,6,7,8,9,10,2,1,15,16,17,18,19,20,21
5,6,7,8,9,10,2,1,15,16,17,18,19,20,21
5,6,7,8,9,10,2,1,15,16,17,18,19,20,21
5,6,7,8,9,10,2,1,15,16,17,18,19,20,21
5,6,7,8,9,10,2,1,15,16,17,18,19,20,21
5,6,7,8,9,10,2,1,15,16,17,18,19,20,21
5,6,7,8,9,10,2,1,15,16,17,18,19,20,21
5,6,7,8,9,10,2,1,15,16,17,18,19,20,21
5,6,7,8,9,10,2,1,15,16,17,18,19,20,21
5,6,7,8,9,10,2,1,15,16,17,18,19,20,21
5,6,7,8,9,10,2,1,15,16,17,18,19,20,21
5,6,7,8,9,10,2,1,15,16,17,18,19,20,21
5,6,7,8,9,10,2,1,15,16,17,18,19,20,21
5,6,7,8,9,10,2,1,15,16,17,18,19,20,21
5,6,7,8,9,10,2,1,15,16,17,18,19,20,21
5,6,7,8,9,10,2,1,15,16,17,18,19,20,21
5,6,7,8,9,10,2,1,15,16,17,18,19,20,21
5,6,7,8,9,10,2,1,15,16,17,18,19,20,21
5,6,7,8,9,10,2,1,15,16,17,18,19,20,21
5,6,7,8,9,10,2,1,15,16,17,18,19,20,21
5,6,7,8,9,10,2,1,15,16,17,18,19,20,21
5,6,7,8,9,10,2,1,15,16,17,18,19,20,21
5,6,7,8,9,10,2,1,15,16,17,18,19,20,21
5,6,7,8,9,10,2,1,15,16,17,18,19,20,21
5,6,7,8,9,10,2,1,15,16,17,18,19,20,21
5,6,7,8,9,10,2,1,15,16,17,18,19,20,21
5,6,7,8,9,10,2,1,15,16,17,18,19,20,21
5,6,7,8,9,10,2,1,15,16,17,18,19,20,21
5,6,7,8,9,10,2,1,15,16,17,18,19,20,21
5,6,7,8,9,10,2,1,15,16,17,18,19,20,21
5,6,7,8,9,10,2,1,15,16,17,18,19,20,21
5,6,7,8,9,10,2,1,15,16,17,18,19,20,21
5,6,7,8,9,10,2,1,15,16,17,18,19,20,21
5,6,7,8,9,10,2,1,15,16,17,18,19,20,21
5,6,7,8,9,10,2,1,15,16,17,18,19,20,21
5,6,7,8,9,10,2,1,15,16,17,18,19,20,21
5,6,7,8,9,10,2,1,15,16,17,18,19,20,21
5,6,7,8,9,10,2,1,15,16,17,18,19,20,21
5,6,7,8,9,10,2,1,15,16,17,18,19,20,21
5,6,7,8,9,10,2,1,15,16,17,18,19,20,21
5,6,7,8,9,10,2,1,15,16,17,18,19,20,21
5,6,7,8,9,10,2,1,15,16,17,18,19,20,21
5,6,7,8,9,10,2,1,15,16,17,18,19,20,21
5,6,7,8,9,10,2,1,15,16,17,18,19,20,21
5,6,7,8,9,10,2,1,15,16,17,18,19,20,21
5,6,7,8,9,10,2,1,15,16,17,18,19,20,21
5,6,7,8,9,10,2,1,15,16,17,18,19,20,21
5,6,7,8,9,10,2,1,15,16,17,18,19,20,21
5,6,7,8,9,10,2,1,15,16,17,18,19,20,21
5,6,7,8,9,10,2,1,15,16,17,18,19,20,21
5,6,7,8,9,10,2,1,15,16,17,18,19,20,21
5,6,7,8,9,10,2,1,15,16,17,18,19,20,21
5,6,7,8,9,10,2,1,15,16,17,18,19,20,21
5,6,7,8,9,10,2,1,15,16,17,18,19,20,21
5,6,7,8,9,10,2,1,15,16,17,18,19,20,21
5,6,7,8,9,10,2,1,15,16,17,18,19,20,21
5,6,7,8,9,10,2,1,15,16,17,18,19,20,21
5,6,7,8,9,10,2,1,15,16,17,18,19,20,21
5,6,7,8,9,10,2,1,15,16,17,18,19,20,21
5,6,7,8,9,10,2,1,15,16,17,18,19,20,21
5,6,7,8,9,10,2,1,15,16,17,18,19,20,21
5,6,7,8,9,10,2,1,15,16,17,18,19,20,21
5,6,7,8,9,10,2,1,15,16,17,18,19,20,21
5,6,7,8,9,10,2,1,15,16,17,18,19,20,21
5,6,7,8,9,10,2,1,15,16,17,18,19,20,21
5,6,7,8,9,10,2,1,15,16,17,18,19,20,21
5,6,7,8,9,10,2,1,15,16,17,18,19,20,21
5,6,7,8,9,10,2,1,15,16,17,18,19,20,21
5,6,7,8,9,10,2,1,15,16,17,18,19,20,21
5,6,7,8,9,10,2,1,15,16,17,18,19,20,21
5,6,7,8,9,10,2,1,15,16,17,18,19,20,21
5,6,7,8,9,10,2,1,15,16,17,18,19,20,21
5,6,7,8,9,10,2,1,15,16,17,18,19,20,21
5,6,7,8,9,10,2,1,15,16,17,18,19,20,21
5,6,7,8,9,10,2,1,15,16,17,18,19,20,21
5,6,7,8,9,10,2,1,15,16,17,18,19,20,21
5,6,7,8,9,10,2,1,15,16,17,18,19,20,21
5,6,7,8,9,10,2,1,15,16,17,18,19,20,21
5,6,7,8,9,10,2,1,15,16,17,18,19,20,21
5,6,7,8,9,10,2,1,15,16,17,18,19,20,21
5,6,7,8,9,10,2,1,15,16,17,18,19,20,21
5,6,7,8,9,10,2,1,15,16,17,18,19,20,21
5,6,7,8,9,10,2,1,15,16,17,18,19,20,21
5,6,7,8,9,10,2,1,15,16,17,18,19,20,21
5,6,7,8,9,10,2,1,15,16,17,18,19,20,21
5,6,7,8,9,10,2,1,15,16,17,18,19,20,21
5,6,7,8,9,10,2,1,15,16,17,18,19,20,21
5,6,7,8,9,10,2,1,15,16,17,18,19,20,21
5,6,7,8,9,10,2,1,15,16,17,18,19,20,21
5,6,7,8,9,10,2,1,15,16,17,18,19,20,21
5,6,7,8,9,10,2,1,15,16,17,18,19,20,21
5,6,7,8,9,10,2,1,15,16,17,18,19,20,21
5,6,7,8,9,10,2,1,15,16,17,18,19,20,21
5,6,7,8,9,10,2,1,15,16,17,18,19,20,21
5,6,7,8,9,10,2,1,15,16,17,18,19,20,21
5,6,7,8,9,10,2,1,15,16,17,18,19,20,21
5,6,7,8,9,10,2,1,15,16,17,18,19,20,21
5,6,7,8,9,10,2,1,15,16,17,18,19,20,21
5,6,7,8,9,10,2,1,15,16,17,18,19,20,21
5,6,7,8,9,10,2,1,15,16,17,18,19,20,21
5,6,7,8,9,10,2,1,15,16,17,18,19,20,21
5,6,7,8,9,10,2,1,15,16,17,18,19,20,21
5,6,7,8,9,10,2,1,15,16,17,18,19,20,21
5,6,7,8,9,10,2,1,15,16,17,18,19,20,21
5,6,7,8,9,10,2,1,15,16,17,18,19,20,21
5,6,7,8,9,10,2,1,15,16,17,18,19,20,21
5,6,7,8,9,10,2,1,15,16,17,18,19,20,21
5,6,7,8,9,10,2,1,15,16,17,18,19,20,21
5,6,7,8,9,10,2,1,15,16,17,18,19,20,21
5,6,7,8,9,10,2,1,15,16,17,18,19,20,21
5,6,7,8,9,10,2,1,15,16,17,18,19,20,21
5,6,7,8,9,10,2,1,15,16,17,18,19,20,21
5,6,7,8,9,10,2,1,15,16,17,18,19,20,21
5,6,7,8,9,10,2,1,15,16,17,18,19,20,21
5,6,7,8,9,10,2,1,15,16,17,18,19,20,21
5,6,7,8,9,10,2,1,15,16,17,18,19,20,21
5,6,7,8,9,10,2,1,15,16,17,18,19,20,21
5,6,7,8,9,10,2,1,15,16,17,18,19,20,21
5,6,7,8,9,10,2,1,15,16,17,18,19,20,21
5,6,7,8,9,10,2,1,15,16,17,18,19,20,21
5,6,7,8,9,10,2,1,15,16,17,18,19,20,21
5,6,7,8,9,10,2,1,15,16,17,18,19,20,21
5,6,7,8,9,10,2,1,15,16,17,18,19,20,21
5,6,7,8,9,10,2,1,15,16,17,18,19,20,21
5,6,7,8,9,10,2,1,15,16,17,18,19,20,21
5,6,7,8,9,10,2,1,15,16,17,18,19,20,21
5,6,7,8,9,10,2,1,15,16,17,18,19,20,21
5,6,7,8,9,10,2,1,15,16,17,18,19,20,21
5,6,7,8,9,10,2,1,15,16,17,18,19,20,21
5,6,7,8,9,10,2,1,15,16,17,18,19,20,21
5,6,7,8,9,10,2,1,15,16,17,18,19,20,21
5,6,7,8,9,10,2,1,15,16,17,18,19,20,21
5,6,7,8,9,10,2,1,15,16,17,18,19,20,21
5,6,7,8,9,10,2,1,15,16,17,18,19,20,21
5,6,7,8,9,10,2,1,15,16,17,18,19,20,21
5,6,7,8,9,10,2,1,15,16,17,18,19,20,21
5,6,7,8,9,10,2,1,15,16,17,18,19,20,21
5,6,7,8,9,10,2,1,15,16,17,18,19,20,21
5,6,7,8,9,10,2,1,15,16,17,18,19,20,21
5,6,7,8,9,10,2,1,15,16,17,18,19,20,21
5,6,7,8,9,10,2,1,15,16,17,18,19,20,21
5,6,7,8,9,10,2,1,15,16,17,18,19,20,21
5,6,7,8,9,10,2,1,15,16,17,18,19,20,21
5,6,7,8,9,10,2,1,15,16,17,18,19,20,21
5,6,7,8,9,10,2,1,15,16,17,18,19,20,21
5,6,7,8,9,10,2,1,15,16,17,18,19,20,21
5,6,7,8,9,10,2,1,15,16,17,18,19,20,21
5,6,7,8,9,10,2,1,15,16,17,18,19,20,21
5,6,7,8,9,10,2,1,15,16,17,18,19,20,21
5,6,7,8,9,10,2,1,15,16,17,18,19,20,21
5,6,7,8,9,10,2,1,15,16,17,18,19,20,21
5,6,7,8,9,10,2,1,15,16,17,18,19,20,21
5,6,7,8,9,10,2,1,15,16,17,18,19,20,21
5,6,7,8,9,10,2,1,15,16,17,18,19,20,21
5,6,7,8,9,10,2,1,15,16,17,18,19,20,21
5,6,7,8,9,10,2,1,15,16,17,18,19,20,21
5,6,7,8,9,10,2,1,15,16,17,18,19,20,21
5,6,7,8,9,10,2,1,15,16,17,18,19,20,21
5,6,7,8,9,10,2,1,15,16,17,18,19,20,21
5,6,7,8,9,10,2,1,15,16,17,18,19,20,21
5,6,7,8,9,10,2,1,15,16,17,18,19,20,21
5,6,7,8,9,10,2,1,15,16,17,18,19,20,21
5,6,7,8,9,10,2,1,15,16,17,18,19,20,21
5,6,7,8,9,10,2,1,15,16,17,18,19,20,21
5,6,7,8,9,10,2,1,15,16,17,18,19,20,21
5,6,7,8,9,10,2,1,15,16,17,18,19,20,21
5,6,7,8,9,10,2,1,15,16,17,18,19,20,21
5,6,7,8,9,10,2,1,15,16,17,18,19,20,21
5,6,7,8,9,10,2,1,15,16,17,18,19,20,21
5,6,7,8,9,10,2,1,15,16,17,18,19,20,21
5,6,7,8,9,10,2,1,15,16,17,18,19,20,21
5,6,7,8,9,10,2,1,15,16,17,18,19,20,21
5,6,7,8,9,10,2,1,15,16,17,18,19,20,21
5,6,7,8,9,10,2,1,15,16,17,18,19,20,21
5,6,7,8,9,10,2,1,15,16,17,18,19,20,21
5,6,7,8,9,10,2,1,15,16,17,18,19,20,21
5,6,7,8,9,10,2,1,15,16,17,18,19,20,21
5,6,7,8,9,10,2,1,15,16,17,18,19,20,21
5,6,7,8,9,10,2,1,15,16,17,18,19,20,21
5,6,7,8,9,10,2,1,15,16,17,18,19,20,21
5,6,7,8,9,10,2,1,15,16,17,18,19,20,21
5,6,7,8,9,10,2,1,15,16,17,18,19,20,21
5,6,7,8,9,10,2,1,15,16,17,18,19,20,21
5,6,7,8,9,10,2,1,15,16,17,18,19,20,21
5,6,7,8,9,10,2,1,15,16,17,18,19,20,21
5,6,7,8,9,10,2,1,15,16,17,18,19,20,21
5,6,7,8,9,10,2,1,15,16,17,18,19,20,21
5,6,7,8,9,10,2,1,15,16,17,18,19,20,21
5,6,7,8,9,10,2,1,15,16,17,18,19,20,21
5,6,7,8,9,10,2,1,15,16,17,18,19,20,21
5,6,7,8,9,10,2,1,15,16,17,18,19,20,21
5,6,7,8,9,10,2,1,15,16,17,18,19,20,21
5,6,7,8,9,10,2,1,15,16,17,18,19,20,21
5,6,7,8,9,10,2,1,15,16,17,18,19,20,21
5,6,7,8,9,10,2,1,15,16,17,18,19,20,21
5,6,7,8,9,10,2,1,15,16,17,18,19,20,21
5,6,7,8,9,10,2,1,15,16,17,18,19,20,21
5,6,7,8,9,10,2,1,15,16,17,18,19,20,21
5,6,7,8,9,10,2,1,15,16,17,18,19,20,21
5,6,7,8,9,10,2,1,15,16,17,18,19,20,21
5,6,7,8,9,10,2,1,15,16,17,18,19,20,21
5,6,7,8,9,10,2,1,15,16,17,18,19,20,21
5,6,7,8,9,10,2,1,15,16,17,18,19,20,21
5,6,7,8,9,10,2,1,15,16,17,18,19,20,21
5,6,7,8,9,10,2,1,15,16,17,18,19,20,21
5,6,7,8,9,10,2,1,15,16,17,18,19,20,21
5,6,7,8,9,10,2,1,15,16,17,18,19,20,21
5,6,7,8,9,10,2,1,15,16,17,18,19,20,21
5,6,7,8,9,10,2,1,15,16,17,18,19,20,21
5,6,7,8,9,10,2,1,15,16,17,18,19,20,21
5,6,7,8,9,10,2,1,15,16,17,18,19,20,21
5,6,7,8,9,10,2,1,15,16,17,18,19,20,21
5,6,7,8,9,10,2,1,15,16,17,18,19,20,21
5,6,7,8,9,10,2,1,15,16,17,18,19,20,21
5,6,7,8,9,10,2,1,15,16,17,18,19,20,21
5,6,7,8,9,10,2,1,15,16,17,18,19,20,21
5,6,7,8,9,10,2,1,15,16,17,18,19,20,21
5,6,7,8,9,10,2,1,15,16,17,18,19,20,21
5,6,7,8,9,10,2,1,15,16,17,18,19,20,21
5,6,7,8,9,10,2,1,15,16,17,18,19,20,21
5,6,7,8,9,10,2,1,15,16,17,18,19,20,21
5,6,7,8,9,10,2,1,15,16,17,18,19,20,21
5,6,7,8,9,10,2,1,15,16,17,18,19,20,21
5,6,7,8,9,10,2,1,15,16,17,18,19,20,21
5,6,7,8,9,10,2,1,15,16,17,18,19,20,21
5,6,7,8,9,10,2,1,15,16,17,18,19,20,21
5,6,7,8,9,10,2,1,15,16,17,18,19,20,21
5,6,7,8,9,10,2,1,15,16,17,18,19,20,21
5,6,7,8,9,10,2,1,15,16,17,18,19,20,21
5,6,7,8,9,10,2,1,15,16,17,18,19,20,21
5,6,7,8,9,10,2,1,15,16,17,18,19,20,21
5,6,7,8,9,10,2,1,15,16,17,18,19,20,21
5,6,7,8,9,10,2,1,15,16,17,18,19,20,21
5,6,7,8,9,10,2,1,15,16,17,18,19,20,21
5,6,7,8,9,10,2,1,15,16,17,18,19,20,21
5,6,7,8,9,10,2,1,15,16,17,18,19,20,21
5,6,7,8,9,10,2,1,15,16,17,18,19,20,21
5,6,7,8,9,10,2,1,15,16,17,18,19,20,21
5,6,7,8,9,10,2,1,15,16,17,18,19,20,21
5,6,7,8,9,10,2,1,15,16,17,18,19,20,21
5,6,7,8,9,10,2,1,15,16,17,18,19,20,21
5,6,7,8,9,10,2,1,15,16,17,18,19,20,21
5,6,7,8,9,10,2,1,15,16,17,18,19,20,21
5,6,7,8,9,10,2,1,15,16,17,18,19,20,21
5,6,7,8,9,10,2,1,15,16,17,18,19,20,21
5,6,7,8,9,10,2,1,15,16,17,18,19,20,21
5,6,7,8,9,10,2,1,15,16,17,18,19,20,21
5,6,7,8,9,10,2,1,15,16,17,18,19,20,21
5,6,7,8,9,10,2,1,15,16,17,18,19,20,21
5,6,7,8,9,10,2,1,15,16,17,18,19,20,21
5,6,7,8,9,10,2,1,15,16,17,18,19,20,21
5,6,7,8,9,10,2,1,15,16,17,18,19,20,21
5,6,7,8,9,10,2,1,15,16,17,18,19,20,21
5,6,7,8,9,10,2,1,15,16,17,18,19,20,21
5,6,7,8,9,10,2,1,15,16,17,18,19,20,21
5,6,7,8,9,10,2,1,15,16,17,18,19,20,21
5,6,7,8,9,10,2,1,15,16,17,18,19,20,21
5,6,7,8,9,10,2,1,15,16,17,18,19,20,21
5,6,7,8,9,10,2,1,15,16,17,18,19,20,21
5,6,7,8,9,10,2,1,15,16,17,18,19,20,21
5,6,7,8,9,10,2,1,15,16,17,18,19,20,21
5,6,7,8,9,10,2,1,15,16,17,18,19,20,21
5,6,7,8,9,10,2,1,15,16,17,18,19,20,21
5,6,7,8,9,10,2,1,15,16,17,18,19,20,21
5,6,7,8,9,10,2,1,15,16,17,18,19,20,21
5,6,7,8,9,10,2,1,15,16,17,18,19,20,21
5,6,7,8,9,10,2,1,15,16,17,18,19,20,21
5,6,7,8,9,10,2,1,15,16,17,18,19,20,21
5,6,7,8,9,10,2,1,15,16,17,18,19,20,21
5,6,7,8,9,10,2,1,15,16,17,18,19,20,21
5,6,7,8,9,10,2,1,15,16,17,18,19,20,21
5,6,7,8,9,10,2,1,15,16,17,18,19,20,21
5,6,7,8,9,10,2,1,15,16,17,18,19,20,21
5,6,7,8,9,10,2,1,15,16,17,18,19,20,21
5,6,7,8,9,10,2,1,15,16,17,18,19,20,21
5,6,7,8,9,10,2,1,15,16,17,18,19,20,21
5,6,7,8,9,10,2,1,15,16,17,18,19,20,21
5,6,7,8,9,10,2,1,15,16,17,18,19,20,21
5,6,7,8,9,10,2,1,15,16,17,18,19,20,21
5,6,7,8,9,10,2,1,15,16,17,18,19,20,21
5,6,7,8,9,10,2,1,15,16,17,18,19,20,21
5,6,7,8,9,10,2,1,15,16,17,18,19,20,21
5,6,7,8,9,10,2,1,15,16,17,18,19,20,21
5,6,7,8,9,10,2,1,15,16,17,18,19,20,21
5,6,7,8,9,10,2,1,15,16,17,18,19,20,21
5,6,7,8,9,10,2,1,15,16,17,18,19,20,21
5,6,7,8,9,10,2,1,15,16,17,18,19,20,21
5,6,7,8,9,10,2,1,15,16,17,18,19,20,21
5,6,7,8,9,10,2,1,15,16,17,18,19,20,21
5,6,7,8,9,10,2,1,15,16,17,18,19,20,21
5,6,7,8,9,10,2,1,15,16,17,18,19,20,21
5,6,7,8,9,10,2,1,15,16,17,18,19,20,21
5,6,7,8,9,10,2,1,15,16,17,18,19,20,21
5,6,7,8,9,10,2,1,15,16,17,18,19,20,21
5,6,7,8,9,10,2,1,15,16,17,18,19,20,21
5,6,7,8,9,10,2,1,15,16,17,18,19,20,21
5,6,7,8,9,10,2,1,15,16,17,18,19,20,21
5,6,7,8,9,10,2,1,15,16,17,18,19,20,21
5,6,7,8,9,10,2,1,15,16,17,18,19,20,21
5,6,7,8,9,10,2,1,15,16,17,18,19,20,21
5,6,7,8,9,10,2,1,15,16,17,18,19,20,21
5,6,7,8,9,10,2,1,15,16,17,18,19,20,21
5,6,7,8,9,10,2,1,15,16,17,18,19,20,21
5,6,7,8,9,10,2,1,15,16,17,18,19,20,21
5,6,7,8,9,10,2,1,15,16,17,18,19,20,21
5,6,7,8,9,10,2,1,15,16,17,18,19,20,21
5,6,7,8,9,10,2,1,15,16,17,18,19,20,21
5,6,7,8,9,10,2,1,15,16,17,18,19,20,21
5,6,7,8,9,10,2,1,15,16,17,18,19,20,21
5,6,7,8,9,10,2,1,15,16,17,18,19,20,21
5,6,7,3,2,1,0,18,19,20,21
5,6,7,3,2,1,0,18,19,20,21
5,6,7,3,2,1,0,18,19,20,21
5,6,7,3,2,1,0,18,19,20,21
5,6,7,3,2,1,0,18,19,20,21
5,6,7,3,2,1,0,18,19,20,21
5,6,7,3,2,1,0,18,19,20,21
5,6,7,3,2,1,0,18,19,20,21
5,6,7,8,9,10,12,88,13,15,16,17,18,0,21
5,6,7,8,9,10,12,88,13,15,16,17,18,0,21
5,6,7,8,9,10,12,88,13,15,16,17,18,0,21
5,6,7,8,9,10,12,88,13,15,16,17,18,0,21
5,6,7,8,9,10,12,88,13,15,16,17,18,0,21
5,6,7,8,9,10,12,88,13,15,16,17,18,0,21
5,6,7,8,9,10,12,88,13,15,16,17,18,0,21
5,6,7,8,9,10,12,88,13,15,16,17,18,0,21
5,6,7,8,9,10,12,88,13,15,16,17,18,0,21
5,6,7,8,9,10,12,88,13,15,16,17,18,0,21
5,6,7,8,9,10,12,88,13,15,16,17,18,0,21
5,6,7,8,9,10,12,88,13,15,16,17,18,0,21
5,6,7,8,9,10,12,88,13,15,16,17,18,0,21
5,6,7,8,9,10,12,88,13,15,16,17,18,0,21
5,6,7,8,9,10,12,88,13,15,16,17,18,0,21
5,6,7,8,9,10,12,88,13,15,16,17,18,0,21
5,6,7,8,9,10,12,88,13,15,16,17,18,0,21
5,6,7,8,9,10,12,88,13,15,16,17,18,0,21
5,6,7,8,9,10,12,88,13,15,16,17,18,0,21
5,6,7,8,9,10,12,88,13,15,16,17,18,0,21
5,6,7,8,9,10,12,88,13,15,16,17,18,0,21
5,6,7,8,9,10,12,88,13,15,16,17,18,0,21
5,6,7,8,9,10,12,88,13,15,16,17,18,0,21
5,6,7,8,9,10,12,88,13,15,16,17,18,0,21
5,6,7,8,9,10,12,88,13,15,16,17,18,0,21
5,6,7,8,9,10,12,88,13,15,16,17,18,0,21
5,6,7,8,9,10,12,88,13,15,16,17,18,0,21
5,6,7,8,9,10,12,88,13,15,16,17,18,0,21
5,6,7,8,9,10,12,88,13,15,16,17,18,0,21
5,6,7,8,9,10,12,88,13,15,16,17,18,0,21
5,6,7,8,9,10,12,88,13,15,16,17,18,0,21
5,6,7,8,9,10,12,88,13,15,16,17,18,0,21
5,6,7,8,9,10,12,88,13,15,16,17,18,0,21
5,6,7,8,9,10,12,88,13,15,16,17,18,0,21
5,6,7,8,9,10,12,88,13,15,16,17,18,0,21
5,6,7,8,9,10,12,88,13,15,16,17,18,0,21
5,6,7,8,9,10,12,88,13,15,16,17,18,0,21
5,6,7,8,9,10,12,88,13,15,16,17,18,0,21
5,6,7,8,9,10,12,88,13,15,16,17,18,0,21
5,6,7,8,9,10,12,88,13,15,16,17,18,0,21
5,6,7,8,9,10,12,88,13,15,16,17,18,0,21
5,6,7,8,9,10,12,88,13,15,16,17,18,0,21
5,6,7,8,9,10,12,88,13,15,16,17,18,0,21
5,6,7,8,9,10,12,88,13,15,16,17,18,0,21
5,6,7,8,9,10,12,88,13,15,16,17,18,0,21
5,6,7,8,9,10,12,88,13,15,16,17,18,0,21
5,6,7,8,9,10,12,88,13,15,16,17,18,0,21
5,6,7,8,9,10,12,88,13,15,16,17,18,0,21
5,6,7,8,9,10,12,88,13,15,16,17,18,0,21
5,6,7,8,9,10,12,88,13,15,16,17,18,0,21
5,6,7,8,9,10,12,88,13,15,16,17,18,0,21
5,6,7,8,9,10,12,88,13,15,16,17,18,0,21
5,6,7,8,9,10,12,88,13,15,16,17,18,0,21
5,6,7,8,9,10,12,88,13,15,16,17,18,0,21
5,6,7,8,9,10,12,88,13,15,16,17,18,0,21
5,6,7,8,9,10,12,88,13,15,16,17,18,0,21
5,6,7,8,9,10,12,88,13,15,16,17,18,0,21
5,6,7,8,9,10,12,88,13,15,16,17,18,0,21
5,6,7,8,9,10,12,88,13,15,16,17,18,0,21
5,6,7,8,9,10,12,88,13,15,16,17,18,0,21
5,6,7,8,9,10,12,88,13,15,16,17,18,0,21
5,6,7,8,9,10,12,88,13,15,16,17,18,0,21
5,6,7,8,9,10,12,88,13,15,16,17,18,0,21
5,6,7,8,9,10,12,88,13,15,16,17,18,0,21
5,6,7,8,9,10,12,88,13,15,16,17,18,0,21
5,6,7,8,9,10,12,88,13,15,16,17,18,0,21
5,6,7,8,9,10,12,88,13,15,16,17,18,0,21
5,6,7,8,9,10,12,88,13,15,16,17,18,0,21
5,6,7,8,9,10,12,88,13,15,16,17,18,0,21
5,6,7,8,9,10,12,88,13,15,16,17,18,0,21
5,6,7,8,9,10,12,88,13,15,16,17,18,0,21
5,6,7,8,9,10,12,88,13,15,16,17,18,0,21
5,6,7,8,9,10,12,88,13,15,16,17,18,0,21
5,6,7,8,9,10,12,88,13,15,16,17,18,0,21
5,6,7,8,9,10,12,88,13,15,16,17,18,0,21
5,6,7,8,9,10,12,88,13,15,16,17,18,0,21
5,6,7,8,9,10,12,88,13,15,16,17,18,0,21
5,6,7,8,9,10,12,88,13,15,16,17,18,0,21
5,6,7,8,9,10,12,88,13,15,16,17,18,0,21
5,6,7,8,9,10,12,88,13,15,16,17,18,0,21
5,6,7,8,9,10,12,88,13,15,16,17,18,0,21
5,6,7,8,9,10,12,88,13,15,16,17,18,0,21
5,6,7,8,9,10,12,88,13,15,16,17,18,0,21
5,6,7,8,9,10,12,88,13,15,16,17,18,0,21
5,6,7,8,9,10,12,88,13,15,16,17,18,0,21
5,6,7,8,9,10,12,88,13,15,16,17,18,0,21
5,6,7,8,9,10,12,88,13,15,16,17,18,0,21
5,6,7,8,9,10,12,88,13,15,16,17,18,0,21
5,6,7,8,9,10,12,88,13,15,16,17,18,0,21
5,6,7,8,9,10,12,88,13,15,16,17,18,0,21
5,6,7,8,9,10,12,88,13,15,16,17,18,0,21
5,6,7,8,9,10,12,88,13,15,16,17,18,0,21
5,6,7,8,9,10,12,88,13,15,16,17,18,0,21
5,6,7,8,9,10,12,88,13,15,16,17,18,0,21
5,6,7,8,9,10,12,88,13,15,16,17,18,0,21
5,6,7,8,9,10,12,88,13,15,16,17,18,0,21
5,6,7,8,9,10,12,88,13,15,16,17,18,0,21
5,6,7,8,9,10,12,88,13,15,16,17,18,0,21
5,6,7,8,9,10,12,88,13,15,16,17,18,0,21
5,6,7,8,9,10,12,88,13,15,16,17,18,0,21
5,6,7,8,9,10,12,88,13,15,16,17,18,0,21
5,6,7,8,9,10,12,88,13,15,16,17,18,0,21
5,6,7,8,9,10,12,88,13,15,16,17,18,0,21
5,6,7,8,9,10,12,88,13,15,16,17,18,0,21
5,6,7,8,9,10,12,88,13,15,16,17,18,0,21
5,6,7,8,9,10,12,88,13,15,16,17,18,0,21
5,6,7,8,9,10,12,88,13,15,16,17,18,0,21
5,6,7,8,9,10,12,88,13,15,16,17,18,0,21
5,6,7,8,9,10,12,88,13,15,16,17,18,0,21
5,6,7,8,9,10,12,88,13,15,16,17,18,0,21
5,6,7,8,9,10,12,88,13,15,16,17,18,0,21
5,6,7,8,9,10,12,88,13,15,16,17,18,0,21
5,6,7,8,9,10,12,88,13,15,16,17,18,0,21
5,6,7,8,9,10,12,88,13,15,16,17,18,0,21
5,6,7,8,9,10,12,88,13,15,16,17,18,0,21
5,6,7,8,9,10,12,88,13,15,16,17,18,0,21
5,6,7,8,9,10,12,88,13,15,16,17,18,0,21
5,6,7,8,9,10,12,88,13,15,16,17,18,0,21
5,6,7,8,9,10,12,88,13,15,16,17,18,0,21
5,6,7,8,9,10,12,88,13,15,16,17,18,0,21
5,6,7,8,9,10,12,88,13,15,16,17,18,0,21
5,6,7,8,9,10,12,88,13,15,16,17,18,0,21
5,6,7,8,9,10,12,88,13,15,16,17,18,0,21
5,6,7,8,9,10,12,88,13,15,16,17,18,0,21
5,6,7,8,9,10,12,88,13,15,16,17,18,0,21
5,6,7,8,9,10,12,88,13,15,16,17,18,0,21
5,6,7,8,9,10,12,88,13,15,16,17,18,0,21
5,6,7,8,9,10,12,88,13,15,16,17,18,0,21
5,6,7,8,9,10,12,88,13,15,16,17,18,0,21
5,6,7,8,9,10,12,88,13,15,16,17,18,0,21
5,6,7,8,9,10,12,88,13,15,16,17,18,0,21
5,6,7,8,9,10,12,88,13,15,16,17,18,0,21
5,6,7,8,9,10,12,88,13,15,16,17,18,0,21
5,6,7,8,9,10,12,88,13,15,16,17,18,0,21
5,6,7,8,9,10,12,88,13,15,16,17,18,0,21
5,6,7,8,9,10,12,88,13,15,16,17,18,0,21
5,6,7,8,9,10,12,88,13,15,16,17,18,0,21
5,6,7,8,9,10,12,88,13,15,16,17,18,0,21
5,6,7,8,9,10,12,88,13,15,16,17,18,0,21
5,6,7,8,9,10,12,88,13,15,16,17,18,0,21
5,6,7,8,9,10,12,88,13,15,16,17,18,0,21
5,6,7,8,9,10,12,88,13,15,16,17,18,0,21
5,6,7,8,9,10,12,88,13,15,16,17,18,0,21
5,6,7,8,9,10,12,88,13,15,16,17,18,0,21
5,6,7,8,9,10,12,88,13,15,16,17,18,0,21
5,6,7,8,9,10,12,88,13,15,16,17,18,0,21
5,6,7,8,9,10,12,88,13,15,16,17,18,0,21
5,6,7,8,9,10,12,88,13,15,16,17,18,0,21
5,6,7,8,9,10,12,88,13,15,16,17,18,0,21
5,6,7,8,9,10,12,88,13,15,16,17,18,0,21
5,6,7,8,9,10,12,88,13,15,16,17,18,0,21
5,6,7,8,9,10,12,88,13,15,16,17,18,0,21
5,6,7,8,9,10,12,88,13,15,16,17,18,0,21
5,6,7,8,9,10,12,88,13,15,16,17,18,0,21
5,6,7,8,9,10,12,88,13,15,16,17,18,0,21
5,6,7,8,9,10,12,88,13,15,16,17,18,0,21
5,6,7,8,9,10,12,88,13,15,16,17,18,0,21
5,6,7,8,9,10,12,88,13,15,16,17,18,0,21
5,6,7,8,9,10,12,88,13,15,16,17,18,0,21
5,6,7,8,9,10,12,88,13,15,16,17,18,0,21
5,6,7,8,9,10,12,88,13,15,16,17,18,0,21
5,6,7,8,9,10,12,88,13,15,16,17,18,0,21
5,6,7,8,9,10,12,88,13,15,16,17,18,0,21
5,6,7,8,9,10,12,88,13,15,16,17,18,0,21
5,6,7,8,9,10,12,88,13,15,16,17,18,0,21
5,6,7,8,9,10,12,88,13,15,16,17,18,0,21
5,6,7,8,9,10,12,88,13,15,16,17,18,0,21
5,6,7,8,9,10,12,88,13,15,16,17,18,0,21
5,6,7,8,9,10,12,88,13,15,16,17,18,0,21
5,6,7,8,9,10,12,88,13,15,16,17,18,0,21
5,6,7,8,9,10,12,88,13,15,16,17,18,0,21
5,6,7,8,9,10,12,88,13,15,16,17,18,0,21
5,6,7,8,9,10,12,88,13,15,16,17,18,0,21
5,6,7,8,9,10,12,88,13,15,16,17,18,0,21
5,6,7,8,9,10,12,88,13,15,16,17,18,0,21
5,6,7,8,9,10,12,88,13,15,16,17,18,0,21
5,6,7,8,9,10,12,88,13,15,16,17,18,0,21
5,6,7,8,9,10,12,88,13,15,16,17,18,0,21
5,6,7,8,9,10,12,88,13,15,16,17,18,0,21
5,6,7,8,9,10,12,88,13,15,16,17,18,0,21
5,6,7,8,9,10,12,88,13,15,16,17,18,0,21
5,6,7,8,9,10,12,88,13,15,16,17,18,0,21
5,6,7,8,9,10,12,88,13,15,16,17,18,0,21
5,6,7,8,9,10,12,88,13,15,16,17,18,0,21
5,6,7,8,9,10,12,88,13,15,16,17,18,0,21
5,6,7,8,9,10,12,88,13,15,16,17,18,0,21
5,6,7,8,9,10,12,88,13,15,16,17,18,0,21
5,6,7,8,9,10,12,88,13,15,16,17,18,0,21
5,6,7,8,9,10,12,88,13,15,16,17,18,0,21
5,6,7,8,9,10,12,88,13,15,16,17,18,0,21
5,6,7,8,9,10,12,88,13,15,16,17,18,0,21
5,6,7,8,9,10,12,88,13,15,16,17,18,0,21
5,6,7,8,9,10,12,88,13,15,16,17,18,0,21
5,6,7,8,9,10,12,88,13,15,16,17,18,0,21
5,6,7,8,9,10,12,88,13,15,16,17,18,0,21
5,6,7,8,9,10,12,88,13,15,16,17,18,0,21
5,6,7,8,9,10,12,88,13,15,16,17,18,0,21
5,6,7,8,9,10,12,88,13,15,16,17,18,0,21
5,6,7,8,9,10,12,88,13,15,16,17,18,0,21
5,6,7,8,9,10,12,88,13,15,16,17,18,0,21
5,6,7,8,9,10,12,88,13,15,16,17,18,0,21
5,6,7,8,9,10,12,88,13,15,16,17,18,0,21
5,6,7,8,9,10,12,88,13,15,16,17,18,0,21
5,6,7,8,9,10,12,88,13,15,16,17,18,0,21
5,6,7,8,9,10,12,88,13,15,16,17,18,0,21
5,6,7,8,9,10,12,88,13,15,16,17,18,0,21
5,6,7,8,9,10,12,88,13,15,16,17,18,0,21
5,6,7,8,9,10,12,88,13,15,16,17,18,0,21
5,6,7,8,9,10,12,88,13,15,16,17,18,0,21
5,6,7,8,9,10,12,88,13,15,16,17,18,0,21
5,6,7,8,9,10,12,88,13,15,16,17,18,0,21
5,6,7,8,9,10,12,88,13,15,16,17,18,0,21
5,6,7,8,9,10,12,88,13,15,16,17,18,0,21
5,6,7,8,9,10,12,88,13,15,16,17,18,0,21
5,6,7,8,9,10,12,88,13,15,16,17,18,0,21
5,6,7,8,9,10,12,88,13,15,16,17,18,0,21
5,6,7,8,9,10,12,88,13,15,16,17,18,0,21
5,6,7,8,9,10,12,88,13,15,16,17,18,0,21
5,6,7,8,9,10,12,88,13,15,16,17,18,0,21
5,6,7,8,9,10,12,88,13,15,16,17,18,0,21
5,6,7,8,9,10,12,88,13,15,16,17,18,0,21
5,6,7,8,9,10,12,88,13,15,16,17,18,0,21
5,6,7,8,9,10,12,88,13,15,16,17,18,0,21
5,6,7,8,9,10,12,88,13,15,16,17,18,0,21
5,6,7,8,9,10,12,88,13,15,16,17,18,0,21
5,6,7,8,9,10,12,88,13,15,16,17,18,0,21
5,6,7,8,9,10,12,88,13,15,16,17,18,0,21
5,6,7,8,9,10,12,88,13,15,16,17,18,0,21
5,6,7,8,9,10,12,88,13,15,16,17,18,0,21
5,6,7,8,9,10,12,88,13,15,16,17,18,0,21
5,6,7,8,9,10,12,88,13,15,16,17,18,0,21
5,6,7,8,9,10,12,88,13,15,16,17,18,0,21
5,6,7,8,9,10,12,88,13,15,16,17,18,0,21
5,6,7,8,9,10,12,88,13,15,16,17,18,0,21
5,6,7,8,9,10,12,88,13,15,16,17,18,0,21
5,6,7,8,9,10,12,88,13,15,16,17,18,0,21
5,6,7,8,9,10,12,88,13,15,16,17,18,0,21
5,6,7,8,9,10,12,88,13,15,16,17,18,0,21
5,6,7,8,9,10,12,88,13,15,16,17,18,0,21
5,6,7,8,9,10,12,88,13,15,16,17,18,0,21
5,6,7,8,9,10,12,88,13,15,16,17,18,0,21
5,6,7,8,9,10,12,88,13,15,16,17,18,0,21
5,6,7,8,9,10,12,88,13,15,16,17,18,0,21
5,6,7,8,9,10,12,88,13,15,16,17,18,0,21
5,6,7,8,9,10,12,88,13,15,16,17,18,0,21
5,6,7,8,9,10,12,88,13,15,16,17,18,0,21
5,6,7,8,9,10,12,88,13,15,16,17,18,0,21
5,6,7,8,9,10,12,88,13,15,16,17,18,0,21
5,6,7,8,9,10,12,88,13,15,16,17,18,0,21
5,6,7,8,9,10,12,88,13,15,16,17,18,0,21
5,6,7,8,9,10,12,88,13,15,16,17,18,0,21
5,6,7,8,9,10,12,88,13,15,16,17,18,0,21
5,6,7,8,9,10,12,88,13,15,16,17,18,0,21
5,6,7,8,9,10,12,88,13,15,16,17,18,0,21
5,6,7,8,9,10,12,88,13,15,16,17,18,0,21
5,6,7,8,9,10,12,88,13,15,16,17,18,0,21
5,6,7,8,9,10,12,88,13,15,16,17,18,0,21
5,6,7,8,9,10,12,88,13,15,16,17,18,0,21
5,6,7,8,9,10,12,88,13,15,16,17,18,0,21
5,6,7,8,9,10,12,88,13,15,16,17,18,0,21
5,6,7,8,9,10,12,88,13,15,16,17,18,0,21
5,6,7,8,9,10,12,88,13,15,16,17,18,0,21
5,6,7,8,9,10,12,88,13,15,16,17,18,0,21
5,6,7,8,9,10,12,88,13,15,16,17,18,0,21
5,6,7,8,9,10,12,88,13,15,16,17,18,0,21
5,6,7,8,9,10,12,88,13,15,16,17,18,0,21
5,6,7,8,9,10,12,88,13,15,16,17,18,0,21
5,6,7,8,9,10,12,88,13,15,16,17,18,0,21
5,6,7,8,9,10,12,88,13,15,16,17,18,0,21
5,6,7,8,9,10,12,88,13,15,16,17,18,0,21
5,6,7,8,9,10,12,88,13,15,16,17,18,0,21
5,6,7,8,9,10,12,88,13,15,16,17,18,0,21
5,6,7,8,9,10,12,88,13,15,16,17,18,0,21
5,6,7,8,9,10,12,88,13,15,16,17,18,0,21
5,6,7,8,9,10,12,88,13,15,16,17,18,0,21
5,6,7,8,9,10,12,88,13,15,16,17,18,0,21
5,6,7,8,9,10,12,88,13,15,16,17,18,0,21
5,6,7,8,9,10,12,88,13,15,16,17,18,0,21
5,6,7,8,9,10,12,88,13,15,16,17,18,0,21
5,6,7,8,9,10,12,88,13,15,16,17,18,0,21
5,6,7,8,9,10,12,88,13,15,16,17,18,0,21
5,6,7,8,9,10,12,88,13,15,16,17,18,0,21
5,6,7,8,9,10,12,88,13,15,16,17,18,0,21
5,6,7,8,9,10,12,88,13,15,16,17,18,0,21
5,6,7,8,9,10,12,88,13,15,16,17,18,0,21
5,6,7,8,9,10,12,88,13,15,16,17,18,0,21
5,6,7,8,9,10,12,88,13,15,16,17,18,0,21
5,6,7,8,9,10,12,88,13,15,16,17,18,0,21
5,6,7,8,9,10,12,88,13,15,16,17,18,0,21
5,6,7,8,9,10,12,88,13,15,16,17,18,0,21
5,6,7,8,9,10,12,88,13,15,16,17,18,0,21
5,6,7,8,9,10,12,88,13,15,16,17,18,0,21
5,6,7,8,9,10,12,88,13,15,16,17,18,0,21
5,6,7,8,9,10,12,88,13,15,16,17,18,0,21
5,6,7,8,9,10,12,88,13,15,16,17,18,0,21
5,6,7,8,9,10,12,88,13,15,16,17,18,0,21
5,6,7,8,9,10,12,88,13,15,16,17,18,0,21
5,6,7,8,9,10,12,88,13,15,16,17,18,0,21
5,6,7,8,9,10,12,88,13,15,16,17,18,0,21
5,6,7,8,9,10,12,88,13,15,16,17,18,0,21
5,6,7,8,9,10,12,88,13,15,16,17,18,0,21
5,6,7,8,9,10,12,88,13,15,16,17,18,0,21
5,6,7,8,9,10,12,88,13,15,16,17,18,0,21
5,6,7,8,9,10,12,88,13,15,16,17,18,0,21
5,6,7,8,9,10,12,88,13,15,16,17,18,0,21
5,6,7,8,9,10,12,88,13,15,16,17,18,0,21
5,6,7,8,9,10,12,88,13,15,16,17,18,0,21
5,6,7,8,9,10,12,88,13,15,16,17,18,0,21
5,6,7,8,9,10,12,88,13,15,16,17,18,0,21
5,6,7,8,9,10,12,88,13,15,16,17,18,0,21
5,6,7,8,9,10,12,88,13,15,16,17,18,0,21
5,6,7,8,9,10,12,88,13,15,16,17,18,0,21
5,6,7,8,9,10,12,88,13,15,16,17,18,0,21
5,6,7,8,9,10,12,88,13,15,16,17,18,0,21
5,6,7,8,9,10,12,88,13,15,16,17,18,0,21
5,6,7,8,9,10,12,88,13,15,16,17,18,0,21
5,6,7,8,9,10,12,88,13,15,16,17,18,0,21
5,6,7,8,9,10,12,88,13,15,16,17,18,0,21
5,6,7,8,9,10,12,88,13,15,16,17,18,0,21
5,6,7,8,9,10,12,88,13,15,16,17,18,0,21
5,6,7,8,9,10,12,88,13,15,16,17,18,0,21
5,6,7,8,9,10,12,88,13,15,16,17,18,0,21
5,6,7,8,9,10,12,88,13,15,16,17,18,0,21
5,6,7,8,9,10,12,88,13,15,16,17,18,0,21
5,6,7,8,9,10,12,88,13,15,16,17,18,0,21
5,6,7,8,9,10,12,88,13,15,16,17,18,0,21
5,6,7,8,9,10,12,88,13,15,16,17,18,0,21
5,6,7,8,9,10,12,88,13,15,16,17,18,0,21
5,6,7,8,9,10,12,88,13,15,16,17,18,0,21
5,6,7,8,9,10,12,88,13,15,16,17,18,0,21
5,6,7,8,9,10,12,88,13,15,16,17,18,0,21
5,6,7,8,9,10,12,88,13,15,16,17,18,0,21
5,6,7,8,9,10,12,88,13,15,16,17,18,0,21
5,6,7,8,9,10,12,88,13,15,16,17,18,0,21
5,6,7,8,9,10,12,88,13,15,16,17,18,0,21
5,6,7,8,9,10,12,88,13,15,16,17,18,0,21
5,6,7,8,9,10,12,88,13,15,16,17,18,0,21
5,6,7,8,9,10,12,88,13,15,16,17,18,0,21
5,6,7,8,9,10,12,88,13,15,16,17,18,0,21
5,6,7,8,9,10,12,88,13,15,16,17,18,0,21
5,6,7,8,9,10,12,88,13,15,16,17,18,0,21
5,6,7,8,9,10,12,88,13,15,16,17,18,0,21
5,6,7,8,9,10,12,88,13,15,16,17,18,0,21
5,6,7,8,9,10,12,88,13,15,16,17,18,0,21
5,6,7,8,9,10,12,88,13,15,16,17,18,0,21
5,6,7,8,9,10,12,88,13,15,16,17,18,0,21
5,6,7,8,9,10,12,88,13,15,16,17,18,0,21
5,6,7,8,9,10,12,88,13,15,16,17,18,0,21
5,6,7,8,9,10,12,88,13,15,16,17,18,0,21
5,6,7,8,9,10,12,88,13,15,16,17,18,0,21
5,6,7,8,9,10,12,88,13,15,16,17,18,0,21
5,6,7,8,9,10,12,88,13,15,16,17,18,0,21
5,6,7,8,9,10,12,88,13,15,16,17,18,0,21
5,6,7,8,9,10,12,88,13,15,16,17,18,0,21
5,6,7,8,9,10,12,88,13,15,16,17,18,0,21
5,6,7,8,9,10,12,88,13,15,16,17,18,0,21
5,6,7,8,9,10,12,88,13,15,16,17,18,0,21
5,6,7,8,9,10,12,88,13,15,16,17,18,0,21
5,6,7,8,9,10,12,88,13,15,16,17,18,0,21
5,6,7,8,9,10,12,88,13,15,16,17,18,0,21
5,6,7,8,9,10,12,88,13,15,16,17,18,0,21
5,6,7,8,9,10,12,88,13,15,16,17,18,0,21
5,6,7,8,9,10,12,88,13,15,16,17,18,0,21
5,6,7,8,9,10,12,88,13,15,16,17,18,0,21
5,6,7,8,9,10,12,88,13,15,16,17,18,0,21
5,6,7,8,9,10,12,88,13,15,16,17,18,0,21
5,6,7,8,9,10,12,88,13,15,16,17,18,0,21
5,6,7,8,9,10,12,88,13,15,16,17,18,0,21
5,6,7,8,9,10,12,88,13,15,16,17,18,0,21
5,6,7,8,9,10,12,88,13,15,16,17,18,0,21
5,6,7,8,9,10,12,88,13,15,16,17,18,0,21
5,6,7,8,9,10,12,88,13,15,16,17,18,0,21
5,6,7,8,9,10,12,88,13,15,16,17,18,0,21
5,6,7,8,9,10,12,88,13,15,16,17,18,0,21
5,6,7,8,9,10,12,88,13,15,16,17,18,0,21
5,6,7,8,9,10,12,88,13,15,16,17,18,0,21
5,6,7,8,9,10,12,88,13,15,16,17,18,0,21
5,6,7,8,9,10,12,88,13,15,16,17,18,0,21
5,6,7,8,9,10,12,88,13,15,16,17,18,0,21
5,6,7,8,9,10,12,88,13,15,16,17,18,0,21
5,6,7,8,9,10,12,88,13,15,16,17,18,0,21
5,6,7,8,9,10,12,88,13,15,16,17,18,0,21
5,6,7,8,9,10,12,88,13,15,16,17,18,0,21
5,6,7,8,9,10,12,88,13,15,16,17,18,0,21
5,6,7,8,9,10,12,88,13,15,16,17,18,0,21
5,6,7,8,9,10,12,88,13,15,16,17,18,0,21
5,6,7,8,9,10,12,88,13,15,16,17,18,0,21
5,6,7,8,9,10,12,88,13,15,16,17,18,0,21
5,6,7,8,9,10,12,88,13,15,16,17,18,0,21
5,6,7,8,9,10,12,88,13,15,16,17,18,0,21
5,6,7,8,9,10,12,88,13,15,16,17,18,0,21
5,6,7,8,9,10,12,88,13,15,16,17,18,0,21
5,6,7,8,9,10,12,88,13,15,16,17,18,0,21
5,6,7,8,9,10,12,88,13,15,16,17,18,0,21
5,6,7,8,9,10,12,88,13,15,16,17,18,0,21
5,6,7,8,9,10,12,88,13,15,16,17,18,0,21
5,6,7,8,9,10,12,88,13,15,16,17,18,0,21
5,6,7,8,9,10,12,88,13,15,16,17,18,0,21
5,6,7,8,9,10,12,88,13,15,16,17,18,0,21
5,6,7,8,9,10,12,88,13,15,16,17,18,0,21
5,6,7,8,9,10,12,88,13,15,16,17,18,0,21
5,6,7,8,9,10,12,88,13,15,16,17,18,0,21
5,6,7,8,9,10,12,88,13,15,16,17,18,0,21
5,6,7,8,9,10,12,88,13,15,16,17,18,0,21
5,6,7,8,9,10,12,88,13,15,16,17,18,0,21
5,6,7,8,9,10,12,88,13,15,16,17,18,0,21
5,6,7,8,9,10,12,88,13,15,16,17,18,0,21
5,6,7,8,9,10,12,88,13,15,16,17,18,0,21
5,6,7,8,9,10,12,88,13,15,16,17,18,0,21
5,6,7,8,9,10,12,88,13,15,16,17,18,0,21
5,6,7,8,9,10,12,88,13,15,16,17,18,0,21
5,6,7,8,9,10,12,88,13,15,16,17,18,0,21
5,6,7,8,9,10,12,88,13,15,16,17,18,0,21
5,6,7,8,9,10,12,88,13,15,16,17,18,0,21
5,6,7,8,9,10,12,88,13,15,16,17,18,0,21
5,6,7,8,9,10,12,88,13,15,16,17,18,0,21
5,6,7,8,9,10,12,88,13,15,16,17,18,0,21
5,6,7,8,9,10,12,88,13,15,16,17,18,0,21
5,6,7,8,9,10,12,88,13,15,16,17,18,0,21
5,6,7,8,9,10,12,88,13,15,16,17,18,0,21
5,6,7,8,9,10,12,88,13,15,16,17,18,0,21
5,6,7,8,9,10,12,88,13,15,16,17,18,0,21
5,6,7,8,9,10,12,88,13,15,16,17,18,0,21
5,6,7,8,9,10,12,88,13,15,16,17,18,0,21
5,6,7,8,9,10,12,88,13,15,16,17,18,0,21
5,6,7,8,9,10,12,88,13,15,16,17,18,0,21
5,6,7,8,9,10,12,88,13,15,16,17,18,0,21
5,6,7,8,9,10,12,88,13,15,16,17,18,0,21
5,6,7,8,9,10,12,88,13,15,16,17,18,0,21
5,6,7,8,9,10,12,88,13,15,16,17,18,0,21
5,6,7,8,9,10,12,88,13,15,16,17,18,0,21
5,6,7,8,9,10,12,88,13,15,16,17,18,0,21
5,6,7,8,9,10,12,88,13,15,16,17,18,0,21
5,6,7,8,9,10,12,88,13,15,16,17,18,0,21
5,6,7,8,9,10,12,88,13,15,16,17,18,0,21
5,6,7,8,9,10,12,88,13,15,16,17,18,0,21
5,6,7,8,9,10,12,88,13,15,16,17,18,0,21
5,6,7,8,9,10,12,88,13,15,16,17,18,0,21
5,6,7,8,9,10,12,88,13,15,16,17,18,0,21
5,6,7,8,9,10,12,88,13,15,16,17,18,0,21
5,6,7,8,9,10,12,88,13,15,16,17,18,0,21
5,6,7,8,9,10,12,88,13,15,16,17,18,0,21
5,6,7,8,9,10,12,88,13,15,16,17,18,0,21
5,6,7,8,9,10,12,88,13,15,16,17,18,0,21
5,6,7,8,9,10,12,88,13,15,16,17,18,0,21
5,6,7,8,9,10,12,88,13,15,16,17,18,0,21
5,6,7,8,9,10,12,88,13,15,16,17,18,0,21
5,6,7,8,9,10,12,88,13,15,16,17,18,0,21
5,6,7,8,9,10,12,88,13,15,16,17,18,0,21
5,6,7,8,9,10,12,88,13,15,16,17,18,0,21
5,6,7,8,9,10,12,88,13,15,16,17,18,0,21
5,6,7,8,9,10,12,88,13,15,16,17,18,0,21
5,6,7,8,9,10,12,88,13,15,16,17,18,0,21
5,6,7,8,9,10,12,88,13,15,16,17,18,0,21
5,6,7,8,9,10,12,88,13,15,16,17,18,0,21
5,6,7,8,9,10,12,88,13,15,16,17,18,0,21
5,6,7,8,9,10,12,88,13,15,16,17,18,0,21
5,6,7,8,9,10,12,88,13,15,16,17,18,0,21
5,6,7,8,9,10,12,88,13,15,16,17,18,0,21
5,6,7,8,9,10,12,88,13,15,16,17,18,0,21
5,6,7,8,9,10,12,88,13,15,16,17,18,0,21
5,6,7,8,9,10,12,88,13,15,16,17,18,0,21
5,6,7,8,9,10,12,88,13,15,16,17,18,0,21
5,6,7,8,9,10,12,88,13,15,16,17,18,0,21
5,6,7,8,9,10,12,88,13,15,16,17,18,0,21
5,6,7,8,9,10,12,88,13,15,16,17,18,0,21
5,6,7,8,9,10,12,88,13,15,16,17,18,0,21
5,6,7,8,9,10,12,88,13,15,16,17,18,0,21
5,6,7,8,9,10,12,88,13,15,16,17,18,0,21
5,6,7,8,9,10,12,88,13,15,16,17,18,0,21
5,6,7,8,9,10,12,88,13,15,16,17,18,0,21
5,6,7,8,9,10,12,88,13,15,16,17,18,0,21
5,6,7,8,9,10,12,88,13,15,16,17,18,0,21
5,6,7,8,9,10,12,88,13,15,16,17,18,0,21
5,6,7,8,9,10,12,88,13,15,16,17,18,0,21
5,6,7,8,9,10,12,88,13,15,16,17,18,0,21
5,6,7,8,9,10,12,88,13,15,16,17,18,0,21
5,6,7,8,9,10,12,88,13,15,16,17,18,0,21
5,6,7,8,9,10,12,88,13,15,16,17,18,0,21
5,6,7,8,9,10,12,88,13,15,16,17,18,0,21
5,6,7,8,9,10,12,88,13,15,16,17,18,0,21
5,6,7,8,9,10,12,88,13,15,16,17,18,0,21
5,6,7,8,9,10,12,88,13,15,16,17,18,0,21
5,6,7,8,9,10,12,88,13,15,16,17,18,0,21
5,6,7,8,9,10,12,88,13,15,16,17,18,0,21
5,6,7,8,9,10,12,88,13,15,16,17,18,0,21
5,6,7,8,9,10,12,88,13,15,16,17,18,0,21
5,6,7,8,9,10,12,88,13,15,16,17,18,0,21
5,6,7,8,9,10,12,88,13,15,16,17,18,0,21
5,6,7,8,9,10,12,88,13,15,16,17,18,0,21
5,6,7,8,9,10,12,88,13,15,16,17,18,0,21
5,6,7,8,9,10,12,88,13,15,16,17,18,0,21
5,6,7,8,9,10,12,88,13,15,16,17,18,0,21
5,6,7,8,9,10,12,88,13,15,16,17,18,0,21
5,6,7,8,9,10,12,88,13,15,16,17,18,0,21
5,6,7,8,9,10,12,88,13,15,16,17,18,0,21
5,6,7,8,9,10,12,88,13,15,16,17,18,0,21
5,6,7,8,9,10,12,88,13,15,16,17,18,0,21
5,6,7,8,9,10,12,88,13,15,16,17,18,0,21
5,6,7,8,9,10,12,88,13,15,16,17,18,0,21
5,6,7,8,9,10,12,88,13,15,16,17,18,0,21
5,6,7,8,9,10,12,88,13,15,16,17,18,0,21
5,6,7,8,9,10,12,88,13,15,16,17,18,0,21
5,6,7,8,9,10,12,88,13,15,16,17,18,0,21
5,6,7,8,9,10,12,88,13,15,16,17,18,0,21
5,6,7,8,9,10,12,88,13,15,16,17,18,0,21
5,6,7,8,9,10,12,88,13,15,16,17,18,0,21
5,6,7,8,9,10,12,88,13,15,16,17,18,0,21
5,6,7,8,9,10,12,88,13,15,16,17,18,0,21
5,6,7,8,9,10,12,88,13,15,16,17,18,0,21
5,6,7,8,9,10,12,88,13,15,16,17,18,0,21
5,6,7,8,9,10,12,88,13,15,16,17,18,0,21
5,6,7,8,9,10,12,88,13,15,16,17,18,0,21
5,6,7,8,9,10,12,88,13,15,16,17,18,0,21
5,6,7,8,9,10,12,88,13,15,16,17,18,0,21
5,6,7,8,9,10,12,88,13,15,16,17,18,0,21
5,6,7,8,9,10,12,88,13,15,16,17,18,0,21
5,6,7,8,9,10,12,88,13,15,16,17,18,0,21
5,6,7,8,9,10,12,88,13,15,16,17,18,0,21
5,6,7,8,9,10,12,88,13,15,16,17,18,0,21
5,6,7,8,9,10,12,88,13,15,16,17,18,0,21
5,6,7,8,9,10,12,88,13,15,16,17,18,0,21
5,6,7,8,9,10,12,88,13,15,16,17,18,0,21
5,6,7,8,9,10,12,88,13,15,16,17,18,0,21
5,6,7,8,9,10,12,88,13,15,16,17,18,0,21
5,6,7,8,9,10,12,88,13,15,16,17,18,0,21
5,6,7,8,9,10,12,88,13,15,16,17,18,0,21
5,6,7,8,9,10,12,88,13,15,16,17,18,0,21
5,6,7,8,9,10,12,88,13,15,16,17,18,0,21
5,6,7,8,9,10,12,88,13,15,16,17,18,0,21
5,6,7,8,9,10,12,88,13,15,16,17,18,0,21
5,6,7,8,9,10,12,88,13,15,16,17,18,0,21
5,6,7,8,9,10,12,88,13,15,16,17,18,0,21
5,6,7,8,9,10,12,88,13,15,16,17,18,0,21
5,6,7,8,9,10,12,88,13,15,16,17,18,0,21
5,6,7,8,9,10,12,88,13,15,16,17,18,0,21
5,6,7,8,9,10,12,88,13,15,16,17,18,0,21
5,6,7,8,9,10,12,88,13,15,16,17,18,0,21
5,6,7,8,9,10,12,88,13,15,16,17,18,0,21
5,6,7,8,9,10,12,88,13,15,16,17,18,0,21
5,6,7,8,9,10,12,88,13,15,16,17,18,0,21
5,6,7,8,9,10,12,88,13,15,16,17,18,0,21
5,6,7,8,9,10,12,88,13,15,16,17,18,0,21
5,6,7,8,9,10,12,88,13,15,16,17,18,0,21
5,6,7,8,9,10,12,88,13,15,16,17,18,0,21
5,6,7,8,9,10,12,88,13,15,16,17,18,0,21
5,6,7,8,9,10,12,88,13,15,16,17,18,0,21
5,6,7,8,9,10,12,88,13,15,16,17,18,0,21
5,6,7,8,9,10,12,88,13,15,16,17,18,0,21
5,6,7,8,9,10,12,88,13,15,16,17,18,0,21
5,6,7,8,9,10,12,88,13,15,16,17,18,0,21
5,6,7,8,9,10,12,88,13,15,16,17,18,0,21
5,6,7,8,9,10,12,88,13,15,16,17,18,0,21
5,6,7,8,9,10,12,88,13,15,16,17,18,0,21
5,6,7,8,9,10,12,88,13,15,16,17,18,0,21
5,6,7,8,9,10,12,88,13,15,16,17,18,0,21
5,6,7,8,9,10,12,88,13,15,16,17,18,0,21
5,6,7,8,9,10,12,88,13,15,16,17,18,0,21
5,6,7,8,9,10,12,88,13,15,16,17,18,0,21
5,6,7,8,9,10,12,88,13,15,16,17,18,0,21
5,6,7,8,9,10,12,88,13,15,16,17,18,0,21
5,6,7,8,9,10,12,88,13,15,16,17,18,0,21
5,6,7,8,9,10,12,88,13,15,16,17,18,0,21
5,6,7,8,9,10,12,88,13,15,16,17,18,0,21
5,6,7,8,9,10,12,88,13,15,16,17,18,0,21
5,6,7,8,9,10,12,88,13,15,16,17,18,0,21
5,6,7,8,9,10,12,88,13,15,16,17,18,0,21
5,6,7,8,9,10,12,88,13,15,16,17,18,0,21
5,6,7,8,9,10,12,88,13,15,16,17,18,0,21
5,6,7,8,9,10,12,88,13,15,16,17,18,0,21
5,6,7,8,9,10,12,88,13,15,16,17,18,0,21
5,6,7,8,9,10,12,88,13,15,16,17,18,0,21
5,6,7,8,9,10,12,88,13,15,16,17,18,0,21
5,6,7,8,9,10,12,88,13,15,16,17,18,0,21
5,6,7,8,9,10,12,88,13,15,16,17,18,0,21
5,6,7,8,9,10,12,88,13,15,16,17,18,0,21
5,6,7,8,9,10,12,88,13,15,16,17,18,0,21
5,6,7,8,9,10,12,88,13,15,16,17,18,0,21
5,6,7,8,9,10,12,88,13,15,16,17,18,0,21
5,6,7,8,9,10,12,88,13,15,16,17,18,0,21
5,6,7,8,9,10,12,88,13,15,16,17,18,0,21
5,6,7,8,9,10,12,88,13,15,16,17,18,0,21
5,6,7,8,9,10,12,88,13,15,16,17,18,0,21
5,6,7,8,9,10,12,88,13,15,16,17,18,0,21
5,6,7,8,9,10,12,88,13,15,16,17,18,0,21
5,6,7,8,9,10,12,88,13,15,16,17,18,0,21
5,6,7,8,9,10,12,88,13,15,16,17,18,0,21
5,6,7,8,9,10,12,88,13,15,16,17,18,0,21
5,6,7,8,9,10,12,88,13,15,16,17,18,0,21
5,6,7,8,9,10,12,88,13,15,16,17,18,0,21
5,6,7,8,9,10,12,88,13,15,16,17,18,0,21
5,6,7,8,9,10,12,88,13,15,16,17,18,0,21
5,6,7,8,9,10,12,88,13,15,16,17,18,0,21
5,6,7,8,9,10,12,88,13,15,16,17,18,0,21
5,6,7,8,9,10,12,88,13,15,16,17,18,0,21
5,6,7,8,9,10,12,88,13,15,16,17,18,0,21
5,6,7,8,9,10,12,88,13,15,16,17,18,0,21
5,6,7,8,9,10,12,88,13,15,16,17,18,0,21
5,6,7,8,9,10,12,88,13,15,16,17,18,0,21
5,6,7,8,9,10,12,88,13,15,16,17,18,0,21
5,6,7,8,9,10,12,88,13,15,16,17,18,0,21
5,6,7,8,9,10,12,88,13,15,16,17,18,0,21
5,6,7,8,9,10,12,88,13,15,16,17,18,0,21
5,6,7,8,9,10,12,88,13,15,16,17,18,0,21
5,6,7,8,9,10,12,88,13,15,16,17,18,0,21
5,6,7,8,9,10,12,88,13,15,16,17,18,0,21
5,6,7,8,9,10,12,88,13,15,16,17,18,0,21
5,6,7,8,9,10,12,88,13,15,16,17,18,0,21
5,6,7,8,9,10,12,88,13,15,16,17,18,0,21
5,6,7,8,9,10,12,88,13,15,16,17,18,0,21
5,6,7,8,9,10,12,88,13,15,16,17,18,0,21
5,6,7,8,9,10,12,88,13,15,16,17,18,0,21
5,6,7,8,9,10,12,88,13,15,16,17,18,0,21
5,6,7,8,9,10,12,88,13,15,16,17,18,0,21
5,6,7,8,9,10,12,88,13,15,16,17,18,0,21
5,6,7,8,9,10,12,88,13,15,16,17,18,0,21
5,6,7,8,9,10,12,88,13,15,16,17,18,0,21
5,6,7,8,9,10,12,88,13,15,16,17,18,0,21
5,6,7,8,9,10,12,88,13,15,16,17,18,0,21
5,6,7,8,9,10,12,88,13,15,16,17,18,0,21
5,6,7,8,9,10,12,88,13,15,16,17,18,0,21
5,6,7,8,9,10,12,88,13,15,16,17,18,0,21
5,6,7,8,9,10,12,88,13,15,16,17,18,0,21
5,6,7,8,9,10,12,88,13,15,16,17,18,0,21
5,6,7,8,9,10,12,88,13,15,16,17,18,0,21
5,6,7,8,9,10,12,88,13,15,16,17,18,0,21
5,6,7,8,9,10,12,88,13,15,16,17,18,0,21
5,6,7,8,9,10,12,88,13,15,16,17,18,0,21
5,6,7,8,9,10,12,88,13,15,16,17,18,0,21
5,6,7,8,9,10,12,88,13,15,16,17,18,0,21
5,6,7,8,9,10,12,88,13,15,16,17,18,0,21
5,6,7,8,9,10,12,88,13,15,16,17,18,0,21
5,6,7,8,9,10,12,88,13,15,16,17,18,0,21
5,6,7,8,9,10,12,88,13,15,16,17,18,0,21
5,6,7,8,9,10,12,88,13,15,16,17,18,0,21
5,6,7,8,9,10,12,88,13,15,16,17,18,0,21
5,6,7,8,9,10,12,88,13,15,16,17,18,0,21
5,6,7,8,9,10,12,88,13,15,16,17,18,0,21
5,6,7,8,9,10,12,88,13,15,16,17,18,0,21
5,6,7,8,9,10,12,88,13,15,16,17,18,0,21
5,6,7,8,9,10,12,88,13,15,16,17,18,0,21
5,6,7,8,9,10,12,88,13,15,16,17,18,0,21
5,6,7,8,9,10,12,88,13,15,16,17,18,0,21
5,6,7,8,9,10,12,88,13,15,16,17,18,0,21
5,6,7,8,9,10,12,88,13,15,16,17,18,0,21
5,6,7,8,9,10,12,88,13,15,16,17,18,0,21
5,6,7,8,9,10,12,88,13,15,16,17,18,0,21
5,6,7,8,9,10,12,88,13,15,16,17,18,0,21
5,6,7,8,9,10,12,88,13,15,16,17,18,0,21
5,6,7,8,9,10,12,88,13,15,16,17,18,0,21
5,6,7,8,9,10,12,88,13,15,16,17,18,0,21
5,6,7,8,9,10,12,88,13,15,16,17,18,0,21
5,6,7,8,9,10,12,88,13,15,16,17,18,0,21
5,6,7,8,9,10,12,88,13,15,16,17,18,0,21
5,6,7,8,9,10,12,88,13,15,16,17,18,0,21
5,6,7,8,9,10,12,88,13,15,16,17,18,0,21
5,6,7,8,9,10,12,88,13,15,16,17,18,0,21
5,6,7,8,9,10,12,88,13,15,16,17,18,0,21
5,6,7,8,9,10,12,88,13,15,16,17,18,0,21
5,6,7,8,9,10,12,88,13,15,16,17,18,0,21
5,6,7,8,9,10,12,88,13,15,16,17,18,0,21
5,6,7,8,9,10,12,88,13,15,16,17,18,0,21
5,6,7,8,9,10,12,88,13,15,16,17,18,0,21
5,6,7,8,9,10,12,88,13,15,16,17,18,0,21
5,6,7,8,9,10,12,88,13,15,16,17,18,0,21
5,6,7,8,9,10,12,88,13,15,16,17,18,0,21
5,6,7,8,9,10,12,88,13,15,16,17,18,0,21
5,6,7,8,9,10,12,88,13,15,16,17,18,0,21
5,6,7,8,9,10,12,88,13,15,16,17,18,0,21
5,6,7,8,9,10,12,88,13,15,16,17,18,0,21
5,6,7,8,9,10,12,88,13,15,16,17,18,0,21
5,6,7,8,9,10,12,88,13,15,16,17,18,0,21
5,6,7,8,9,10,12,88,13,15,16,17,18,0,21
5,6,7,8,9,10,12,88,13,15,16,17,18,0,21
5,6,7,8,9,10,12,88,13,15,16,17,18,0,21
5,6,7,8,9,10,12,88,13,15,16,17,18,0,21
5,6,7,8,9,10,12,88,13,15,16,17,18,0,21
5,6,7,8,9,10,12,88,13,15,16,17,18,0,21
5,6,7,8,9,10,12,88,13,15,16,17,18,0,21
5,6,7,8,9,10,12,88,13,15,16,17,18,0,21
5,6,7,8,9,10,12,88,13,15,16,17,18,0,21
5,6,7,8,9,10,12,88,13,15,16,17,18,0,21
5,6,7,8,9,10,12,88,13,15,16,17,18,0,21
5,6,7,8,9,10,12,88,13,15,16,17,18,0,21
5,6,7,8,9,10,12,88,13,15,16,17,18,0,21
5,6,7,8,9,10,12,88,13,15,16,17,18,0,21
5,6,7,8,9,10,12,88,13,15,16,17,18,0,21
5,6,7,8,9,10,12,88,13,15,16,17,18,0,21
5,6,7,8,9,10,12,88,13,15,16,17,18,0,21
5,6,7,8,9,10,12,88,13,15,16,17,18,0,21
5,6,7,8,9,10,12,88,13,15,16,17,18,0,21
5,6,7,8,9,10,12,88,13,15,16,17,18,0,21
5,6,7,8,9,10,12,88,13,15,16,17,18,0,21
5,6,7,8,9,10,12,88,13,15,16,17,18,0,21
5,6,7,8,9,10,12,88,13,15,16,17,18,0,21
5,6,7,8,9,10,12,88,13,15,16,17,18,0,21
5,6,7,8,9,10,12,88,13,15,16,17,18,0,21
5,6,7,8,9,10,12,88,13,15,16,17,18,0,21
5,6,7,8,9,10,12,88,13,15,16,17,18,0,21
5,6,7,8,9,10,12,88,13,15,16,17,18,0,21
5,6,7,8,9,10,12,88,13,15,16,17,18,0,21
5,6,7,8,9,10,12,88,13,15,16,17,18,0,21
5,6,7,8,9,10,12,88,13,15,16,17,18,0,21
5,6,7,8,9,10,12,88,13,15,16,17,18,0,21
5,6,7,8,9,10,12,88,13,15,16,17,18,0,21
5,6,7,8,9,10,12,88,13,15,16,17,18,0,21
5,6,7,8,9,10,12,88,13,15,16,17,18,0,21
5,6,7,8,9,10,12,88,13,15,16,17,18,0,21
5,6,7,8,9,10,12,88,13,15,16,17,18,0,21
5,6,7,8,9,10,12,88,13,15,16,17,18,0,21
5,6,7,8,9,10,12,88,13,15,16,17,18,0,21
5,6,7,8,9,10,12,88,13,15,16,17,18,0,21
5,6,7,8,9,10,12,88,13,15,16,17,18,0,21
5,6,7,8,9,10,12,88,13,15,16,17,18,0,21
5,6,7,8,9,10,12,88,13,15,16,17,18,0,21
5,6,7,8,9,10,12,88,13,15,16,17,18,0,21
5,6,7,8,9,10,12,88,13,15,16,17,18,0,21
5,6,7,8,9,10,12,88,13,15,16,17,18,0,21
5,6,7,8,9,10,12,88,13,15,16,17,18,0,21
5,6,7,8,9,10,12,88,13,15,16,17,18,0,21
5,6,7,8,9,10,12,88,13,15,16,17,18,0,21
5,6,7,8,9,10,12,88,13,15,16,17,18,0,21
5,6,7,8,9,10,12,88,13,15,16,17,18,0,21
5,6,7,8,9,10,12,88,13,15,16,17,18,0,21
5,6,7,8,9,10,12,88,13,15,16,17,18,0,21
5,6,7,8,9,10,12,88,13,15,16,17,18,0,21
5,6,7,8,9,10,12,88,13,15,16,17,18,0,21
5,6,7,8,9,10,12,88,13,15,16,17,18,0,21
5,6,7,8,9,10,12,88,13,15,16,17,18,0,21
5,6,7,8,9,10,12,88,13,15,16,17,18,0,21
5,6,7,8,9,10,12,88,13,15,16,17,18,0,21
5,6,7,8,9,10,12,88,13,15,16,17,18,0,21
5,6,7,8,9,10,12,88,13,15,16,17,18,0,21
5,6,7,8,9,10,12,88,13,15,16,17,18,0,21
5,6,7,8,9,10,12,88,13,15,16,17,18,0,21
5,6,7,8,9,10,12,88,13,15,16,17,18,0,21
5,6,7,8,9,10,12,88,13,15,16,17,18,0,21
5,6,7,8,9,10,12,88,13,15,16,17,18,0,21
5,6,7,8,9,10,12,88,13,15,16,17,18,0,21
5,6,7,8,9,10,12,88,13,15,16,17,18,0,21
5,6,7,8,9,10,12,88,13,15,16,17,18,0,21
5,6,7,8,9,10,12,88,13,15,16,17,18,0,21
5,6,7,8,9,10,12,88,13,15,16,17,18,0,21
5,6,7,8,9,10,12,88,13,15,16,17,18,0,21
5,6,7,8,9,10,12,88,13,15,16,17,18,0,21
5,6,7,8,9,10,12,88,13,15,16,17,18,0,21
5,6,7,8,9,10,12,88,13,15,16,17,18,0,21
5,6,7,8,9,10,12,88,13,15,16,17,18,0,21
5,6,7,8,9,10,12,88,13,15,16,17,18,0,21
5,6,7,8,9,10,12,88,13,15,16,17,18,0,21
5,6,7,8,9,10,12,88,13,15,16,17,18,0,21
5,6,7,8,9,10,12,88,13,15,16,17,18,0,21
5,6,7,8,9,10,12,88,13,15,16,17,18,0,21
5,6,7,8,9,10,12,88,13,15,16,17,18,0,21
5,6,7,8,9,10,12,88,13,15,16,17,18,0,21
5,6,7,8,9,10,12,88,13,15,16,17,18,0,21
5,6,7,8,9,10,12,88,13,15,16,17,18,0,21
5,6,7,8,9,10,12,88,13,15,16,17,18,0,21
5,6,7,8,9,10,12,88,13,15,16,17,18,0,21
5,6,7,8,9,10,12,88,13,15,16,17,18,0,21
5,6,7,8,9,10,12,88,13,15,16,17,18,0,21
5,6,7,8,9,10,12,88,13,15,16,17,18,0,21
5,6,7,8,9,10,12,88,13,15,16,17,18,0,21
5,6,7,8,9,10,12,88,13,15,16,17,18,0,21
5,6,7,8,9,10,12,88,13,15,16,17,18,0,21
5,6,7,8,9,10,12,88,13,15,16,17,18,0,21
5,6,7,8,9,10,12,88,13,15,16,17,18,0,21
5,6,7,8,9,10,12,88,13,15,16,17,18,0,21
5,6,7,8,9,10,12,88,13,15,16,17,18,0,21
5,6,7,8,9,10,12,88,13,15,16,17,18,0,21
5,6,7,8,9,10,12,88,13,15,16,17,18,0,21
5,6,7,8,9,10,12,88,13,15,16,17,18,0,21
5,6,7,8,9,10,12,88,13,15,16,17,18,0,21
5,6,7,8,9,10,12,88,13,15,16,17,18,0,21
5,6,7,8,9,10,12,88,13,15,16,17,18,0,21
5,6,7,8,9,10,12,88,13,15,16,17,18,0,21
5,6,7,8,9,10,12,88,13,15,16,17,18,0,21
5,6,7,8,9,10,12,88,13,15,16,17,18,0,21
5,6,7,8,9,10,12,88,13,15,16,17,18,0,21
5,6,7,8,9,10,12,88,13,15,16,17,18,0,21
5,6,7,8,9,10,12,88,13,15,16,17,18,0,21
5,6,7,8,9,10,12,88,13,15,16,17,18,0,21
5,6,7,8,9,10,12,88,13,15,16,17,18,0,21
5,6,7,8,9,10,12,88,13,15,16,17,18,0,21
5,6,7,8,9,10,12,88,13,15,16,17,18,0,21
5,6,7,8,9,10,12,88,13,15,16,17,18,0,21
5,6,7,8,9,10,12,88,13,15,16,17,18,0,21
5,6,7,8,9,10,12,88,13,15,16,17,18,0,21
5,6,7,8,9,10,12,88,13,15,16,17,18,0,21
5,6,7,8,9,10,12,88,13,15,16,17,18,0,21
5,6,7,8,9,10,12,88,13,15,16,17,18,0,21
5,6,7,8,9,10,12,88,13,15,16,17,18,0,21
5,6,7,8,9,10,12,88,13,15,16,17,18,0,21
5,6,7,8,9,10,12,88,13,15,16,17,18,0,21
5,6,7,8,9,10,12,88,13,15,16,17,18,0,21
5,6,7,8,9,10,12,88,13,15,16,17,18,0,21
5,6,7,8,9,10,12,88,13,15,16,17,18,0,21
5,6,7,8,9,10,12,88,13,15,16,17,18,0,21
5,6,7,8,9,10,12,88,13,15,16,17,18,0,21
5,6,7,8,9,10,12,88,13,15,16,17,18,0,21
5,6,7,8,9,10,12,88,13,15,16,17,18,0,21
5,6,7,8,9,10,12,88,13,15,16,17,18,0,21
5,6,7,8,9,10,12,88,13,15,16,17,18,0,21
5,6,7,8,9,10,12,88,13,15,16,17,18,0,21
5,6,7,8,9,10,12,88,13,15,16,17,18,0,21
5,6,7,8,9,10,12,88,13,15,16,17,18,0,21
5,6,7,8,9,10,12,88,13,15,16,17,18,0,21
5,6,7,8,9,10,12,88,13,15,16,17,18,0,21
5,6,7,8,9,10,12,88,13,15,16,17,18,0,21
5,6,7,8,9,10,12,88,13,15,16,17,18,0,21
5,6,7,8,9,10,12,88,13,15,16,17,18,0,21
5,6,7,8,9,10,12,88,13,15,16,17,18,0,21
5,6,7,8,9,10,12,88,13,15,16,17,18,0,21
5,6,7,8,9,10,12,88,13,15,16,17,18,0,21
5,6,7,8,9,10,12,88,13,15,16,17,18,0,21
5,6,7,8,9,10,12,88,13,15,16,17,18,0,21
5,6,7,8,9,10,12,88,13,15,16,17,18,0,21
5,6,7,8,9,10,12,88,13,15,16,17,18,0,21
5,6,7,8,9,10,12,88,13,15,16,17,18,0,21
5,6,7,8,9,10,12,88,13,15,16,17,18,0,21
5,6,7,8,9,10,12,88,13,15,16,17,18,0,21
5,6,7,8,9,10,12,88,13,15,16,17,18,0,21
5,6,7,8,9,10,12,88,13,15,16,17,18,0,21
5,6,7,8,9,10,12,88,13,15,16,17,18,0,21
5,6,7,8,9,10,12,88,13,15,16,17,18,0,21
5,6,7,8,9,10,12,88,13,15,16,17,18,0,21
5,6,7,8,9,10,12,88,13,15,16,17,18,0,21
5,6,7,8,9,10,12,88,13,15,16,17,18,0,21
5,6,7,8,9,10,12,88,13,15,16,17,18,0,21
5,6,7,8,9,10,12,88,13,15,16,17,18,0,21
5,6,7,8,9,10,12,88,13,15,16,17,18,0,21
5,6,7,8,9,10,12,88,13,15,16,17,18,0,21
5,6,7,8,9,10,12,88,13,15,16,17,18,0,21
5,6,7,8,9,10,12,88,13,15,16,17,18,0,21
5,6,7,8,9,10,12,88,13,15,16,17,18,0,21
5,6,7,8,9,10,12,88,13,15,16,17,18,0,21
5,6,7,8,9,10,12,88,13,15,16,17,18,0,21
5,6,7,8,9,10,12,88,13,15,16,17,18,0,21
5,6,7,8,9,10,12,88,13,15,16,17,18,0,21
5,6,7,8,9,10,12,88,13,15,16,17,18,0,21
5,6,7,8,9,10,12,88,13,15,16,17,18,0,21
5,6,7,8,9,10,12,88,13,15,16,17,18,0,21
5,6,7,8,9,10,12,88,13,15,16,17,18,0,21
5,6,7,8,9,10,12,88,13,15,16,17,18,0,21
5,6,7,8,9,10,12,88,13,15,16,17,18,0,21
5,6,7,8,9,10,12,88,13,15,16,17,18,0,21
5,6,7,8,9,10,12,88,13,15,16,17,18,0,21
5,6,7,8,9,10,12,88,13,15,16,17,18,0,21
5,6,7,8,9,10,12,88,13,15,16,17,18,0,21
5,6,7,8,9,10,12,88,13,15,16,17,18,0,21
5,6,7,8,9,10,12,88,13,15,16,17,18,0,21
5,6,7,8,9,10,12,88,13,15,16,17,18,0,21
5,6,7,8,9,10,12,88,13,15,16,17,18,0,21
5,6,7,8,9,10,12,88,13,15,16,17,18,0,21
5,6,7,8,9,10,12,88,13,15,16,17,18,0,21
5,6,7,8,9,10,12,88,13,15,16,17,18,0,21
5,6,7,8,9,10,12,88,13,15,16,17,18,0,21
5,6,7,8,9,10,12,88,13,15,16,17,18,0,21
5,6,7,8,9,10,12,88,13,15,16,17,18,0,21
5,6,7,8,9,10,12,88,13,15,16,17,18,0,21
5,6,7,8,9,10,12,88,13,15,16,17,18,0,21
5,6,7,8,9,10,12,88,13,15,16,17,18,0,21
5,6,7,8,9,10,12,88,13,15,16,17,18,0,21
5,6,7,8,9,10,12,88,13,15,16,17,18,0,21
5,6,7,8,9,10,12,88,13,15,16,17,18,0,21
5,6,7,8,9,10,12,88,13,15,16,17,18,0,21
5,6,7,8,9,10,12,88,13,15,16,17,18,0,21
5,6,7,8,9,10,12,88,13,15,16,17,18,0,21
5,6,7,8,9,10,12,88,13,15,16,17,18,0,21
5,6,7,8,9,10,12,88,13,15,16,17,18,0,21
5,6,7,8,9,10,12,88,13,15,16,17,18,0,21
5,6,7,8,9,10,12,88,13,15,16,17,18,0,21
5,6,7,8,9,10,12,88,13,15,16,17,18,0,21
5,6,7,8,9,10,12,88,13,15,16,17,18,0,21
5,6,7,8,9,10,12,88,13,15,16,17,18,0,21
5,6,7,8,9,10,12,88,13,15,16,17,18,0,21
5,6,7,8,9,10,12,88,13,15,16,17,18,0,21
5,6,7,8,9,10,12,88,13,15,16,17,18,0,21
5,6,7,8,9,10,12,88,13,15,16,17,18,0,21
5,6,7,8,9,10,12,88,13,15,16,17,18,0,21
5,6,7,8,9,10,12,88,13,15,16,17,18,0,21
5,6,7,8,9,10,12,88,13,15,16,17,18,0,21
5,6,7,8,9,10,12,88,13,15,16,17,18,0,21
5,6,7,8,9,10,12,88,13,15,16,17,18,0,21
5,6,7,8,9,10,12,88,13,15,16,17,18,0,21
5,6,7,8,9,10,12,88,13,15,16,17,18,0,21
5,6,7,8,9,10,12,88,13,15,16,17,18,0,21
5,6,7,8,9,10,12,88,13,15,16,17,18,0,21
5,6,7,8,9,10,12,88,13,15,16,17,18,0,21
5,6,7,8,9,10,12,88,13,15,16,17,18,0,21
5,6,7,8,9,10,12,88,13,15,16,17,18,0,21
5,6,7,8,9,10,12,88,13,15,16,17,18,0,21
5,6,7,8,9,10,12,88,13,15,16,17,18,0,21
5,6,7,8,9,10,12,88,13,15,16,17,18,0,21
5,6,7,8,9,10,12,88,13,15,16,17,18,0,21
5,6,7,8,9,10,12,88,13,15,16,17,18,0,21
5,6,7,8,9,10,12,88,13,15,16,17,18,0,21
5,6,7,8,9,10,12,88,13,15,16,17,18,0,21
5,6,7,8,9,10,12,88,13,15,16,17,18,0,21
5,6,7,8,9,10,12,88,13,15,16,17,18,0,21
5,6,7,8,9,10,12,88,13,15,16,17,18,0,21
5,6,7,8,9,10,12,88,13,15,16,17,18,0,21
5,6,7,8,9,10,12,88,13,15,16,17,18,0,21
5,6,7,8,9,10,12,88,13,15,16,17,18,0,21
5,6,7,8,9,10,12,88,13,15,16,17,18,0,21
5,6,7,8,9,10,12,88,13,15,16,17,18,0,21
5,6,7,8,9,10,12,88,13,15,16,17,18,0,21
5,6,7,8,9,10,12,88,13,15,16,17,18,0,21
5,6,7,8,9,10,12,88,13,15,16,17,18,0,21
5,6,7,8,9,10,12,88,13,15,16,17,18,0,21
5,6,7,8,9,10,12,88,13,15,16,17,18,0,21
5,6,7,8,9,10,12,88,13,15,16,17,18,0,21
5,6,7,8,9,10,12,88,13,15,16,17,18,0,21
5,6,7,8,9,10,12,88,13,15,16,17,18,0,21
5,6,7,8,9,10,12,88,13,15,16,17,18,0,21
5,6,7,8,9,10,12,88,13,15,16,17,18,0,21
5,6,7,8,9,10,12,88,13,15,16,17,18,0,21
5,6,7,8,9,10,12,88,13,15,16,17,18,0,21
5,6,7,8,9,10,12,88,13,15,16,17,18,0,21
5,6,7,8,9,10,12,88,13,15,16,17,18,0,21
5,6,7,8,9,10,12,88,13,15,16,17,18,0,21
5,6,7,8,9,10,12,88,13,15,16,17,18,0,21
5,6,7,8,9,10,12,88,13,15,16,17,18,0,21
5,6,7,8,9,10,12,88,13,15,16,17,18,0,21
5,6,7,8,9,10,12,88,13,15,16,17,18,0,21
5,6,7,8,9,10,12,88,13,15,16,17,18,0,21
5,6,7,8,9,10,12,88,13,15,16,17,18,0,21
5,6,7,8,9,10,12,88,13,15,16,17,18,0,21
5,6,7,8,9,10,12,88,13,15,16,17,18,0,21
5,6,7,8,9,10,12,88,13,15,16,17,18,0,21
5,6,7,8,9,10,12,88,13,15,16,17,18,0,21
5,6,7,8,9,10,12,88,13,15,16,17,18,0,21
5,6,7,8,9,10,12,88,13,15,16,17,18,0,21
5,6,7,8,9,10,12,88,13,15,16,17,18,0,21
5,6,7,8,9,10,12,88,13,15,16,17,18,0,21
5,6,7,8,9,10,12,88,13,15,16,17,18,0,21
5,6,7,8,9,10,12,88,13,15,16,17,18,0,21
5,6,7,8,9,10,12,88,13,15,16,17,18,0,21
5,6,7,8,9,10,12,88,13,15,16,17,18,0,21
5,6,7,8,9,10,12,88,13,15,16,17,18,0,21
5,6,7,8,9,10,12,88,13,15,16,17,18,0,21
5,6,7,8,9,10,12,88,13,15,16,17,18,0,21
5,6,7,8,9,10,12,88,13,15,16,17,18,0,21
5,6,7,8,9,10,12,88,13,15,16,17,18,0,21
5,6,7,8,9,10,12,88,13,15,16,17,18,0,21
5,6,7,8,9,10,12,88,13,15,16,17,18,0,21
5,6,7,8,9,10,12,88,13,15,16,17,18,0,21
5,6,7,8,9,10,12,88,13,15,16,17,18,0,21
5,6,7,8,9,10,12,88,13,15,16,17,18,0,21
5,6,7,8,9,10,12,88,13,15,16,17,18,0,21
5,6,7,8,9,10,12,88,13,15,16,17,18,0,21
5,6,7,8,9,10,12,88,13,15,16,17,18,0,21
5,6,7,8,9,10,12,88,13,15,16,17,18,0,21
5,6,7,8,9,10,12,88,13,15,16,17,18,0,21
5,6,7,8,9,10,12,88,13,15,16,17,18,0,21
5,6,7,8,9,10,12,88,13,15,16,17,18,0,21
5,6,7,8,9,10,12,88,13,15,16,17,18,0,21
5,6,7,8,9,10,12,88,13,15,16,17,18,0,21
5,6,7,8,9,10,12,88,13,15,16,17,18,0,21
5,6,7,8,9,10,12,88,13,15,16,17,18,0,21
5,6,7,8,9,10,12,88,13,15,16,17,18,0,21
5,6,7,8,9,10,12,88,13,15,16,17,18,0,21
5,6,7,8,9,10,12,88,13,15,16,17,18,0,21
5,6,7,8,9,10,12,88,13,15,16,17,18,0,21
5,6,7,8,9,10,12,88,13,15,16,17,18,0,21
5,6,7,8,9,10,12,88,13,15,16,17,18,0,21
5,6,7,8,9,10,12,88,13,15,16,17,18,0,21
5,6,7,8,9,10,12,88,13,15,16,17,18,0,21
5,6,7,8,9,10,12,88,13,15,16,17,18,0,21
5,6,7,8,9,10,12,88,13,15,16,17,18,0,21
5,6,7,8,9,10,12,88,13,15,16,17,18,0,21
5,6,7,8,9,10,12,88,13,15,16,17,18,0,21
5,6,7,8,9,10,12,88,13,15,16,17,18,0,21
5,6,7,8,9,10,12,88,13,15,16,17,18,0,21
5,6,7,8,9,10,12,88,13,15,16,17,18,0,21
5,6,7,8,9,10,12,88,13,15,16,17,18,0,21
5,6,7,8,9,10,12,88,13,15,16,17,18,0,21
5,6,7,8,9,10,12,88,13,15,16,17,18,0,21
5,6,7,8,9,10,12,88,13,15,16,17,18,0,21
5,6,7,8,9,10,12,88,13,15,16,17,18,0,21
5,6,7,8,9,10,12,88,13,15,16,17,18,0,21
5,6,7,8,9,10,12,88,13,15,16,17,18,0,21
5,6,7,8,9,10,12,88,13,15,16,17,18,0,21
5,6,7,8,9,10,12,88,13,15,16,17,18,0,21
5,6,7,8,9,10,12,88,13,15,16,17,18,0,21
5,6,7,8,9,10,12,88,13,15,16,17,18,0,21
5,6,7,8,9,10,12,88,13,15,16,17,18,0,21
5,6,7,8,9,10,12,88,13,15,16,17,18,0,21
5,6,7,8,9,10,12,88,13,15,16,17,18,0,21
5,6,7,8,9,10,12,88,13,15,16,17,18,0,21
5,6,7,8,9,10,12,88,13,15,16,17,18,0,21
5,6,7,8,9,10,12,88,13,15,16,17,18,0,21
5,6,7,8,9,10,12,88,13,15,16,17,18,0,21
5,6,7,8,9,10,12,88,13,15,16,17,18,0,21
5,6,7,8,9,10,12,88,13,15,16,17,18,0,21
5,6,7,8,9,10,12,88,13,15,16,17,18,0,21
5,6,7,8,9,10,12,88,13,15,16,17,18,0,21
5,6,7,8,9,10,12,88,13,15,16,17,18,0,21
5,6,7,8,9,10,12,88,13,15,16,17,18,0,21
5,6,7,8,9,10,12,88,13,15,16,17,18,0,21
5,6,7,8,9,10,12,88,13,15,16,17,18,0,21
5,6,7,8,9,10,12,88,13,15,16,17,18,0,21
5,6,7,8,9,10,12,88,13,15,16,17,18,0,21
5,6,7,8,9,10,12,88,13,15,16,17,18,0,21
5,6,7,8,9,10,12,88,13,15,16,17,18,0,21
5,6,7,8,9,10,12,88,13,15,16,17,18,0,21
5,6,7,8,9,10,12,88,13,15,16,17,18,0,21
5,6,7,8,9,10,12,88,13,15,16,17,18,0,21
5,6,7,8,9,10,12,88,13,15,16,17,18,0,21
5,6,7,8,9,10,12,88,13,15,16,17,18,0,21
5,6,7,8,9,10,12,88,13,15,16,17,18,0,21
5,6,7,8,9,10,12,88,13,15,16,17,18,0,21
5,6,7,8,9,10,12,88,13,15,16,17,18,0,21
5,6,7,8,9,10,12,88,13,15,16,17,18,0,21
5,6,7,8,9,10,12,88,13,15,16,17,18,0,21
5,6,7,8,9,10,12,88,13,15,16,17,18,0,21
5,6,7,8,9,10,12,88,13,15,16,17,18,0,21
5,6,7,8,9,10,12,88,13,15,16,17,18,0,21
5,6,7,8,9,10,12,88,13,15,16,17,18,0,21
5,6,7,8,9,10,12,88,13,15,16,17,18,0,21
5,6,7,8,9,10,12,88,13,15,16,17,18,0,21
5,6,7,8,9,10,12,88,13,15,16,17,18,0,21
5,6,7,8,9,10,12,88,13,15,16,17,18,0,21
5,6,7,8,9,10,12,88,13,15,16,17,18,0,21
5,6,7,8,9,10,2,1,15,16,17,18,0,21
5,6,7,8,9,10,2,1,15,16,17,18,0,21
5,6,7,8,9,10,2,1,15,16,17,18,0,21
5,6,7,8,9,10,2,1,15,16,17,18,0,21
5,6,7,8,9,10,2,1,15,16,17,18,0,21
5,6,7,8,9,10,2,1,15,16,17,18,0,21
5,6,7,8,9,10,2,1,15,16,17,18,0,21
5,6,7,8,9,10,2,1,15,16,17,18,0,21
5,6,7,8,9,10,2,1,15,16,17,18,0,21
5,6,7,8,9,10,2,1,15,16,17,18,0,21
5,6,7,8,9,10,2,1,15,16,17,18,0,21
5,6,7,8,9,10,2,1,15,16,17,18,0,21
5,6,7,8,9,10,2,1,15,16,17,18,0,21
5,6,7,8,9,10,2,1,15,16,17,18,0,21
5,6,7,8,9,10,2,1,15,16,17,18,0,21
5,6,7,8,9,10,2,1,15,16,17,18,0,21
5,6,7,8,9,10,2,1,15,16,17,18,0,21
5,6,7,8,9,10,2,1,15,16,17,18,0,21
5,6,7,8,9,10,2,1,15,16,17,18,0,21
5,6,7,8,9,10,2,1,15,16,17,18,0,21
5,6,7,8,9,10,2,1,15,16,17,18,0,21
5,6,7,8,9,10,2,1,15,16,17,18,0,21
5,6,7,8,9,10,2,1,15,16,17,18,0,21
5,6,7,8,9,10,2,1,15,16,17,18,0,21
5,6,7,8,9,10,2,1,15,16,17,18,0,21
5,6,7,8,9,10,2,1,15,16,17,18,0,21
5,6,7,8,9,10,2,1,15,16,17,18,0,21
5,6,7,8,9,10,2,1,15,16,17,18,0,21
5,6,7,8,9,10,2,1,15,16,17,18,0,21
5,6,7,8,9,10,2,1,15,16,17,18,0,21
5,6,7,8,9,10,2,1,15,16,17,18,0,21
5,6,7,8,9,10,2,1,15,16,17,18,0,21
5,6,7,8,9,10,2,1,15,16,17,18,0,21
5,6,7,8,9,10,2,1,15,16,17,18,0,21
5,6,7,8,9,10,2,1,15,16,17,18,0,21
5,6,7,8,9,10,2,1,15,16,17,18,0,21
5,6,7,8,9,10,2,1,15,16,17,18,0,21
5,6,7,8,9,10,2,1,15,16,17,18,0,21
5,6,7,8,9,10,2,1,15,16,17,18,0,21
5,6,7,8,9,10,2,1,15,16,17,18,0,21
5,6,7,8,9,10,2,1,15,16,17,18,0,21
5,6,7,8,9,10,2,1,15,16,17,18,0,21
5,6,7,8,9,10,2,1,15,16,17,18,0,21
5,6,7,8,9,10,2,1,15,16,17,18,0,21
5,6,7,8,9,10,2,1,15,16,17,18,0,21
5,6,7,8,9,10,2,1,15,16,17,18,0,21
5,6,7,8,9,10,2,1,15,16,17,18,0,21
5,6,7,8,9,10,2,1,15,16,17,18,0,21
5,6,7,8,9,10,2,1,15,16,17,18,0,21
5,6,7,8,9,10,2,1,15,16,17,18,0,21
5,6,7,8,9,10,2,1,15,16,17,18,0,21
5,6,7,8,9,10,2,1,15,16,17,18,0,21
5,6,7,8,9,10,2,1,15,16,17,18,0,21
5,6,7,8,9,10,2,1,15,16,17,18,0,21
5,6,7,8,9,10,2,1,15,16,17,18,0,21
5,6,7,8,9,10,2,1,15,16,17,18,0,21
5,6,7,8,9,10,2,1,15,16,17,18,0,21
5,6,7,8,9,10,2,1,15,16,17,18,0,21
5,6,7,8,9,10,2,1,15,16,17,18,0,21
5,6,7,8,9,10,2,1,15,16,17,18,0,21
5,6,7,8,9,10,2,1,15,16,17,18,0,21
5,6,7,8,9,10,2,1,15,16,17,18,0,21
5,6,7,8,9,10,2,1,15,16,17,18,0,21
5,6,7,8,9,10,2,1,15,16,17,18,0,21
5,6,7,8,9,10,2,1,15,16,17,18,0,21
5,6,7,8,9,10,2,1,15,16,17,18,0,21
5,6,7,8,9,10,2,1,15,16,17,18,0,21
5,6,7,8,9,10,2,1,15,16,17,18,0,21
5,6,7,8,9,10,2,1,15,16,17,18,0,21
5,6,7,8,9,10,2,1,15,16,17,18,0,21
5,6,7,8,9,10,2,1,15,16,17,18,0,21
5,6,7,8,9,10,2,1,15,16,17,18,0,21
5,6,7,8,9,10,2,1,15,16,17,18,0,21
5,6,7,8,9,10,2,1,15,16,17,18,0,21
5,6,7,8,9,10,2,1,15,16,17,18,0,21
5,6,7,8,9,10,2,1,15,16,17,18,0,21
5,6,7,8,9,10,2,1,15,16,17,18,0,21
5,6,7,8,9,10,2,1,15,16,17,18,0,21
5,6,7,8,9,10,2,1,15,16,17,18,0,21
5,6,7,8,9,10,2,1,15,16,17,18,0,21
5,6,7,8,9,10,2,1,15,16,17,18,0,21
5,6,7,8,9,10,2,1,15,16,17,18,0,21
5,6,7,8,9,10,2,1,15,16,17,18,0,21
5,6,7,8,9,10,2,1,15,16,17,18,0,21
5,6,7,8,9,10,2,1,15,16,17,18,0,21
5,6,7,8,9,10,2,1,15,16,17,18,0,21
5,6,7,8,9,10,2,1,15,16,17,18,0,21
5,6,7,8,9,10,2,1,15,16,17,18,0,21
5,6,7,8,9,10,2,1,15,16,17,18,0,21
5,6,7,8,9,10,2,1,15,16,17,18,0,21
5,6,7,8,9,10,2,1,15,16,17,18,0,21
5,6,7,8,9,10,2,1,15,16,17,18,0,21
5,6,7,8,9,10,2,1,15,16,17,18,0,21
5,6,7,8,9,10,2,1,15,16,17,18,0,21
5,6,7,8,9,10,2,1,15,16,17,18,0,21
5,6,7,8,9,10,2,1,15,16,17,18,0,21
5,6,7,8,9,10,2,1,15,16,17,18,0,21
5,6,7,8,9,10,2,1,15,16,17,18,0,21
5,6,7,8,9,10,2,1,15,16,17,18,0,21
5,6,7,8,9,10,2,1,15,16,17,18,0,21
5,6,7,8,9,10,2,1,15,16,17,18,0,21
5,6,7,8,9,10,2,1,15,16,17,18,0,21
5,6,7,8,9,10,2,1,15,16,17,18,0,21
5,6,7,8,9,10,2,1,15,16,17,18,0,21
5,6,7,8,9,10,2,1,15,16,17,18,0,21
5,6,7,8,9,10,2,1,15,16,17,18,0,21
5,6,7,8,9,10,2,1,15,16,17,18,0,21
5,6,7,8,9,10,2,1,15,16,17,18,0,21
5,6,7,8,9,10,2,1,15,16,17,18,0,21
5,6,7,8,9,10,2,1,15,16,17,18,0,21
5,6,7,8,9,10,2,1,15,16,17,18,0,21
5,6,7,8,9,10,2,1,15,16,17,18,0,21
5,6,7,8,9,10,2,1,15,16,17,18,0,21
5,6,7,8,9,10,2,1,15,16,17,18,0,21
5,6,7,8,9,10,2,1,15,16,17,18,0,21
5,6,7,8,9,10,2,1,15,16,17,18,0,21
5,6,7,8,9,10,2,1,15,16,17,18,0,21
5,6,7,8,9,10,2,1,15,16,17,18,0,21
5,6,7,8,9,10,2,1,15,16,17,18,0,21
5,6,7,8,9,10,2,1,15,16,17,18,0,21
5,6,7,8,9,10,2,1,15,16,17,18,0,21
5,6,7,8,9,10,2,1,15,16,17,18,0,21
5,6,7,8,9,10,2,1,15,16,17,18,0,21
5,6,7,8,9,10,2,1,15,16,17,18,0,21
5,6,7,8,9,10,2,1,15,16,17,18,0,21
5,6,7,8,9,10,2,1,15,16,17,18,0,21
5,6,7,8,9,10,2,1,15,16,17,18,0,21
5,6,7,8,9,10,2,1,15,16,17,18,0,21
5,6,7,8,9,10,2,1,15,16,17,18,0,21
5,6,7,8,9,10,2,1,15,16,17,18,0,21
5,6,7,8,9,10,2,1,15,16,17,18,0,21
5,6,7,8,9,10,2,1,15,16,17,18,0,21
5,6,7,8,9,10,2,1,15,16,17,18,0,21
5,6,7,8,9,10,2,1,15,16,17,18,0,21
5,6,7,8,9,10,2,1,15,16,17,18,0,21
5,6,7,8,9,10,2,1,15,16,17,18,0,21
5,6,7,8,9,10,2,1,15,16,17,18,0,21
5,6,7,8,9,10,2,1,15,16,17,18,0,21
5,6,7,8,9,10,2,1,15,16,17,18,0,21
5,6,7,8,9,10,2,1,15,16,17,18,0,21
5,6,7,8,9,10,2,1,15,16,17,18,0,21
5,6,7,8,9,10,2,1,15,16,17,18,0,21
5,6,7,8,9,10,2,1,15,16,17,18,0,21
5,6,7,8,9,10,2,1,15,16,17,18,0,21
5,6,7,8,9,10,2,1,15,16,17,18,0,21
5,6,7,8,9,10,2,1,15,16,17,18,0,21
5,6,7,8,9,10,2,1,15,16,17,18,0,21
5,6,7,8,9,10,2,1,15,16,17,18,0,21
5,6,7,8,9,10,2,1,15,16,17,18,0,21
5,6,7,8,9,10,2,1,15,16,17,18,0,21
5,6,7,8,9,10,2,1,15,16,17,18,0,21
5,6,7,8,9,10,2,1,15,16,17,18,0,21
5,6,7,8,9,10,2,1,15,16,17,18,0,21
5,6,7,8,9,10,2,1,15,16,17,18,0,21
5,6,7,8,9,10,2,1,15,16,17,18,0,21
5,6,7,8,9,10,2,1,15,16,17,18,0,21
5,6,7,8,9,10,2,1,15,16,17,18,0,21
5,6,7,8,9,10,2,1,15,16,17,18,0,21
5,6,7,8,9,10,2,1,15,16,17,18,0,21
5,6,7,8,9,10,2,1,15,16,17,18,0,21
5,6,7,8,9,10,2,1,15,16,17,18,0,21
5,6,7,8,9,10,2,1,15,16,17,18,0,21
5,6,7,8,9,10,2,1,15,16,17,18,0,21
5,6,7,8,9,10,2,1,15,16,17,18,0,21
5,6,7,8,9,10,2,1,15,16,17,18,0,21
5,6,7,8,9,10,2,1,15,16,17,18,0,21
5,6,7,8,9,10,2,1,15,16,17,18,0,21
5,6,7,8,9,10,2,1,15,16,17,18,0,21
5,6,7,8,9,10,2,1,15,16,17,18,0,21
5,6,7,8,9,10,2,1,15,16,17,18,0,21
5,6,7,8,9,10,2,1,15,16,17,18,0,21
5,6,7,8,9,10,2,1,15,16,17,18,0,21
5,6,7,8,9,10,2,1,15,16,17,18,0,21
5,6,7,8,9,10,2,1,15,16,17,18,0,21
5,6,7,8,9,10,2,1,15,16,17,18,0,21
5,6,7,8,9,10,2,1,15,16,17,18,0,21
5,6,7,8,9,10,2,1,15,16,17,18,0,21
5,6,7,8,9,10,2,1,15,16,17,18,0,21
5,6,7,8,9,10,2,1,15,16,17,18,0,21
5,6,7,8,9,10,2,1,15,16,17,18,0,21
5,6,7,8,9,10,2,1,15,16,17,18,0,21
5,6,7,8,9,10,2,1,15,16,17,18,0,21
5,6,7,8,9,10,2,1,15,16,17,18,0,21
5,6,7,8,9,10,2,1,15,16,17,18,0,21
5,6,7,8,9,10,2,1,15,16,17,18,0,21
5,6,7,8,9,10,2,1,15,16,17,18,0,21
5,6,7,8,9,10,2,1,15,16,17,18,0,21
5,6,7,8,9,10,2,1,15,16,17,18,0,21
5,6,7,8,9,10,2,1,15,16,17,18,0,21
5,6,7,8,9,10,2,1,15,16,17,18,0,21
5,6,7,8,9,10,2,1,15,16,17,18,0,21
5,6,7,8,9,10,2,1,15,16,17,18,0,21
5,6,7,8,9,10,2,1,15,16,17,18,0,21
5,6,7,8,9,10,2,1,15,16,17,18,0,21
5,6,7,8,9,10,2,1,15,16,17,18,0,21
5,6,7,8,9,10,2,1,15,16,17,18,0,21
5,6,7,8,9,10,2,1,15,16,17,18,0,21
5,6,7,8,9,10,2,1,15,16,17,18,0,21
5,6,7,8,9,10,2,1,15,16,17,18,0,21
5,6,7,8,9,10,2,1,15,16,17,18,0,21
5,6,7,8,9,10,2,1,15,16,17,18,0,21
5,6,7,8,9,10,2,1,15,16,17,18,0,21
5,6,7,8,9,10,2,1,15,16,17,18,0,21
5,6,7,8,9,10,2,1,15,16,17,18,0,21
5,6,7,8,9,10,2,1,15,16,17,18,0,21
5,6,7,8,9,10,2,1,15,16,17,18,0,21
5,6,7,8,9,10,2,1,15,16,17,18,0,21
5,6,7,8,9,10,2,1,15,16,17,18,0,21
5,6,7,8,9,10,2,1,15,16,17,18,0,21
5,6,7,8,9,10,2,1,15,16,17,18,0,21
5,6,7,8,9,10,2,1,15,16,17,18,0,21
5,6,7,8,9,10,2,1,15,16,17,18,0,21
5,6,7,8,9,10,2,1,15,16,17,18,0,21
5,6,7,8,9,10,2,1,15,16,17,18,0,21
5,6,7,8,9,10,2,1,15,16,17,18,0,21
5,6,7,8,9,10,2,1,15,16,17,18,0,21
5,6,7,8,9,10,2,1,15,16,17,18,0,21
5,6,7,8,9,10,2,1,15,16,17,18,0,21
5,6,7,8,9,10,2,1,15,16,17,18,0,21
5,6,7,8,9,10,2,1,15,16,17,18,0,21
5,6,7,8,9,10,2,1,15,16,17,18,0,21
5,6,7,8,9,10,2,1,15,16,17,18,0,21
5,6,7,8,9,10,2,1,15,16,17,18,0,21
5,6,7,8,9,10,2,1,15,16,17,18,0,21
5,6,7,8,9,10,2,1,15,16,17,18,0,21
5,6,7,8,9,10,2,1,15,16,17,18,0,21
5,6,7,8,9,10,2,1,15,16,17,18,0,21
5,6,7,8,9,10,2,1,15,16,17,18,0,21
5,6,7,8,9,10,2,1,15,16,17,18,0,21
5,6,7,8,9,10,2,1,15,16,17,18,0,21
5,6,7,8,9,10,2,1,15,16,17,18,0,21
5,6,7,8,9,10,2,1,15,16,17,18,0,21
5,6,7,8,9,10,2,1,15,16,17,18,0,21
5,6,7,8,9,10,2,1,15,16,17,18,0,21
5,6,7,8,9,10,2,1,15,16,17,18,0,21
5,6,7,8,9,10,2,1,15,16,17,18,0,21
5,6,7,8,9,10,2,1,15,16,17,18,0,21
5,6,7,8,9,10,2,1,15,16,17,18,0,21
5,6,7,8,9,10,2,1,15,16,17,18,0,21
5,6,7,8,9,10,2,1,15,16,17,18,0,21
5,6,7,8,9,10,2,1,15,16,17,18,0,21
5,6,7,8,9,10,2,1,15,16,17,18,0,21
5,6,7,8,9,10,2,1,15,16,17,18,0,21
5,6,7,8,9,10,2,1,15,16,17,18,0,21
5,6,7,8,9,10,2,1,15,16,17,18,0,21
5,6,7,8,9,10,2,1,15,16,17,18,0,21
5,6,7,8,9,10,2,1,15,16,17,18,0,21
5,6,7,8,9,10,2,1,15,16,17,18,0,21
5,6,7,8,9,10,2,1,15,16,17,18,0,21
5,6,7,8,9,10,2,1,15,16,17,18,0,21
5,6,7,8,9,10,2,1,15,16,17,18,0,21
5,6,7,8,9,10,2,1,15,16,17,18,0,21
5,6,7,8,9,10,2,1,15,16,17,18,0,21
5,6,7,8,9,10,2,1,15,16,17,18,0,21
5,6,7,8,9,10,2,1,15,16,17,18,0,21
5,6,7,8,9,10,2,1,15,16,17,18,0,21
5,6,7,8,9,10,2,1,15,16,17,18,0,21
5,6,7,8,9,10,2,1,15,16,17,18,0,21
5,6,7,8,9,10,2,1,15,16,17,18,0,21
5,6,7,8,9,10,2,1,15,16,17,18,0,21
5,6,7,8,9,10,2,1,15,16,17,18,0,21
5,6,7,8,9,10,2,1,15,16,17,18,0,21
5,6,7,8,9,10,2,1,15,16,17,18,0,21
5,6,7,8,9,10,2,1,15,16,17,18,0,21
5,6,7,8,9,10,2,1,15,16,17,18,0,21
5,6,7,8,9,10,2,1,15,16,17,18,0,21
5,6,7,8,9,10,2,1,15,16,17,18,0,21
5,6,7,8,9,10,2,1,15,16,17,18,0,21
5,6,7,8,9,10,2,1,15,16,17,18,0,21
5,6,7,8,9,10,2,1,15,16,17,18,0,21
5,6,7,8,9,10,2,1,15,16,17,18,0,21
5,6,7,8,9,10,2,1,15,16,17,18,0,21
5,6,7,8,9,10,2,1,15,16,17,18,0,21
5,6,7,8,9,10,2,1,15,16,17,18,0,21
5,6,7,8,9,10,2,1,15,16,17,18,0,21
5,6,7,8,9,10,2,1,15,16,17,18,0,21
5,6,7,8,9,10,2,1,15,16,17,18,0,21
5,6,7,8,9,10,2,1,15,16,17,18,0,21
5,6,7,8,9,10,2,1,15,16,17,18,0,21
5,6,7,8,9,10,2,1,15,16,17,18,0,21
5,6,7,8,9,10,2,1,15,16,17,18,0,21
5,6,7,8,9,10,2,1,15,16,17,18,0,21
5,6,7,8,9,10,2,1,15,16,17,18,0,21
5,6,7,8,9,10,2,1,15,16,17,18,0,21
5,6,7,8,9,10,2,1,15,16,17,18,0,21
5,6,7,8,9,10,2,1,15,16,17,18,0,21
5,6,7,8,9,10,2,1,15,16,17,18,0,21
5,6,7,8,9,10,2,1,15,16,17,18,0,21
5,6,7,8,9,10,2,1,15,16,17,18,0,21
5,6,7,8,9,10,2,1,15,16,17,18,0,21
5,6,7,8,9,10,2,1,15,16,17,18,0,21
5,6,7,8,9,10,2,1,15,16,17,18,0,21
5,6,7,8,9,10,2,1,15,16,17,18,0,21
5,6,7,8,9,10,2,1,15,16,17,18,0,21
5,6,7,8,9,10,2,1,15,16,17,18,0,21
5,6,7,8,9,10,2,1,15,16,17,18,0,21
5,6,7,8,9,10,2,1,15,16,17,18,0,21
5,6,7,8,9,10,2,1,15,16,17,18,0,21
5,6,7,8,9,10,2,1,15,16,17,18,0,21
5,6,7,8,9,10,2,1,15,16,17,18,0,21
5,6,7,8,9,10,2,1,15,16,17,18,0,21
5,6,7,8,9,10,2,1,15,16,17,18,0,21
5,6,7,8,9,10,2,1,15,16,17,18,0,21
5,6,7,8,9,10,2,1,15,16,17,18,0,21
5,6,7,8,9,10,2,1,15,16,17,18,0,21
5,6,7,8,9,10,2,1,15,16,17,18,0,21
5,6,7,8,9,10,2,1,15,16,17,18,0,21
5,6,7,8,9,10,2,1,15,16,17,18,0,21
5,6,7,8,9,10,2,1,15,16,17,18,0,21
5,6,7,8,9,10,2,1,15,16,17,18,0,21
5,6,7,8,9,10,2,1,15,16,17,18,0,21
5,6,7,8,9,10,2,1,15,16,17,18,0,21
5,6,7,8,9,10,2,1,15,16,17,18,0,21
5,6,7,8,9,10,2,1,15,16,17,18,0,21
5,6,7,8,9,10,2,1,15,16,17,18,0,21
5,6,7,8,9,10,2,1,15,16,17,18,0,21
5,6,7,8,9,10,2,1,15,16,17,18,0,21
5,6,7,8,9,10,2,1,15,16,17,18,0,21
5,6,7,8,9,10,2,1,15,16,17,18,0,21
5,6,7,8,9,10,2,1,15,16,17,18,0,21
5,6,7,8,9,10,2,1,15,16,17,18,0,21
5,6,7,8,9,10,2,1,15,16,17,18,0,21
5,6,7,8,9,10,2,1,15,16,17,18,0,21
5,6,7,8,9,10,2,1,15,16,17,18,0,21
5,6,7,8,9,10,2,1,15,16,17,18,0,21
5,6,7,8,9,10,2,1,15,16,17,18,0,21
5,6,7,8,9,10,2,1,15,16,17,18,0,21
5,6,7,8,9,10,2,1,15,16,17,18,0,21
5,6,7,8,9,10,2,1,15,16,17,18,0,21
5,6,7,8,9,10,2,1,15,16,17,18,0,21
5,6,7,8,9,10,2,1,15,16,17,18,0,21
5,6,7,8,9,10,2,1,15,16,17,18,0,21
5,6,7,8,9,10,2,1,15,16,17,18,0,21
5,6,7,8,9,10,2,1,15,16,17,18,0,21
5,6,7,8,9,10,2,1,15,16,17,18,0,21
5,6,7,8,9,10,2,1,15,16,17,18,0,21
5,6,7,8,9,10,2,1,15,16,17,18,0,21
5,6,7,8,9,10,2,1,15,16,17,18,0,21
5,6,7,8,9,10,2,1,15,16,17,18,0,21
5,6,7,8,9,10,2,1,15,16,17,18,0,21
5,6,7,8,9,10,2,1,15,16,17,18,0,21
5,6,7,8,9,10,2,1,15,16,17,18,0,21
5,6,7,8,9,10,2,1,15,16,17,18,0,21
5,6,7,8,9,10,2,1,15,16,17,18,0,21
5,6,7,8,9,10,2,1,15,16,17,18,0,21
5,6,7,8,9,10,2,1,15,16,17,18,0,21
5,6,7,8,9,10,2,1,15,16,17,18,0,21
5,6,7,8,9,10,2,1,15,16,17,18,0,21
5,6,7,8,9,10,2,1,15,16,17,18,0,21
5,6,7,8,9,10,2,1,15,16,17,18,0,21
5,6,7,8,9,10,2,1,15,16,17,18,0,21
5,6,7,8,9,10,2,1,15,16,17,18,0,21
5,6,7,8,9,10,2,1,15,16,17,18,0,21
5,6,7,8,9,10,2,1,15,16,17,18,0,21
5,6,7,8,9,10,2,1,15,16,17,18,0,21
5,6,7,8,9,10,2,1,15,16,17,18,0,21
5,6,7,8,9,10,2,1,15,16,17,18,0,21
5,6,7,8,9,10,2,1,15,16,17,18,0,21
5,6,7,8,9,10,2,1,15,16,17,18,0,21
5,6,7,8,9,10,2,1,15,16,17,18,0,21
5,6,7,8,9,10,2,1,15,16,17,18,0,21
5,6,7,8,9,10,2,1,15,16,17,18,0,21
5,6,7,8,9,10,2,1,15,16,17,18,0,21
5,6,7,8,9,10,2,1,15,16,17,18,0,21
5,6,7,8,9,10,2,1,15,16,17,18,0,21
5,6,7,8,9,10,2,1,15,16,17,18,0,21
5,6,7,8,9,10,2,1,15,16,17,18,0,21
5,6,7,8,9,10,2,1,15,16,17,18,0,21
5,6,7,8,9,10,2,1,15,16,17,18,0,21
5,6,7,8,9,10,2,1,15,16,17,18,0,21
5,6,7,8,9,10,2,1,15,16,17,18,0,21
5,6,7,8,9,10,2,1,15,16,17,18,0,21
5,6,7,8,9,10,2,1,15,16,17,18,0,21
5,6,7,8,9,10,2,1,15,16,17,18,0,21
5,6,7,8,9,10,2,1,15,16,17,18,0,21
5,6,7,8,9,10,2,1,15,16,17,18,0,21
5,6,7,8,9,10,2,1,15,16,17,18,0,21
5,6,7,8,9,10,2,1,15,16,17,18,0,21
5,6,7,8,9,10,2,1,15,16,17,18,0,21
5,6,7,8,9,10,2,1,15,16,17,18,0,21
5,6,7,8,9,10,2,1,15,16,17,18,0,21
5,6,7,8,9,10,2,1,15,16,17,18,0,21
5,6,7,8,9,10,2,1,15,16,17,18,0,21
5,6,7,8,9,10,2,1,15,16,17,18,0,21
5,6,7,8,9,10,2,1,15,16,17,18,0,21
5,6,7,8,9,10,2,1,15,16,17,18,0,21
5,6,7,8,9,10,2,1,15,16,17,18,0,21
5,6,7,8,9,10,2,1,15,16,17,18,0,21
5,6,7,8,9,10,2,1,15,16,17,18,0,21
5,6,7,8,9,10,2,1,15,16,17,18,0,21
5,6,7,8,9,10,2,1,15,16,17,18,0,21
5,6,7,8,9,10,2,1,15,16,17,18,0,21
5,6,7,8,9,10,2,1,15,16,17,18,0,21
5,6,7,8,9,10,2,1,15,16,17,18,0,21
5,6,7,8,9,10,2,1,15,16,17,18,0,21
5,6,7,8,9,10,2,1,15,16,17,18,0,21
5,6,7,8,9,10,2,1,15,16,17,18,0,21
5,6,7,8,9,10,2,1,15,16,17,18,0,21
5,6,7,8,9,10,2,1,15,16,17,18,0,21
5,6,7,8,9,10,2,1,15,16,17,18,0,21
5,6,7,8,9,10,2,1,15,16,17,18,0,21
5,6,7,8,9,10,2,1,15,16,17,18,0,21
5,6,7,8,9,10,2,1,15,16,17,18,0,21
5,6,7,8,9,10,2,1,15,16,17,18,0,21
5,6,7,8,9,10,2,1,15,16,17,18,0,21
5,6,7,8,9,10,2,1,15,16,17,18,0,21
5,6,7,8,9,10,2,1,15,16,17,18,0,21
5,6,7,8,9,10,2,1,15,16,17,18,0,21
5,6,7,8,9,10,2,1,15,16,17,18,0,21
5,6,7,8,9,10,2,1,15,16,17,18,0,21
5,6,7,8,9,10,2,1,15,16,17,18,0,21
5,6,7,8,9,10,2,1,15,16,17,18,0,21
5,6,7,8,9,10,2,1,15,16,17,18,0,21
5,6,7,8,9,10,2,1,15,16,17,18,0,21
5,6,7,8,9,10,2,1,15,16,17,18,0,21
5,6,7,8,9,10,2,1,15,16,17,18,0,21
5,6,7,8,9,10,2,1,15,16,17,18,0,21
5,6,7,8,9,10,2,1,15,16,17,18,0,21
5,6,7,8,9,10,2,1,15,16,17,18,0,21
5,6,7,8,9,10,2,1,15,16,17,18,0,21
5,6,7,8,9,10,2,1,15,16,17,18,0,21
5,6,7,8,9,10,2,1,15,16,17,18,0,21
5,6,7,8,9,10,2,1,15,16,17,18,0,21
5,6,7,8,9,10,2,1,15,16,17,18,0,21
5,6,7,8,9,10,2,1,15,16,17,18,0,21
5,6,7,8,9,10,2,1,15,16,17,18,0,21
5,6,7,8,9,10,2,1,15,16,17,18,0,21
5,6,7,8,9,10,2,1,15,16,17,18,0,21
5,6,7,8,9,10,2,1,15,16,17,18,0,21
5,6,7,8,9,10,2,1,15,16,17,18,0,21
5,6,7,8,9,10,2,1,15,16,17,18,0,21
5,6,7,8,9,10,2,1,15,16,17,18,0,21
5,6,7,8,9,10,2,1,15,16,17,18,0,21
5,6,7,8,9,10,2,1,15,16,17,18,0,21
5,6,7,8,9,10,2,1,15,16,17,18,0,21
5,6,7,8,9,10,2,1,15,16,17,18,0,21
5,6,7,8,9,10,2,1,15,16,17,18,0,21
5,6,7,8,9,10,2,1,15,16,17,18,0,21
5,6,7,8,9,10,2,1,15,16,17,18,0,21
5,6,7,8,9,10,2,1,15,16,17,18,0,21
5,6,7,8,9,10,2,1,15,16,17,18,0,21
5,6,7,8,9,10,2,1,15,16,17,18,0,21
5,6,7,8,9,10,2,1,15,16,17,18,0,21
5,6,7,8,9,10,2,1,15,16,17,18,0,21
5,6,7,8,9,10,2,1,15,16,17,18,0,21
5,6,7,8,9,10,2,1,15,16,17,18,0,21
5,6,7,8,9,10,2,1,15,16,17,18,0,21
5,6,7,8,9,10,2,1,15,16,17,18,0,21
5,6,7,8,9,10,2,1,15,16,17,18,0,21
5,6,7,8,9,10,2,1,15,16,17,18,0,21
5,6,7,8,9,10,2,1,15,16,17,18,0,21
5,6,7,8,9,10,2,1,15,16,17,18,0,21
5,6,7,8,9,10,2,1,15,16,17,18,0,21
5,6,7,8,9,10,2,1,15,16,17,18,0,21
5,6,7,8,9,10,2,1,15,16,17,18,0,21
5,6,7,8,9,10,2,1,15,16,17,18,0,21
5,6,7,8,9,10,2,1,15,16,17,18,0,21
5,6,7,8,9,10,2,1,15,16,17,18,0,21
5,6,7,8,9,10,2,1,15,16,17,18,0,21
5,6,7,8,9,10,2,1,15,16,17,18,0,21
5,6,7,8,9,10,2,1,15,16,17,18,0,21
5,6,7,8,9,10,2,1,15,16,17,18,0,21
5,6,7,8,9,10,2,1,15,16,17,18,0,21
5,6,7,8,9,10,2,1,15,16,17,18,0,21
5,6,7,8,9,10,2,1,15,16,17,18,0,21
5,6,7,8,9,10,2,1,15,16,17,18,0,21
5,6,7,8,9,10,2,1,15,16,17,18,0,21
5,6,7,8,9,10,2,1,15,16,17,18,0,21
5,6,7,8,9,10,2,1,15,16,17,18,0,21
5,6,7,8,9,10,2,1,15,16,17,18,0,21
5,6,7,8,9,10,2,1,15,16,17,18,0,21
5,6,7,8,9,10,2,1,15,16,17,18,0,21
5,6,7,8,9,10,2,1,15,16,17,18,0,21
5,6,7,8,9,10,2,1,15,16,17,18,0,21
5,6,7,8,9,10,2,1,15,16,17,18,0,21
5,6,7,8,9,10,2,1,15,16,17,18,0,21
5,6,7,8,9,10,2,1,15,16,17,18,0,21
5,6,7,8,9,10,2,1,15,16,17,18,0,21
5,6,7,8,9,10,2,1,15,16,17,18,0,21
5,6,7,8,9,10,2,1,15,16,17,18,0,21
5,6,7,8,9,10,2,1,15,16,17,18,0,21
5,6,7,8,9,10,2,1,15,16,17,18,0,21
5,6,7,8,9,10,2,1,15,16,17,18,0,21
5,6,7,8,9,10,2,1,15,16,17,18,0,21
5,6,7,8,9,10,2,1,15,16,17,18,0,21
5,6,7,8,9,10,2,1,15,16,17,18,0,21
5,6,7,8,9,10,2,1,15,16,17,18,0,21
5,6,7,8,9,10,2,1,15,16,17,18,0,21
5,6,7,8,9,10,2,1,15,16,17,18,0,21
5,6,7,8,9,10,2,1,15,16,17,18,0,21
5,6,7,8,9,10,2,1,15,16,17,18,0,21
5,6,7,8,9,10,2,1,15,16,17,18,0,21
5,6,7,8,9,10,2,1,15,16,17,18,0,21
5,6,7,8,9,10,2,1,15,16,17,18,0,21
5,6,7,8,9,10,2,1,15,16,17,18,0,21
5,6,7,8,9,10,2,1,15,16,17,18,0,21
5,6,7,8,9,10,2,1,15,16,17,18,0,21
5,6,7,8,9,10,2,1,15,16,17,18,0,21
5,6,7,8,9,10,2,1,15,16,17,18,0,21
5,6,7,8,9,10,2,1,15,16,17,18,0,21
5,6,7,8,9,10,2,1,15,16,17,18,0,21
5,6,7,8,9,10,2,1,15,16,17,18,0,21
5,6,7,8,9,10,2,1,15,16,17,18,0,21
5,6,7,8,9,10,2,1,15,16,17,18,0,21
5,6,7,8,9,10,2,1,15,16,17,18,0,21
5,6,7,8,9,10,2,1,15,16,17,18,0,21
5,6,7,8,9,10,2,1,15,16,17,18,0,21
5,6,7,8,9,10,2,1,15,16,17,18,0,21
5,6,7,8,9,10,2,1,15,16,17,18,0,21
5,6,7,8,9,10,2,1,15,16,17,18,0,21
5,6,7,8,9,10,2,1,15,16,17,18,0,21
5,6,7,8,9,10,2,1,15,16,17,18,0,21
5,6,7,3,2,1,15,16,17,18,19,20,21
5,6,7,3,2,1,15,16,17,18,19,20,21
5,6,7,3,2,1,15,16,17,18,19,20,21
5,6,7,3,2,1,15,16,17,18,19,20,21
5,6,7,3,2,1,15,16,17,18,19,20,21
5,6,7,3,2,1,15,16,17,18,19,20,21
5,6,7,3,2,1,15,16,17,18,19,20,21
5,6,7,3,2,1,15,16,17,18,19,20,21
5,6,7,3,2,1,15,16,17,18,19,20,21
5,6,7,3,2,1,15,16,17,18,19,20,21
5,6,7,3,2,1,15,16,17,18,19,20,21
5,6,7,3,2,1,15,16,17,18,19,20,21
5,6,7,3,2,1,15,16,17,18,19,20,21
5,6,7,3,2,1,15,16,17,18,19,20,21
5,6,7,3,2,1,15,16,17,18,19,20,21
5,6,7,3,2,1,15,16,17,18,19,20,21
5,6,7,3,2,1,15,16,17,18,19,20,21
5,6,7,3,2,1,15,16,17,18,19,20,21
5,6,7,3,2,1,15,16,17,18,19,20,21
5,6,7,3,2,1,15,16,17,18,19,20,21
5,6,7,3,2,1,15,16,17,18,19,20,21
5,6,7,3,2,1,15,16,17,18,19,20,21
5,6,7,3,2,1,15,16,17,18,19,20,21
5,6,7,3,2,1,15,16,17,18,19,20,21
5,6,7,3,2,1,15,16,17,18,19,20,21
5,6,7,3,2,1,15,16,17,18,19,20,21
5,6,7,3,2,1,15,16,17,18,19,20,21
5,6,7,3,2,1,15,16,17,18,19,20,21
5,6,7,3,2,1,15,16,17,18,19,20,21
5,6,7,3,2,1,15,16,17,18,19,20,21
5,6,7,3,2,1,15,16,17,18,19,20,21
5,6,7,3,2,1,15,16,17,18,19,20,21
5,6,7,3,2,1,15,16,17,18,19,20,21
5,6,7,3,2,1,15,16,17,18,19,20,21
5,6,7,3,2,1,15,16,17,18,19,20,21
5,6,7,3,2,1,15,16,17,18,19,20,21
5,6,7,3,2,1,15,16,17,18,19,20,21
5,6,7,3,2,1,15,16,17,18,19,20,21
5,6,7,3,2,1,15,16,17,18,19,20,21
5,6,7,3,2,1,15,16,17,18,19,20,21
5,6,7,3,2,1,15,16,17,18,19,20,21
5,6,7,3,2,1,15,16,17,18,19,20,21
5,6,7,3,2,1,15,16,17,18,19,20,21
5,6,7,3,2,1,15,16,17,18,19,20,21
5,6,7,3,2,1,15,16,17,18,19,20,21
5,6,7,3,2,1,15,16,17,18,19,20,21
5,6,7,3,2,1,15,16,17,18,19,20,21
5,6,7,3,2,1,15,16,17,18,19,20,21
5,6,7,3,2,1,15,16,17,18,19,20,21
5,6,7,3,2,1,15,16,17,18,19,20,21
5,6,7,3,2,1,15,16,17,18,19,20,21
5,6,7,3,2,1,15,16,17,18,19,20,21
5,6,7,3,2,1,15,16,17,18,19,20,21
5,6,7,3,2,1,15,16,17,18,19,20,21
5,6,7,3,2,1,15,16,17,18,19,20,21
5,6,7,3,2,1,15,16,17,18,19,20,21
5,6,7,3,2,1,15,16,17,18,19,20,21
5,6,7,3,2,1,15,16,17,18,19,20,21
5,6,7,3,2,1,15,16,17,18,19,20,21
5,6,7,3,2,1,15,16,17,18,19,20,21
5,6,7,3,2,1,15,16,17,18,19,20,21
5,6,7,3,2,1,15,16,17,18,19,20,21
5,6,7,3,2,1,15,16,17,18,19,20,21
5,6,7,3,2,1,15,16,17,18,19,20,21
5,6,7,3,2,1,15,16,17,18,0,21
5,6,7,3,2,1,15,16,17,18,0,21
5,6,7,3,2,1,15,16,17,18,0,21
5,6,7,3,2,1,15,16,17,18,0,21
5,6,7,3,2,1,15,16,17,18,0,21
5,6,7,3,2,1,15,16,17,18,0,21
5,6,7,3,2,1,15,16,17,18,0,21
5,6,7,3,2,1,15,16,17,18,0,21
5,6,7,3,2,1,15,16,17,18,0,21
5,6,7,3,2,1,15,16,17,18,0,21
5,6,7,3,2,1,15,16,17,18,0,21
5,6,7,3,2,1,15,16,17,18,0,21
5,6,7,3,2,1,15,16,17,18,0,21
5,6,7,3,2,1,15,16,17,18,0,21
5,6,7,3,2,1,15,16,17,18,0,21
5,6,7,3,2,1,15,16,17,18,0,21
5,6,7,3,2,1,15,16,17,18,0,21
5,6,7,3,2,1,15,16,17,18,0,21
5,6,7,3,2,1,15,16,17,18,0,21
5,6,7,3,2,1,15,16,17,18,0,21
5,6,7,3,2,1,15,16,17,18,0,21
5,6,7,3,2,1,15,16,17,18,0,21
5,6,7,3,2,1,15,16,17,18,0,21
5,6,7,3,2,1,15,16,17,18,0,21
5,6,7,3,2,1,15,16,17,18,0,21
5,6,7,3,2,1,15,16,17,18,0,21
5,6,7,3,2,1,15,16,17,18,0,21
5,6,7,3,2,1,15,16,17,18,0,21
5,6,7,3,2,1,15,16,17,18,0,21
5,6,7,3,2,1,15,16,17,18,0,21
5,6,7,3,2,1,15,16,17,18,0,21
5,6,7,3,2,1,15,16,17,18,0,21
5,6,7,3,2,1,15,16,17,18,0,21
5,6,7,3,2,1,15,16,17,18,0,21
5,6,7,3,2,1,15,16,17,18,0,21
5,6,7,3,2,1,15,16,17,18,0,21
5,6,7,3,2,1,15,16,17,18,0,21
5,6,7,3,2,1,15,16,17,18,0,21
5,6,7,3,2,1,15,16,17,18,0,21
5,6,7,3,2,1,15,16,17,18,0,21
5,6,7,3,2,1,15,16,17,18,0,21
5,6,7,3,2,1,15,16,17,18,0,21
5,6,7,3,2,1,15,16,17,18,0,21
5,6,7,3,2,1,15,16,17,18,0,21
5,6,7,3,2,1,15,16,17,18,0,21
5,6,7,3,2,1,15,16,17,18,0,21
5,6,7,3,2,1,15,16,17,18,0,21
5,6,7,3,2,1,15,16,17,18,0,21
5,6,7,3,2,1,15,16,17,18,0,21
5,6,7,3,2,1,15,16,17,18,0,21
5,6,7,3,2,1,15,16,17,18,0,21
5,6,7,3,2,1,15,16,17,18,0,21
5,6,7,3,2,1,15,16,17,18,0,21
5,6,7,3,2,1,15,16,17,18,0,21
5,6,7,3,2,1,15,16,17,18,0,21
5,6,7,3,2,1,15,16,17,18,0,21
5,6,7,3,2,1,15,16,17,18,0,21
5,6,7,3,2,1,15,16,17,18,0,21
5,6,7,3,2,1,15,16,17,18,0,21
5,6,7,3,2,1,15,16,17,18,0,21
5,6,7,3,2,1,15,16,17,18,0,21
5,6,7,3,2,1,15,16,17,18,0,21
5,6,7,3,2,1,15,16,17,18,0,21
5,6,7,3,2,1,15,16,17,18,0,21
5,4,3,7,8,10,12,88,13,15,17,18,19,20,21
5,4,3,7,8,10,12,88,13,15,17,18,19,20,21
5,4,3,7,8,10,12,88,13,15,17,18,19,20,21
5,4,3,7,8,10,12,88,13,15,17,18,19,20,21
5,4,3,7,8,10,12,88,13,15,17,18,19,20,21
5,4,3,7,8,10,12,88,13,15,17,18,19,20,21
5,4,3,7,8,10,12,88,13,15,17,18,19,20,21
5,4,3,7,8,10,12,88,13,15,17,18,19,20,21
5,4,3,7,8,10,12,88,13,15,17,18,19,20,21
5,4,3,7,8,10,12,88,13,15,17,18,19,20,21
5,4,3,7,8,10,12,88,13,15,17,18,19,20,21
5,4,3,7,8,10,12,88,13,15,17,18,19,20,21
5,4,3,7,8,10,12,88,13,15,17,18,19,20,21
5,4,3,7,8,10,12,88,13,15,17,18,19,20,21
5,4,3,7,8,10,12,88,13,15,17,18,19,20,21
5,4,3,7,8,10,12,88,13,15,17,18,19,20,21
5,4,3,7,8,10,12,88,13,15,17,18,19,20,21
5,4,3,7,8,10,12,88,13,15,17,18,19,20,21
5,4,3,7,8,10,12,88,13,15,17,18,19,20,21
5,4,3,7,8,10,12,88,13,15,17,18,19,20,21
5,4,3,7,8,10,12,88,13,15,17,18,19,20,21
5,4,3,7,8,10,12,88,13,15,17,18,19,20,21
5,4,3,7,8,10,12,88,13,15,17,18,19,20,21
5,4,3,7,8,10,12,88,13,15,17,18,19,20,21
5,4,3,7,8,10,12,88,13,15,17,18,19,20,21
5,4,3,7,8,10,12,88,13,15,17,18,19,20,21
5,4,3,7,8,10,12,88,13,15,17,18,19,20,21
5,4,3,7,8,10,12,88,13,15,17,18,19,20,21
5,4,3,7,8,10,12,88,13,15,17,18,19,20,21
5,4,3,7,8,10,12,88,13,15,17,18,19,20,21
5,4,3,7,8,10,12,88,13,15,17,18,19,20,21
5,4,3,7,8,10,12,88,13,15,17,18,19,20,21
5,4,3,7,8,10,12,88,13,15,17,18,19,20,21
5,4,3,7,8,10,12,88,13,15,17,18,19,20,21
5,4,3,7,8,10,12,88,13,15,17,18,19,20,21
5,4,3,7,8,10,12,88,13,15,17,18,19,20,21
5,4,3,7,8,10,12,88,13,15,17,18,19,20,21
5,4,3,7,8,10,12,88,13,15,17,18,19,20,21
5,4,3,7,8,10,12,88,13,15,17,18,19,20,21
5,4,3,7,8,10,12,88,13,15,17,18,19,20,21
5,4,3,7,8,10,12,88,13,15,17,18,19,20,21
5,4,3,7,8,10,12,88,13,15,17,18,19,20,21
5,4,3,7,8,10,12,88,13,15,17,18,19,20,21
5,4,3,7,8,10,12,88,13,15,17,18,19,20,21
5,4,3,7,8,10,12,88,13,15,17,18,19,20,21
5,4,3,7,8,10,12,88,13,15,17,18,19,20,21
5,4,3,7,8,10,12,88,13,15,17,18,19,20,21
5,4,3,7,8,10,12,88,13,15,17,18,19,20,21
5,4,3,7,8,10,12,88,13,15,17,18,19,20,21
5,4,3,7,8,10,12,88,13,15,17,18,19,20,21
5,4,3,7,8,10,12,88,13,15,17,18,19,20,21
5,4,3,7,8,10,12,88,13,15,17,18,19,20,21
5,4,3,7,8,10,12,88,13,15,17,18,19,20,21
5,4,3,7,8,10,12,88,13,15,17,18,19,20,21
5,4,3,7,8,10,12,88,13,15,17,18,19,20,21
5,4,3,7,8,10,12,88,13,15,17,18,19,20,21
5,4,3,7,8,10,12,88,13,15,17,18,19,20,21
5,4,3,7,8,10,12,88,13,15,17,18,19,20,21
5,4,3,7,8,10,12,88,13,15,17,18,19,20,21
5,4,3,7,8,10,12,88,13,15,17,18,19,20,21
5,4,3,7,8,10,12,88,13,15,17,18,19,20,21
5,4,3,7,8,10,12,88,13,15,17,18,19,20,21
5,4,3,7,8,10,12,88,13,15,17,18,19,20,21
5,4,3,7,8,10,12,88,13,15,17,18,19,20,21
5,4,3,7,8,10,12,88,13,15,17,18,19,20,21
5,4,3,7,8,10,12,88,13,15,17,18,19,20,21
5,4,3,7,8,10,12,88,13,15,17,18,19,20,21
5,4,3,7,8,10,12,88,13,15,17,18,19,20,21
5,4,3,7,8,10,12,88,13,15,17,18,19,20,21
5,4,3,7,8,10,12,88,13,15,17,18,19,20,21
5,4,3,7,8,10,12,88,13,15,17,18,19,20,21
5,4,3,7,8,10,12,88,13,15,17,18,19,20,21
5,4,3,7,8,10,12,88,13,15,17,18,19,20,21
5,4,3,7,8,10,12,88,13,15,17,18,19,20,21
5,4,3,7,8,10,12,88,13,15,17,18,19,20,21
5,4,3,7,8,10,12,88,13,15,17,18,19,20,21
5,4,3,7,8,10,12,88,13,15,17,18,19,20,21
5,4,3,7,8,10,12,88,13,15,17,18,19,20,21
5,4,3,7,8,10,12,88,13,15,17,18,19,20,21
5,4,3,7,8,10,12,88,13,15,17,18,19,20,21
5,4,3,7,8,10,12,88,13,15,17,18,19,20,21
5,4,3,7,8,10,12,88,13,15,17,18,19,20,21
5,4,3,7,8,10,12,88,13,15,17,18,19,20,21
5,4,3,7,8,10,12,88,13,15,17,18,19,20,21
5,4,3,7,8,10,12,88,13,15,17,18,19,20,21
5,4,3,7,8,10,12,88,13,15,17,18,19,20,21
5,4,3,7,8,10,12,88,13,15,17,18,19,20,21
5,4,3,7,8,10,12,88,13,15,17,18,19,20,21
5,4,3,7,8,10,12,88,13,15,17,18,19,20,21
5,4,3,7,8,10,12,88,13,15,17,18,19,20,21
5,4,3,7,8,10,12,88,13,15,17,18,19,20,21
5,4,3,7,8,10,12,88,13,15,17,18,19,20,21
5,4,3,7,8,10,12,88,13,15,17,18,19,20,21
5,4,3,7,8,10,12,88,13,15,17,18,19,20,21
5,4,3,7,8,10,12,88,13,15,17,18,19,20,21
5,4,3,7,8,10,12,88,13,15,17,18,19,20,21
5,4,3,7,8,10,12,88,13,15,17,18,19,20,21
5,4,3,7,8,10,12,88,13,15,17,18,19,20,21
5,4,3,7,8,10,12,88,13,15,17,18,19,20,21
5,4,3,7,8,10,12,88,13,15,17,18,19,20,21
5,4,3,7,8,10,12,88,13,15,17,18,19,20,21
5,4,3,7,8,10,12,88,13,15,17,18,19,20,21
5,4,3,7,8,10,12,88,13,15,17,18,19,20,21
5,4,3,7,8,10,12,88,13,15,17,18,19,20,21
5,4,3,7,8,10,12,88,13,15,17,18,19,20,21
5,4,3,7,8,10,12,88,13,15,17,18,19,20,21
5,4,3,7,8,10,12,88,13,15,17,18,19,20,21
5,4,3,7,8,10,12,88,13,15,17,18,19,20,21
5,4,3,7,8,10,12,88,13,15,17,18,19,20,21
5,4,3,7,8,10,12,88,13,15,17,18,19,20,21
5,4,3,7,8,10,12,88,13,15,17,18,19,20,21
5,4,3,7,8,10,12,88,13,15,17,18,19,20,21
5,4,3,7,8,10,12,88,13,15,17,18,19,20,21
5,4,3,7,8,10,12,88,13,15,17,18,19,20,21
5,4,3,7,8,10,12,88,13,15,17,18,19,20,21
5,4,3,7,8,10,12,88,13,15,17,18,19,20,21
5,4,3,7,8,10,12,88,13,15,17,18,19,20,21
5,4,3,7,8,10,12,88,13,15,17,18,19,20,21
5,4,3,7,8,10,12,88,13,15,17,18,19,20,21
5,4,3,7,8,10,12,88,13,15,17,18,19,20,21
5,4,3,7,8,10,12,88,13,15,17,18,19,20,21
5,4,3,7,8,10,12,88,13,15,17,18,19,20,21
5,4,3,7,8,10,12,88,13,15,17,18,19,20,21
5,4,3,7,8,10,12,88,13,15,17,18,19,20,21
5,4,3,7,8,10,12,88,13,15,17,18,19,20,21
5,4,3,7,8,10,12,88,13,15,17,18,19,20,21
5,4,3,7,8,10,12,88,13,15,17,18,19,20,21
5,4,3,7,8,10,12,88,13,15,17,18,19,20,21
5,4,3,7,8,10,12,88,13,15,17,18,19,20,21
5,4,3,7,8,10,12,88,13,15,17,18,19,20,21
5,4,3,7,8,10,12,88,13,15,17,18,19,20,21
5,4,3,7,8,10,12,88,13,15,17,18,19,20,21
5,4,3,7,8,10,12,88,13,15,17,18,19,20,21
5,4,3,7,8,10,12,88,13,15,17,18,19,20,21
5,4,3,7,8,10,12,88,13,15,17,18,19,20,21
5,4,3,7,8,10,12,88,13,15,17,18,19,20,21
5,4,3,7,8,10,12,88,13,15,17,18,19,20,21
5,4,3,7,8,10,12,88,13,15,17,18,19,20,21
5,4,3,7,8,10,12,88,13,15,17,18,19,20,21
5,4,3,7,8,10,12,88,13,15,17,18,19,20,21
5,4,3,7,8,10,12,88,13,15,17,18,19,20,21
5,4,3,7,8,10,12,88,13,15,17,18,19,20,21
5,4,3,7,8,10,12,88,13,15,17,18,19,20,21
5,4,3,7,8,10,12,88,13,15,17,18,19,20,21
5,4,3,7,8,10,12,88,13,15,17,18,19,20,21
5,4,3,7,8,10,12,88,13,15,17,18,19,20,21
5,4,3,7,8,10,12,88,13,15,17,18,19,20,21
5,4,3,7,8,10,12,88,13,15,17,18,19,20,21
5,4,3,7,8,10,12,88,13,15,17,18,19,20,21
5,4,3,7,8,10,12,88,13,15,17,18,19,20,21
5,4,3,7,8,10,12,88,13,15,17,18,19,20,21
5,4,3,7,8,10,12,88,13,15,17,18,19,20,21
5,4,3,7,8,10,12,88,13,15,17,18,19,20,21
5,4,3,7,8,10,12,88,13,15,17,18,19,20,21
5,4,3,7,8,10,12,88,13,15,17,18,19,20,21
5,4,3,7,8,10,12,88,13,15,17,18,19,20,21
5,4,3,7,8,10,12,88,13,15,17,18,19,20,21
5,4,3,7,8,10,12,88,13,15,17,18,19,20,21
5,4,3,7,8,10,12,88,13,15,17,18,19,20,21
5,4,3,7,8,10,12,88,13,15,17,18,19,20,21
5,4,3,7,8,10,12,88,13,15,17,18,19,20,21
5,4,3,7,8,10,12,88,13,15,17,18,19,20,21
5,4,3,7,8,10,12,88,13,15,17,18,19,20,21
5,4,3,7,8,10,12,88,13,15,17,18,19,20,21
5,4,3,7,8,10,12,88,13,15,17,18,19,20,21
5,4,3,7,8,10,12,88,13,15,17,18,19,20,21
5,4,3,7,8,10,12,88,13,15,17,18,19,20,21
5,4,3,7,8,10,12,88,13,15,17,18,19,20,21
5,4,3,7,8,10,12,88,13,15,17,18,19,20,21
5,4,3,7,8,10,12,88,13,15,17,18,19,20,21
5,4,3,7,8,10,12,88,13,15,17,18,19,20,21
5,4,3,7,8,10,12,88,13,15,17,18,19,20,21
5,4,3,7,8,10,12,88,13,15,17,18,19,20,21
5,4,3,7,8,10,12,88,13,15,17,18,19,20,21
5,4,3,7,8,10,12,88,13,15,17,18,19,20,21
5,4,3,7,8,10,12,88,13,15,17,18,19,20,21
5,4,3,7,8,10,12,88,13,15,17,18,19,20,21
5,4,3,7,8,10,12,88,13,15,17,18,19,20,21
5,4,3,7,8,10,12,88,13,15,17,18,19,20,21
5,4,3,7,8,10,12,88,13,15,17,18,19,20,21
5,4,3,7,8,10,12,88,13,15,17,18,19,20,21
5,4,3,7,8,10,12,88,13,15,17,18,19,20,21
5,4,3,7,8,10,12,88,13,15,17,18,19,20,21
5,4,3,7,8,10,12,88,13,15,17,18,19,20,21
5,4,3,7,8,10,12,88,13,15,17,18,19,20,21
5,4,3,7,8,10,12,88,13,15,17,18,19,20,21
5,4,3,7,8,10,12,88,13,15,17,18,19,20,21
5,4,3,7,8,10,12,88,13,15,17,18,19,20,21
5,4,3,7,8,10,12,88,13,15,17,18,19,20,21
5,4,3,7,8,10,12,88,13,15,17,18,19,20,21
5,4,3,7,8,10,12,88,13,15,17,18,19,20,21
5,4,3,7,8,10,12,88,13,15,17,18,19,20,21
5,4,3,7,8,10,12,88,13,15,17,18,19,20,21
5,4,3,7,8,10,12,88,13,15,17,18,19,20,21
5,4,3,7,8,10,12,88,13,15,17,18,19,20,21
5,4,3,7,8,10,12,88,13,15,17,18,19,20,21
5,4,3,7,8,10,12,88,13,15,17,18,19,20,21
5,4,3,7,8,10,12,88,13,15,17,18,19,20,21
5,4,3,7,8,10,12,88,13,15,17,18,19,20,21
5,4,3,7,8,10,12,88,13,15,17,18,19,20,21
5,4,3,7,8,10,12,88,13,15,17,18,19,20,21
5,4,3,7,8,10,12,88,13,15,17,18,19,20,21
5,4,3,7,8,10,12,88,13,15,17,18,19,20,21
5,4,3,7,8,10,12,88,13,15,17,18,19,20,21
5,4,3,7,8,10,12,88,13,15,17,18,19,20,21
5,4,3,7,8,10,12,88,13,15,17,18,19,20,21
5,4,3,7,8,10,12,88,13,15,17,18,19,20,21
5,4,3,7,8,10,12,88,13,15,17,18,19,20,21
5,4,3,7,8,10,12,88,13,15,17,18,19,20,21
5,4,3,7,8,10,12,88,13,15,17,18,19,20,21
5,4,3,7,8,10,12,88,13,15,17,18,19,20,21
5,4,3,7,8,10,12,88,13,15,17,18,19,20,21
5,4,3,7,8,10,12,88,13,15,17,18,19,20,21
5,4,3,7,8,10,12,88,13,15,17,18,19,20,21
5,4,3,7,8,10,12,88,13,15,17,18,19,20,21
5,4,3,7,8,10,12,88,13,15,17,18,19,20,21
5,4,3,7,8,10,12,88,13,15,17,18,19,20,21
5,4,3,7,8,10,12,88,13,15,17,18,19,20,21
5,4,3,7,8,10,12,88,13,15,17,18,19,20,21
5,4,3,7,8,10,12,88,13,15,17,18,19,20,21
5,4,3,7,8,10,12,88,13,15,17,18,19,20,21
5,4,3,7,8,10,12,88,13,15,17,18,19,20,21
5,4,3,7,8,10,12,88,13,15,17,18,19,20,21
5,4,3,7,8,10,12,88,13,15,17,18,19,20,21
5,4,3,7,8,10,12,88,13,15,17,18,19,20,21
5,4,3,7,8,10,12,88,13,15,17,18,19,20,21
5,4,3,7,8,10,12,88,13,15,17,18,19,20,21
5,4,3,7,8,10,12,88,13,15,17,18,19,20,21
5,4,3,7,8,10,12,88,13,15,17,18,19,20,21
5,4,3,7,8,10,12,88,13,15,17,18,19,20,21
5,4,3,7,8,10,12,88,13,15,17,18,19,20,21
5,4,3,7,8,10,12,88,13,15,17,18,19,20,21
5,4,3,7,8,10,12,88,13,15,17,18,19,20,21
5,4,3,7,8,10,12,88,13,15,17,18,19,20,21
5,4,3,7,8,10,12,88,13,15,17,18,19,20,21
5,4,3,7,8,10,12,88,13,15,17,18,19,20,21
5,4,3,7,8,10,12,88,13,15,17,18,19,20,21
5,4,3,7,8,10,12,88,13,15,17,18,19,20,21
5,4,3,7,8,10,12,88,13,15,17,18,19,20,21
5,4,3,7,8,10,12,88,13,15,17,18,19,20,21
5,4,3,7,8,10,12,88,13,15,17,18,19,20,21
5,4,3,7,8,10,12,88,13,15,17,18,19,20,21
5,4,3,7,8,10,12,88,13,15,17,18,19,20,21
5,4,3,7,8,10,12,88,13,15,17,18,19,20,21
5,4,3,7,8,10,12,88,13,15,17,18,19,20,21
5,4,3,7,8,10,12,88,13,15,17,18,19,20,21
5,4,3,7,8,10,12,88,13,15,17,18,19,20,21
5,4,3,7,8,10,12,88,13,15,17,18,19,20,21
5,4,3,7,8,10,12,88,13,15,17,18,19,20,21
5,4,3,7,8,10,12,88,13,15,17,18,19,20,21
5,4,3,7,8,10,12,88,13,15,17,18,19,20,21
5,4,3,7,8,10,12,88,13,15,17,18,19,20,21
5,4,3,7,8,10,12,88,13,15,17,18,19,20,21
5,4,3,7,8,10,12,88,13,15,17,18,19,20,21
5,4,3,7,8,10,12,88,13,15,17,18,19,20,21
5,4,3,7,8,10,12,88,13,15,17,18,19,20,21
5,4,3,7,8,10,2,1,15,17,18,19,20,21
5,4,3,7,8,10,2,1,15,17,18,19,20,21
5,4,3,7,8,10,2,1,15,17,18,19,20,21
5,4,3,7,8,10,2,1,15,17,18,19,20,21
5,4,3,7,8,10,2,1,15,17,18,19,20,21
5,4,3,7,8,10,2,1,15,17,18,19,20,21
5,4,3,7,8,10,2,1,15,17,18,19,20,21
5,4,3,7,8,10,2,1,15,17,18,19,20,21
5,4,3,7,8,10,2,1,15,17,18,19,20,21
5,4,3,7,8,10,2,1,15,17,18,19,20,21
5,4,3,7,8,10,2,1,15,17,18,19,20,21
5,4,3,7,8,10,2,1,15,17,18,19,20,21
5,4,3,7,8,10,2,1,15,17,18,19,20,21
5,4,3,7,8,10,2,1,15,17,18,19,20,21
5,4,3,7,8,10,2,1,15,17,18,19,20,21
5,4,3,7,8,10,2,1,15,17,18,19,20,21
5,4,3,7,8,10,2,1,15,17,18,19,20,21
5,4,3,7,8,10,2,1,15,17,18,19,20,21
5,4,3,7,8,10,2,1,15,17,18,19,20,21
5,4,3,7,8,10,2,1,15,17,18,19,20,21
5,4,3,7,8,10,2,1,15,17,18,19,20,21
5,4,3,7,8,10,2,1,15,17,18,19,20,21
5,4,3,7,8,10,2,1,15,17,18,19,20,21
5,4,3,7,8,10,2,1,15,17,18,19,20,21
5,4,3,7,8,10,2,1,15,17,18,19,20,21
5,4,3,7,8,10,2,1,15,17,18,19,20,21
5,4,3,7,8,10,2,1,15,17,18,19,20,21
5,4,3,7,8,10,2,1,15,17,18,19,20,21
5,4,3,7,8,10,2,1,15,17,18,19,20,21
5,4,3,7,8,10,2,1,15,17,18,19,20,21
5,4,3,7,8,10,2,1,15,17,18,19,20,21
5,4,3,7,8,10,2,1,15,17,18,19,20,21
5,4,3,7,8,10,2,1,15,17,18,19,20,21
5,4,3,7,8,10,2,1,15,17,18,19,20,21
5,4,3,7,8,10,2,1,15,17,18,19,20,21
5,4,3,7,8,10,2,1,15,17,18,19,20,21
5,4,3,7,8,10,2,1,15,17,18,19,20,21
5,4,3,7,8,10,2,1,15,17,18,19,20,21
5,4,3,7,8,10,2,1,15,17,18,19,20,21
5,4,3,7,8,10,2,1,15,17,18,19,20,21
5,4,3,7,8,10,2,1,15,17,18,19,20,21
5,4,3,7,8,10,2,1,15,17,18,19,20,21
5,4,3,7,8,10,2,1,15,17,18,19,20,21
5,4,3,7,8,10,2,1,15,17,18,19,20,21
5,4,3,7,8,10,2,1,15,17,18,19,20,21
5,4,3,7,8,10,2,1,15,17,18,19,20,21
5,4,3,7,8,10,2,1,15,17,18,19,20,21
5,4,3,7,8,10,2,1,15,17,18,19,20,21
5,4,3,7,8,10,2,1,15,17,18,19,20,21
5,4,3,7,8,10,2,1,15,17,18,19,20,21
5,4,3,7,8,10,2,1,15,17,18,19,20,21
5,4,3,7,8,10,2,1,15,17,18,19,20,21
5,4,3,7,8,10,2,1,15,17,18,19,20,21
5,4,3,7,8,10,2,1,15,17,18,19,20,21
5,4,3,7,8,10,2,1,15,17,18,19,20,21
5,4,3,7,8,10,2,1,15,17,18,19,20,21
5,4,3,7,8,10,2,1,15,17,18,19,20,21
5,4,3,7,8,10,2,1,15,17,18,19,20,21
5,4,3,7,8,10,2,1,15,17,18,19,20,21
5,4,3,7,8,10,2,1,15,17,18,19,20,21
5,4,3,7,8,10,2,1,15,17,18,19,20,21
5,4,3,7,8,10,2,1,15,17,18,19,20,21
5,4,3,7,8,10,2,1,15,17,18,19,20,21
5,4,3,7,8,10,2,1,15,17,18,19,20,21
5,4,3,7,8,10,2,1,15,17,18,19,20,21
5,4,3,7,8,10,2,1,15,17,18,19,20,21
5,4,3,7,8,10,2,1,15,17,18,19,20,21
5,4,3,7,8,10,2,1,15,17,18,19,20,21
5,4,3,7,8,10,2,1,15,17,18,19,20,21
5,4,3,7,8,10,2,1,15,17,18,19,20,21
5,4,3,7,8,10,2,1,15,17,18,19,20,21
5,4,3,7,8,10,2,1,15,17,18,19,20,21
5,4,3,7,8,10,2,1,15,17,18,19,20,21
5,4,3,7,8,10,2,1,15,17,18,19,20,21
5,4,3,7,8,10,2,1,15,17,18,19,20,21
5,4,3,7,8,10,2,1,15,17,18,19,20,21
5,4,3,7,8,10,2,1,15,17,18,19,20,21
5,4,3,7,8,10,2,1,15,17,18,19,20,21
5,4,3,7,8,10,2,1,15,17,18,19,20,21
5,4,3,7,8,10,2,1,15,17,18,19,20,21
5,4,3,7,8,10,2,1,15,17,18,19,20,21
5,4,3,7,8,10,2,1,15,17,18,19,20,21
5,4,3,7,8,10,2,1,15,17,18,19,20,21
5,4,3,7,8,10,2,1,15,17,18,19,20,21
5,4,3,7,8,10,2,1,15,17,18,19,20,21
5,4,3,7,8,10,2,1,15,17,18,19,20,21
5,4,3,7,8,10,2,1,15,17,18,19,20,21
5,4,3,7,8,10,2,1,15,17,18,19,20,21
5,4,3,7,8,10,2,1,15,17,18,19,20,21
5,4,3,7,8,10,2,1,15,17,18,19,20,21
5,4,3,7,8,10,2,1,15,17,18,19,20,21
5,4,3,7,8,10,2,1,15,17,18,19,20,21
5,4,3,7,8,10,2,1,15,17,18,19,20,21
5,4,3,7,8,10,2,1,15,17,18,19,20,21
5,4,3,7,8,10,2,1,15,17,18,19,20,21
5,4,3,7,8,10,2,1,15,17,18,19,20,21
5,4,3,7,8,10,2,1,15,17,18,19,20,21
5,4,3,7,8,10,2,1,15,17,18,19,20,21
5,4,3,7,8,10,2,1,15,17,18,19,20,21
5,4,3,7,8,10,2,1,15,17,18,19,20,21
5,4,3,7,8,10,2,1,15,17,18,19,20,21
5,4,3,7,8,10,2,1,15,17,18,19,20,21
5,4,3,7,8,10,2,1,15,17,18,19,20,21
5,4,3,7,8,10,2,1,15,17,18,19,20,21
5,4,3,7,8,10,2,1,15,17,18,19,20,21
5,4,3,7,8,10,2,1,15,17,18,19,20,21
5,4,3,7,8,10,2,1,15,17,18,19,20,21
5,4,3,7,8,10,2,1,15,17,18,19,20,21
5,4,3,7,8,10,2,1,15,17,18,19,20,21
5,4,3,7,8,10,2,1,15,17,18,19,20,21
5,4,3,7,8,10,2,1,15,17,18,19,20,21
5,4,3,7,8,10,2,1,15,17,18,19,20,21
5,4,3,7,8,10,2,1,15,17,18,19,20,21
5,4,3,7,8,10,2,1,15,17,18,19,20,21
5,4,3,7,8,10,2,1,15,17,18,19,20,21
5,4,3,7,8,10,2,1,15,17,18,19,20,21
5,4,3,7,8,10,2,1,15,17,18,19,20,21
5,4,3,7,8,10,2,1,15,17,18,19,20,21
5,4,3,7,8,10,2,1,15,17,18,19,20,21
5,4,3,7,8,10,2,1,15,17,18,19,20,21
5,4,3,7,8,10,2,1,15,17,18,19,20,21
5,4,3,7,8,10,2,1,15,17,18,19,20,21
5,4,3,7,8,10,2,1,15,17,18,19,20,21
5,4,3,7,8,10,2,1,15,17,18,19,20,21
5,4,3,7,8,10,2,1,15,17,18,19,20,21
5,4,3,7,8,10,2,1,15,17,18,19,20,21
5,4,3,7,8,10,2,1,15,17,18,19,20,21
5,4,3,7,8,10,2,1,15,17,18,19,20,21
5,4,3,7,8,10,12,88,13,15,17,18,0,21
5,4,3,7,8,10,12,88,13,15,17,18,0,21
5,4,3,7,8,10,12,88,13,15,17,18,0,21
5,4,3,7,8,10,12,88,13,15,17,18,0,21
5,4,3,7,8,10,12,88,13,15,17,18,0,21
5,4,3,7,8,10,12,88,13,15,17,18,0,21
5,4,3,7,8,10,12,88,13,15,17,18,0,21
5,4,3,7,8,10,12,88,13,15,17,18,0,21
5,4,3,7,8,10,12,88,13,15,17,18,0,21
5,4,3,7,8,10,12,88,13,15,17,18,0,21
5,4,3,7,8,10,12,88,13,15,17,18,0,21
5,4,3,7,8,10,12,88,13,15,17,18,0,21
5,4,3,7,8,10,12,88,13,15,17,18,0,21
5,4,3,7,8,10,12,88,13,15,17,18,0,21
5,4,3,7,8,10,12,88,13,15,17,18,0,21
5,4,3,7,8,10,12,88,13,15,17,18,0,21
5,4,3,7,8,10,12,88,13,15,17,18,0,21
5,4,3,7,8,10,12,88,13,15,17,18,0,21
5,4,3,7,8,10,12,88,13,15,17,18,0,21
5,4,3,7,8,10,12,88,13,15,17,18,0,21
5,4,3,7,8,10,12,88,13,15,17,18,0,21
5,4,3,7,8,10,12,88,13,15,17,18,0,21
5,4,3,7,8,10,12,88,13,15,17,18,0,21
5,4,3,7,8,10,12,88,13,15,17,18,0,21
5,4,3,7,8,10,12,88,13,15,17,18,0,21
5,4,3,7,8,10,12,88,13,15,17,18,0,21
5,4,3,7,8,10,12,88,13,15,17,18,0,21
5,4,3,7,8,10,12,88,13,15,17,18,0,21
5,4,3,7,8,10,12,88,13,15,17,18,0,21
5,4,3,7,8,10,12,88,13,15,17,18,0,21
5,4,3,7,8,10,12,88,13,15,17,18,0,21
5,4,3,7,8,10,12,88,13,15,17,18,0,21
5,4,3,7,8,10,12,88,13,15,17,18,0,21
5,4,3,7,8,10,12,88,13,15,17,18,0,21
5,4,3,7,8,10,12,88,13,15,17,18,0,21
5,4,3,7,8,10,12,88,13,15,17,18,0,21
5,4,3,7,8,10,12,88,13,15,17,18,0,21
5,4,3,7,8,10,12,88,13,15,17,18,0,21
5,4,3,7,8,10,12,88,13,15,17,18,0,21
5,4,3,7,8,10,12,88,13,15,17,18,0,21
5,4,3,7,8,10,12,88,13,15,17,18,0,21
5,4,3,7,8,10,12,88,13,15,17,18,0,21
5,4,3,7,8,10,12,88,13,15,17,18,0,21
5,4,3,7,8,10,12,88,13,15,17,18,0,21
5,4,3,7,8,10,12,88,13,15,17,18,0,21
5,4,3,7,8,10,12,88,13,15,17,18,0,21
5,4,3,7,8,10,12,88,13,15,17,18,0,21
5,4,3,7,8,10,12,88,13,15,17,18,0,21
5,4,3,7,8,10,12,88,13,15,17,18,0,21
5,4,3,7,8,10,12,88,13,15,17,18,0,21
5,4,3,7,8,10,12,88,13,15,17,18,0,21
5,4,3,7,8,10,12,88,13,15,17,18,0,21
5,4,3,7,8,10,12,88,13,15,17,18,0,21
5,4,3,7,8,10,12,88,13,15,17,18,0,21
5,4,3,7,8,10,12,88,13,15,17,18,0,21
5,4,3,7,8,10,12,88,13,15,17,18,0,21
5,4,3,7,8,10,12,88,13,15,17,18,0,21
5,4,3,7,8,10,12,88,13,15,17,18,0,21
5,4,3,7,8,10,12,88,13,15,17,18,0,21
5,4,3,7,8,10,12,88,13,15,17,18,0,21
5,4,3,7,8,10,12,88,13,15,17,18,0,21
5,4,3,7,8,10,12,88,13,15,17,18,0,21
5,4,3,7,8,10,12,88,13,15,17,18,0,21
5,4,3,7,8,10,12,88,13,15,17,18,0,21
5,4,3,7,8,10,12,88,13,15,17,18,0,21
5,4,3,7,8,10,12,88,13,15,17,18,0,21
5,4,3,7,8,10,12,88,13,15,17,18,0,21
5,4,3,7,8,10,12,88,13,15,17,18,0,21
5,4,3,7,8,10,12,88,13,15,17,18,0,21
5,4,3,7,8,10,12,88,13,15,17,18,0,21
5,4,3,7,8,10,12,88,13,15,17,18,0,21
5,4,3,7,8,10,12,88,13,15,17,18,0,21
5,4,3,7,8,10,12,88,13,15,17,18,0,21
5,4,3,7,8,10,12,88,13,15,17,18,0,21
5,4,3,7,8,10,12,88,13,15,17,18,0,21
5,4,3,7,8,10,12,88,13,15,17,18,0,21
5,4,3,7,8,10,12,88,13,15,17,18,0,21
5,4,3,7,8,10,12,88,13,15,17,18,0,21
5,4,3,7,8,10,12,88,13,15,17,18,0,21
5,4,3,7,8,10,12,88,13,15,17,18,0,21
5,4,3,7,8,10,12,88,13,15,17,18,0,21
5,4,3,7,8,10,12,88,13,15,17,18,0,21
5,4,3,7,8,10,12,88,13,15,17,18,0,21
5,4,3,7,8,10,12,88,13,15,17,18,0,21
5,4,3,7,8,10,12,88,13,15,17,18,0,21
5,4,3,7,8,10,12,88,13,15,17,18,0,21
5,4,3,7,8,10,12,88,13,15,17,18,0,21
5,4,3,7,8,10,12,88,13,15,17,18,0,21
5,4,3,7,8,10,12,88,13,15,17,18,0,21
5,4,3,7,8,10,12,88,13,15,17,18,0,21
5,4,3,7,8,10,12,88,13,15,17,18,0,21
5,4,3,7,8,10,12,88,13,15,17,18,0,21
5,4,3,7,8,10,12,88,13,15,17,18,0,21
5,4,3,7,8,10,12,88,13,15,17,18,0,21
5,4,3,7,8,10,12,88,13,15,17,18,0,21
5,4,3,7,8,10,12,88,13,15,17,18,0,21
5,4,3,7,8,10,12,88,13,15,17,18,0,21
5,4,3,7,8,10,12,88,13,15,17,18,0,21
5,4,3,7,8,10,12,88,13,15,17,18,0,21
5,4,3,7,8,10,12,88,13,15,17,18,0,21
5,4,3,7,8,10,12,88,13,15,17,18,0,21
5,4,3,7,8,10,12,88,13,15,17,18,0,21
5,4,3,7,8,10,12,88,13,15,17,18,0,21
5,4,3,7,8,10,12,88,13,15,17,18,0,21
5,4,3,7,8,10,12,88,13,15,17,18,0,21
5,4,3,7,8,10,12,88,13,15,17,18,0,21
5,4,3,7,8,10,12,88,13,15,17,18,0,21
5,4,3,7,8,10,12,88,13,15,17,18,0,21
5,4,3,7,8,10,12,88,13,15,17,18,0,21
5,4,3,7,8,10,12,88,13,15,17,18,0,21
5,4,3,7,8,10,12,88,13,15,17,18,0,21
5,4,3,7,8,10,12,88,13,15,17,18,0,21
5,4,3,7,8,10,12,88,13,15,17,18,0,21
5,4,3,7,8,10,12,88,13,15,17,18,0,21
5,4,3,7,8,10,12,88,13,15,17,18,0,21
5,4,3,7,8,10,12,88,13,15,17,18,0,21
5,4,3,7,8,10,12,88,13,15,17,18,0,21
5,4,3,7,8,10,12,88,13,15,17,18,0,21
5,4,3,7,8,10,12,88,13,15,17,18,0,21
5,4,3,7,8,10,12,88,13,15,17,18,0,21
5,4,3,7,8,10,12,88,13,15,17,18,0,21
5,4,3,7,8,10,12,88,13,15,17,18,0,21
5,4,3,7,8,10,12,88,13,15,17,18,0,21
5,4,3,7,8,10,12,88,13,15,17,18,0,21
5,4,3,7,8,10,12,88,13,15,17,18,0,21
5,4,3,7,8,10,12,88,13,15,17,18,0,21
5,4,3,7,8,10,12,88,13,15,17,18,0,21
5,4,3,7,8,10,12,88,13,15,17,18,0,21
5,4,3,7,8,10,12,88,13,15,17,18,0,21
5,4,3,7,8,10,12,88,13,15,17,18,0,21
5,4,3,7,8,10,12,88,13,15,17,18,0,21
5,4,3,7,8,10,12,88,13,15,17,18,0,21
5,4,3,7,8,10,12,88,13,15,17,18,0,21
5,4,3,7,8,10,12,88,13,15,17,18,0,21
5,4,3,7,8,10,12,88,13,15,17,18,0,21
5,4,3,7,8,10,12,88,13,15,17,18,0,21
5,4,3,7,8,10,12,88,13,15,17,18,0,21
5,4,3,7,8,10,12,88,13,15,17,18,0,21
5,4,3,7,8,10,12,88,13,15,17,18,0,21
5,4,3,7,8,10,12,88,13,15,17,18,0,21
5,4,3,7,8,10,12,88,13,15,17,18,0,21
5,4,3,7,8,10,12,88,13,15,17,18,0,21
5,4,3,7,8,10,12,88,13,15,17,18,0,21
5,4,3,7,8,10,12,88,13,15,17,18,0,21
5,4,3,7,8,10,12,88,13,15,17,18,0,21
5,4,3,7,8,10,12,88,13,15,17,18,0,21
5,4,3,7,8,10,12,88,13,15,17,18,0,21
5,4,3,7,8,10,12,88,13,15,17,18,0,21
5,4,3,7,8,10,12,88,13,15,17,18,0,21
5,4,3,7,8,10,12,88,13,15,17,18,0,21
5,4,3,7,8,10,12,88,13,15,17,18,0,21
5,4,3,7,8,10,12,88,13,15,17,18,0,21
5,4,3,7,8,10,12,88,13,15,17,18,0,21
5,4,3,7,8,10,12,88,13,15,17,18,0,21
5,4,3,7,8,10,12,88,13,15,17,18,0,21
5,4,3,7,8,10,12,88,13,15,17,18,0,21
5,4,3,7,8,10,12,88,13,15,17,18,0,21
5,4,3,7,8,10,12,88,13,15,17,18,0,21
5,4,3,7,8,10,12,88,13,15,17,18,0,21
5,4,3,7,8,10,12,88,13,15,17,18,0,21
5,4,3,7,8,10,12,88,13,15,17,18,0,21
5,4,3,7,8,10,12,88,13,15,17,18,0,21
5,4,3,7,8,10,12,88,13,15,17,18,0,21
5,4,3,7,8,10,12,88,13,15,17,18,0,21
5,4,3,7,8,10,12,88,13,15,17,18,0,21
5,4,3,7,8,10,12,88,13,15,17,18,0,21
5,4,3,7,8,10,12,88,13,15,17,18,0,21
5,4,3,7,8,10,12,88,13,15,17,18,0,21
5,4,3,7,8,10,12,88,13,15,17,18,0,21
5,4,3,7,8,10,12,88,13,15,17,18,0,21
5,4,3,7,8,10,12,88,13,15,17,18,0,21
5,4,3,7,8,10,12,88,13,15,17,18,0,21
5,4,3,7,8,10,12,88,13,15,17,18,0,21
5,4,3,7,8,10,12,88,13,15,17,18,0,21
5,4,3,7,8,10,12,88,13,15,17,18,0,21
5,4,3,7,8,10,12,88,13,15,17,18,0,21
5,4,3,7,8,10,12,88,13,15,17,18,0,21
5,4,3,7,8,10,12,88,13,15,17,18,0,21
5,4,3,7,8,10,12,88,13,15,17,18,0,21
5,4,3,7,8,10,12,88,13,15,17,18,0,21
5,4,3,7,8,10,12,88,13,15,17,18,0,21
5,4,3,7,8,10,12,88,13,15,17,18,0,21
5,4,3,7,8,10,12,88,13,15,17,18,0,21
5,4,3,7,8,10,12,88,13,15,17,18,0,21
5,4,3,7,8,10,12,88,13,15,17,18,0,21
5,4,3,7,8,10,12,88,13,15,17,18,0,21
5,4,3,7,8,10,12,88,13,15,17,18,0,21
5,4,3,7,8,10,12,88,13,15,17,18,0,21
5,4,3,7,8,10,12,88,13,15,17,18,0,21
5,4,3,7,8,10,12,88,13,15,17,18,0,21
5,4,3,7,8,10,12,88,13,15,17,18,0,21
5,4,3,7,8,10,12,88,13,15,17,18,0,21
5,4,3,7,8,10,12,88,13,15,17,18,0,21
5,4,3,7,8,10,12,88,13,15,17,18,0,21
5,4,3,7,8,10,12,88,13,15,17,18,0,21
5,4,3,7,8,10,12,88,13,15,17,18,0,21
5,4,3,7,8,10,12,88,13,15,17,18,0,21
5,4,3,7,8,10,12,88,13,15,17,18,0,21
5,4,3,7,8,10,12,88,13,15,17,18,0,21
5,4,3,7,8,10,12,88,13,15,17,18,0,21
5,4,3,7,8,10,12,88,13,15,17,18,0,21
5,4,3,7,8,10,12,88,13,15,17,18,0,21
5,4,3,7,8,10,12,88,13,15,17,18,0,21
5,4,3,7,8,10,12,88,13,15,17,18,0,21
5,4,3,7,8,10,12,88,13,15,17,18,0,21
5,4,3,7,8,10,12,88,13,15,17,18,0,21
5,4,3,7,8,10,12,88,13,15,17,18,0,21
5,4,3,7,8,10,12,88,13,15,17,18,0,21
5,4,3,7,8,10,12,88,13,15,17,18,0,21
5,4,3,7,8,10,12,88,13,15,17,18,0,21
5,4,3,7,8,10,12,88,13,15,17,18,0,21
5,4,3,7,8,10,12,88,13,15,17,18,0,21
5,4,3,7,8,10,12,88,13,15,17,18,0,21
5,4,3,7,8,10,12,88,13,15,17,18,0,21
5,4,3,7,8,10,12,88,13,15,17,18,0,21
5,4,3,7,8,10,12,88,13,15,17,18,0,21
5,4,3,7,8,10,12,88,13,15,17,18,0,21
5,4,3,7,8,10,12,88,13,15,17,18,0,21
5,4,3,7,8,10,12,88,13,15,17,18,0,21
5,4,3,7,8,10,12,88,13,15,17,18,0,21
5,4,3,7,8,10,12,88,13,15,17,18,0,21
5,4,3,7,8,10,12,88,13,15,17,18,0,21
5,4,3,7,8,10,12,88,13,15,17,18,0,21
5,4,3,7,8,10,12,88,13,15,17,18,0,21
5,4,3,7,8,10,12,88,13,15,17,18,0,21
5,4,3,7,8,10,12,88,13,15,17,18,0,21
5,4,3,7,8,10,12,88,13,15,17,18,0,21
5,4,3,7,8,10,12,88,13,15,17,18,0,21
5,4,3,7,8,10,12,88,13,15,17,18,0,21
5,4,3,7,8,10,12,88,13,15,17,18,0,21
5,4,3,7,8,10,12,88,13,15,17,18,0,21
5,4,3,7,8,10,12,88,13,15,17,18,0,21
5,4,3,7,8,10,12,88,13,15,17,18,0,21
5,4,3,7,8,10,12,88,13,15,17,18,0,21
5,4,3,7,8,10,12,88,13,15,17,18,0,21
5,4,3,7,8,10,12,88,13,15,17,18,0,21
5,4,3,7,8,10,12,88,13,15,17,18,0,21
5,4,3,7,8,10,12,88,13,15,17,18,0,21
5,4,3,7,8,10,12,88,13,15,17,18,0,21
5,4,3,7,8,10,12,88,13,15,17,18,0,21
5,4,3,7,8,10,12,88,13,15,17,18,0,21
5,4,3,7,8,10,12,88,13,15,17,18,0,21
5,4,3,7,8,10,12,88,13,15,17,18,0,21
5,4,3,7,8,10,12,88,13,15,17,18,0,21
5,4,3,7,8,10,12,88,13,15,17,18,0,21
5,4,3,7,8,10,12,88,13,15,17,18,0,21
5,4,3,7,8,10,12,88,13,15,17,18,0,21
5,4,3,7,8,10,12,88,13,15,17,18,0,21
5,4,3,7,8,10,12,88,13,15,17,18,0,21
5,4,3,7,8,10,12,88,13,15,17,18,0,21
5,4,3,7,8,10,12,88,13,15,17,18,0,21
5,4,3,7,8,10,12,88,13,15,17,18,0,21
5,4,3,7,8,10,12,88,13,15,17,18,0,21
5,4,3,7,8,10,12,88,13,15,17,18,0,21
5,4,3,7,8,10,12,88,13,15,17,18,0,21
5,4,3,7,8,10,12,88,13,15,17,18,0,21
5,4,3,7,8,10,12,88,13,15,1,0,21
5,4,3,7,8,10,12,88,13,15,1,0,21
5,4,3,7,8,10,12,88,13,15,1,0,21
5,4,3,7,8,10,12,88,13,15,1,0,21
5,4,3,7,8,10,12,88,13,15,1,0,21
5,4,3,7,8,10,12,88,13,15,1,0,21
5,4,3,7,8,10,12,88,13,15,1,0,21
5,4,3,7,8,10,12,88,13,15,1,0,21
5,4,3,7,8,10,12,88,13,15,1,0,21
5,4,3,7,8,10,12,88,13,15,1,0,21
5,4,3,7,8,10,12,88,13,15,1,0,21
5,4,3,7,8,10,12,88,13,15,1,0,21
5,4,3,7,8,10,12,88,13,15,1,0,21
5,4,3,7,8,10,12,88,13,15,1,0,21
5,4,3,7,8,10,12,88,13,15,1,0,21
5,4,3,7,8,10,12,88,13,15,1,0,21
5,4,3,7,8,10,12,88,13,15,1,0,21
5,4,3,7,8,10,12,88,13,15,1,0,21
5,4,3,7,8,10,12,88,13,15,1,0,21
5,4,3,7,8,10,12,88,13,15,1,0,21
5,4,3,7,8,10,12,88,13,15,1,0,21
5,4,3,7,8,10,12,88,13,15,1,0,21
5,4,3,7,8,10,12,88,13,15,1,0,21
5,4,3,7,8,10,12,88,13,15,1,0,21
5,4,3,7,8,10,12,88,13,15,1,0,21
5,4,3,7,8,10,12,88,13,15,1,0,21
5,4,3,7,8,10,12,88,13,15,1,0,21
5,4,3,7,8,10,12,88,13,15,1,0,21
5,4,3,7,8,10,12,88,13,15,1,0,21
5,4,3,7,8,10,12,88,13,15,1,0,21
5,4,3,7,8,10,12,88,13,15,1,0,21
5,4,3,7,8,10,12,88,13,15,1,0,21
5,4,3,7,8,10,12,88,13,15,1,0,21
5,4,3,7,8,10,12,88,13,15,1,0,21
5,4,3,7,8,10,12,88,13,15,1,0,21
5,4,3,7,8,10,12,88,13,15,1,0,21
5,4,3,7,8,10,12,88,13,15,1,0,21
5,4,3,7,8,10,12,88,13,15,1,0,21
5,4,3,7,8,10,12,88,13,15,1,0,21
5,4,3,7,8,10,12,88,13,15,1,0,21
5,4,3,7,8,10,12,88,13,15,1,0,21
5,4,3,7,8,10,12,88,13,15,1,0,21
5,4,3,7,8,10,12,88,13,15,1,0,21
5,4,3,7,8,10,12,88,13,15,1,0,21
5,4,3,7,8,10,12,88,13,15,1,0,21
5,4,3,7,8,10,12,88,13,15,1,0,21
5,4,3,7,8,10,12,88,13,15,1,0,21
5,4,3,7,8,10,12,88,13,15,1,0,21
5,4,3,7,8,10,12,88,13,15,1,0,21
5,4,3,7,8,10,12,88,13,15,1,0,21
5,4,3,7,8,10,12,88,13,15,1,0,21
5,4,3,7,8,10,12,88,13,15,1,0,21
5,4,3,7,8,10,12,88,13,15,1,0,21
5,4,3,7,8,10,12,88,13,15,1,0,21
5,4,3,7,8,10,12,88,13,15,1,0,21
5,4,3,7,8,10,12,88,13,15,1,0,21
5,4,3,7,8,10,12,88,13,15,1,0,21
5,4,3,7,8,10,12,88,13,15,1,0,21
5,4,3,7,8,10,12,88,13,15,1,0,21
5,4,3,7,8,10,12,88,13,15,1,0,21
5,4,3,7,8,10,12,88,13,15,1,0,21
5,4,3,7,8,10,12,88,13,15,1,0,21
5,4,3,7,8,10,12,88,13,15,1,0,21
5,4,3,7,8,10,12,88,13,15,1,0,21
5,4,3,7,8,10,12,88,13,15,1,0,21
5,4,3,7,8,10,12,88,13,15,1,0,21
5,4,3,7,8,10,12,88,13,15,1,0,21
5,4,3,7,8,10,12,88,13,15,1,0,21
5,4,3,7,8,10,12,88,13,15,1,0,21
5,4,3,7,8,10,12,88,13,15,1,0,21
5,4,3,7,8,10,12,88,13,15,1,0,21
5,4,3,7,8,10,12,88,13,15,1,0,21
5,4,3,7,8,10,12,88,13,15,1,0,21
5,4,3,7,8,10,12,88,13,15,1,0,21
5,4,3,7,8,10,12,88,13,15,1,0,21
5,4,3,7,8,10,12,88,13,15,1,0,21
5,4,3,7,8,10,12,88,13,15,1,0,21
5,4,3,7,8,10,12,88,13,15,1,0,21
5,4,3,7,8,10,12,88,13,15,1,0,21
5,4,3,7,8,10,12,88,13,15,1,0,21
5,4,3,7,8,10,12,88,13,15,1,0,21
5,4,3,7,8,10,12,88,13,15,1,0,21
5,4,3,7,8,10,12,88,13,15,1,0,21
5,4,3,7,8,10,12,88,13,15,1,0,21
5,4,3,7,8,10,12,88,13,15,1,0,21
5,4,3,7,8,10,12,88,13,15,1,0,21
5,4,3,7,8,10,12,88,13,15,1,0,21
5,4,3,7,8,10,12,88,13,15,1,0,21
5,4,3,7,8,10,12,88,13,15,1,0,21
5,4,3,7,8,10,12,88,13,15,1,0,21
5,4,3,7,8,10,12,88,13,15,1,0,21
5,4,3,7,8,10,12,88,13,15,1,0,21
5,4,3,7,8,10,12,88,13,15,1,0,21
5,4,3,7,8,10,12,88,13,15,1,0,21
5,4,3,7,8,10,12,88,13,15,1,0,21
5,4,3,7,8,10,12,88,13,15,1,0,21
5,4,3,7,8,10,12,88,13,15,1,0,21
5,4,3,7,8,10,12,88,13,15,1,0,21
5,4,3,7,8,10,12,88,13,15,1,0,21
5,4,3,7,8,10,12,88,13,15,1,0,21
5,4,3,7,8,10,12,88,13,15,1,0,21
5,4,3,7,8,10,12,88,13,15,1,0,21
5,4,3,7,8,10,12,88,13,15,1,0,21
5,4,3,7,8,10,12,88,13,15,1,0,21
5,4,3,7,8,10,12,88,13,15,1,0,21
5,4,3,7,8,10,12,88,13,15,1,0,21
5,4,3,7,8,10,12,88,13,15,1,0,21
5,4,3,7,8,10,12,88,13,15,1,0,21
5,4,3,7,8,10,12,88,13,15,1,0,21
5,4,3,7,8,10,12,88,13,15,1,0,21
5,4,3,7,8,10,12,88,13,15,1,0,21
5,4,3,7,8,10,12,88,13,15,1,0,21
5,4,3,7,8,10,12,88,13,15,1,0,21
5,4,3,7,8,10,12,88,13,15,1,0,21
5,4,3,7,8,10,12,88,13,15,1,0,21
5,4,3,7,8,10,12,88,13,15,1,0,21
5,4,3,7,8,10,12,88,13,15,1,0,21
5,4,3,7,8,10,12,88,13,15,1,0,21
5,4,3,7,8,10,12,88,13,15,1,0,21
5,4,3,7,8,10,12,88,13,15,1,0,21
5,4,3,7,8,10,12,88,13,15,1,0,21
5,4,3,7,8,10,12,88,13,15,1,0,21
5,4,3,7,8,10,12,88,13,15,1,0,21
5,4,3,7,8,10,12,88,13,15,1,0,21
5,4,3,7,8,10,12,88,13,15,1,0,21
5,4,3,7,8,10,12,88,13,15,1,0,21
5,4,3,7,8,10,12,88,13,15,1,0,21
5,4,3,7,8,10,12,88,13,15,1,0,21
5,4,3,7,8,10,12,88,13,15,1,0,21
5,4,3,7,8,10,12,88,13,15,1,0,21
5,4,3,7,8,10,12,88,13,15,1,0,21
5,4,3,7,8,10,12,88,13,15,1,0,21
5,4,3,7,8,10,12,88,13,15,1,0,21
5,4,3,7,8,10,12,88,13,15,1,0,21
5,4,3,7,8,10,12,88,13,15,1,0,21
5,4,3,7,8,10,12,88,13,15,1,0,21
5,4,3,7,8,10,12,88,13,15,1,0,21
5,4,3,7,8,10,12,88,13,15,1,0,21
5,4,3,7,8,10,12,88,13,15,1,0,21
5,4,3,7,8,10,12,88,13,15,1,0,21
5,4,3,7,8,10,12,88,13,15,1,0,21
5,4,3,7,8,10,12,88,13,15,1,0,21
5,4,3,7,8,10,12,88,13,15,1,0,21
5,4,3,7,8,10,12,88,13,15,1,0,21
5,4,3,7,8,10,12,88,13,15,1,0,21
5,4,3,7,8,10,12,88,13,15,1,0,21
5,4,3,7,8,10,12,88,13,15,1,0,21
5,4,3,7,8,10,12,88,13,15,1,0,21
5,4,3,7,8,10,12,88,13,15,1,0,21
5,4,3,7,8,10,12,88,13,15,1,0,21
5,4,3,7,8,10,12,88,13,15,1,0,21
5,4,3,7,8,10,12,88,13,15,1,0,21
5,4,3,7,8,10,12,88,13,15,1,0,21
5,4,3,7,8,10,12,88,13,15,1,0,21
5,4,3,7,8,10,12,88,13,15,1,0,21
5,4,3,7,8,10,12,88,13,15,1,0,21
5,4,3,7,8,10,12,88,13,15,1,0,21
5,4,3,7,8,10,12,88,13,15,1,0,21
5,4,3,7,8,10,12,88,13,15,1,0,21
5,4,3,7,8,10,12,88,13,15,1,0,21
5,4,3,7,8,10,12,88,13,15,1,0,21
5,4,3,7,8,10,12,88,13,15,1,0,21
5,4,3,7,8,10,12,88,13,15,1,0,21
5,4,3,7,8,10,12,88,13,15,1,0,21
5,4,3,7,8,10,12,88,13,15,1,0,21
5,4,3,7,8,10,12,88,13,15,1,0,21
5,4,3,7,8,10,12,88,13,15,1,0,21
5,4,3,7,8,10,12,88,13,15,1,0,21
5,4,3,7,8,10,12,88,13,15,1,0,21
5,4,3,7,8,10,12,88,13,15,1,0,21
5,4,3,7,8,10,12,88,13,15,1,0,21
5,4,3,7,8,10,12,88,13,15,1,0,21
5,4,3,7,8,10,12,88,13,15,1,0,21
5,4,3,7,8,10,12,88,13,15,1,0,21
5,4,3,7,8,10,12,88,13,15,1,0,21
5,4,3,7,8,10,12,88,13,15,1,0,21
5,4,3,7,8,10,12,88,13,15,1,0,21
5,4,3,7,8,10,12,88,13,15,1,0,21
5,4,3,7,8,10,12,88,13,15,1,0,21
5,4,3,7,8,10,12,88,13,15,1,0,21
5,4,3,7,8,10,12,88,13,15,1,0,21
5,4,3,7,8,10,12,88,13,15,1,0,21
5,4,3,7,8,10,12,88,13,15,1,0,21
5,4,3,7,8,10,12,88,13,15,1,0,21
5,4,3,7,8,10,12,88,13,15,1,0,21
5,4,3,7,8,10,12,88,13,15,1,0,21
5,4,3,7,8,10,12,88,13,15,1,0,21
5,4,3,7,8,10,12,88,13,15,1,0,21
5,4,3,7,8,10,12,88,13,15,1,0,21
5,4,3,7,8,10,12,88,13,15,1,0,21
5,4,3,7,8,10,12,88,13,15,1,0,21
5,4,3,7,8,10,12,88,13,15,1,0,21
5,4,3,7,8,10,12,88,13,15,1,0,21
5,4,3,7,8,10,12,88,13,15,1,0,21
5,4,3,7,8,10,12,88,13,15,1,0,21
5,4,3,7,8,10,12,88,13,15,1,0,21
5,4,3,7,8,10,12,88,13,15,1,0,21
5,4,3,7,8,10,12,88,13,15,1,0,21
5,4,3,7,8,10,12,88,13,15,1,0,21
5,4,3,7,8,10,12,88,13,15,1,0,21
5,4,3,7,8,10,12,88,13,15,1,0,21
5,4,3,7,8,10,12,88,13,15,1,0,21
5,4,3,7,8,10,12,88,13,15,1,0,21
5,4,3,7,8,10,12,88,13,15,1,0,21
5,4,3,7,8,10,12,88,13,15,1,0,21
5,4,3,7,8,10,12,88,13,15,1,0,21
5,4,3,7,8,10,12,88,13,15,1,0,21
5,4,3,7,8,10,12,88,13,15,1,0,21
5,4,3,7,8,10,12,88,13,15,1,0,21
5,4,3,7,8,10,12,88,13,15,1,0,21
5,4,3,7,8,10,12,88,13,15,1,0,21
5,4,3,7,8,10,12,88,13,15,1,0,21
5,4,3,7,8,10,12,88,13,15,1,0,21
5,4,3,7,8,10,12,88,13,15,1,0,21
5,4,3,7,8,10,12,88,13,15,1,0,21
5,4,3,7,8,10,12,88,13,15,1,0,21
5,4,3,7,8,10,12,88,13,15,1,0,21
5,4,3,7,8,10,12,88,13,15,1,0,21
5,4,3,7,8,10,12,88,13,15,1,0,21
5,4,3,7,8,10,12,88,13,15,1,0,21
5,4,3,7,8,10,12,88,13,15,1,0,21
5,4,3,7,8,10,12,88,13,15,1,0,21
5,4,3,7,8,10,12,88,13,15,1,0,21
5,4,3,7,8,10,12,88,13,15,1,0,21
5,4,3,7,8,10,12,88,13,15,1,0,21
5,4,3,7,8,10,12,88,13,15,1,0,21
5,4,3,7,8,10,12,88,13,15,1,0,21
5,4,3,7,8,10,12,88,13,15,1,0,21
5,4,3,7,8,10,12,88,13,15,1,0,21
5,4,3,7,8,10,12,88,13,15,1,0,21
5,4,3,7,8,10,12,88,13,15,1,0,21
5,4,3,7,8,10,12,88,13,15,1,0,21
5,4,3,7,8,10,12,88,13,15,1,0,21
5,4,3,7,8,10,12,88,13,15,1,0,21
5,4,3,7,8,10,12,88,13,15,1,0,21
5,4,3,7,8,10,12,88,13,15,1,0,21
5,4,3,7,8,10,12,88,13,15,1,0,21
5,4,3,7,8,10,12,88,13,15,1,0,21
5,4,3,7,8,10,12,88,13,15,1,0,21
5,4,3,7,8,10,12,88,13,15,1,0,21
5,4,3,7,8,10,12,88,13,15,1,0,21
5,4,3,7,8,10,12,88,13,15,1,0,21
5,4,3,7,8,10,12,88,13,15,1,0,21
5,4,3,7,8,10,12,88,13,15,1,0,21
5,4,3,7,8,10,12,88,13,15,1,0,21
5,4,3,7,8,10,12,88,13,15,1,0,21
5,4,3,7,8,10,12,88,13,15,1,0,21
5,4,3,7,8,10,12,88,13,15,1,0,21
5,4,3,7,8,10,12,88,13,15,1,0,21
5,4,3,7,8,10,12,88,13,15,1,0,21
5,4,3,7,8,10,12,88,13,15,1,0,21
5,4,3,7,8,10,12,88,13,15,1,0,21
5,4,3,7,8,10,12,88,13,15,1,0,21
5,4,3,7,8,10,12,88,13,15,1,0,21
5,4,3,7,8,10,12,88,13,15,1,0,21
5,4,3,7,8,10,12,88,13,15,1,0,21
5,4,3,2,10,12,88,13,15,17,18,19,20,21
5,4,3,2,10,12,88,13,15,17,18,19,20,21
5,4,3,2,10,12,88,13,15,17,18,19,20,21
5,4,3,2,10,12,88,13,15,17,18,19,20,21
5,4,3,2,10,12,88,13,15,17,18,19,20,21
5,4,3,2,10,12,88,13,15,17,18,19,20,21
5,4,3,2,10,12,88,13,15,17,18,19,20,21
5,4,3,2,10,12,88,13,15,17,18,19,20,21
5,4,3,2,10,12,88,13,15,17,18,19,20,21
5,4,3,2,10,12,88,13,15,17,18,19,20,21
5,4,3,2,10,12,88,13,15,17,18,19,20,21
5,4,3,2,10,12,88,13,15,17,18,19,20,21
5,4,3,2,10,12,88,13,15,17,18,19,20,21
5,4,3,2,10,12,88,13,15,17,18,19,20,21
5,4,3,2,10,12,88,13,15,17,18,19,20,21
5,4,3,2,10,12,88,13,15,17,18,19,20,21
5,4,3,2,10,12,88,13,15,17,18,19,20,21
5,4,3,2,10,12,88,13,15,17,18,19,20,21
5,4,3,2,10,12,88,13,15,17,18,19,20,21
5,4,3,2,10,12,88,13,15,17,18,19,20,21
5,4,3,2,10,12,88,13,15,17,18,19,20,21
5,4,3,2,10,12,88,13,15,17,18,19,20,21
5,4,3,2,10,12,88,13,15,17,18,19,20,21
5,4,3,2,10,12,88,13,15,17,18,19,20,21
5,4,3,2,10,12,88,13,15,17,18,19,20,21
5,4,3,2,10,12,88,13,15,17,18,19,20,21
5,4,3,2,10,12,88,13,15,17,18,19,20,21
5,4,3,2,10,12,88,13,15,17,18,19,20,21
5,4,3,2,10,12,88,13,15,17,18,19,20,21
5,4,3,2,10,12,88,13,15,17,18,19,20,21
5,4,3,2,10,12,88,13,15,17,18,19,20,21
5,4,3,2,10,12,88,13,15,17,18,19,20,21
5,4,3,2,10,12,88,13,15,17,18,19,20,21
5,4,3,2,10,12,88,13,15,17,18,19,20,21
5,4,3,2,10,12,88,13,15,17,18,19,20,21
5,4,3,2,10,12,88,13,15,17,18,19,20,21
5,4,3,2,10,12,88,13,15,17,18,19,20,21
5,4,3,2,10,12,88,13,15,17,18,19,20,21
5,4,3,2,10,12,88,13,15,17,18,19,20,21
5,4,3,2,10,12,88,13,15,17,18,19,20,21
5,4,3,2,10,12,88,13,15,17,18,19,20,21
5,4,3,2,10,12,88,13,15,17,18,19,20,21
5,4,3,2,10,12,88,13,15,17,18,19,20,21
5,4,3,2,10,12,88,13,15,17,18,19,20,21
5,4,3,2,10,12,88,13,15,17,18,19,20,21
5,4,3,2,10,12,88,13,15,17,18,19,20,21
5,4,3,2,10,12,88,13,15,17,18,19,20,21
5,4,3,2,10,12,88,13,15,17,18,19,20,21
5,4,3,2,10,12,88,13,15,17,18,19,20,21
5,4,3,2,10,12,88,13,15,17,18,19,20,21
5,4,3,2,10,12,88,13,15,17,18,19,20,21
5,4,3,2,10,12,88,13,15,17,18,19,20,21
5,4,3,2,10,12,88,13,15,17,18,19,20,21
5,4,3,2,10,12,88,13,15,17,18,19,20,21
5,4,3,2,10,12,88,13,15,17,18,19,20,21
5,4,3,2,10,12,88,13,15,17,18,19,20,21
5,4,3,2,10,12,88,13,15,17,18,19,20,21
5,4,3,2,10,12,88,13,15,17,18,19,20,21
5,4,3,2,10,12,88,13,15,17,18,19,20,21
5,4,3,2,10,12,88,13,15,17,18,19,20,21
5,4,3,2,10,12,88,13,15,17,18,19,20,21
5,4,3,2,10,12,88,13,15,17,18,19,20,21
5,4,3,2,10,12,88,13,15,17,18,19,20,21
5,4,3,2,10,12,88,13,15,17,18,19,20,21
5,4,3,2,10,12,88,13,15,17,18,19,20,21
5,4,3,2,10,12,88,13,15,17,18,19,20,21
5,4,3,2,10,12,88,13,15,17,18,19,20,21
5,4,3,2,10,12,88,13,15,17,18,19,20,21
5,4,3,2,10,12,88,13,15,17,18,19,20,21
5,4,3,2,10,12,88,13,15,17,18,19,20,21
5,4,3,2,10,12,88,13,15,17,18,19,20,21
5,4,3,2,10,12,88,13,15,17,18,19,20,21
5,4,3,2,10,12,88,13,15,17,18,19,20,21
5,4,3,2,10,12,88,13,15,17,18,19,20,21
5,4,3,2,10,12,88,13,15,17,18,19,20,21
5,4,3,2,10,12,88,13,15,17,18,19,20,21
5,4,3,2,10,12,88,13,15,17,18,19,20,21
5,4,3,2,10,12,88,13,15,17,18,19,20,21
5,4,3,2,10,12,88,13,15,17,18,19,20,21
5,4,3,2,10,12,88,13,15,17,18,19,20,21
5,4,3,2,10,12,88,13,15,17,18,19,20,21
5,4,3,2,10,12,88,13,15,17,18,19,20,21
5,4,3,2,10,12,88,13,15,17,18,19,20,21
5,4,3,2,10,12,88,13,15,17,18,19,20,21
5,4,3,2,10,12,88,13,15,17,18,19,20,21
5,4,3,2,10,12,88,13,15,17,18,19,20,21
5,4,3,2,10,12,88,13,15,17,18,19,20,21
5,4,3,2,10,12,88,13,15,17,18,19,20,21
5,4,3,2,10,12,88,13,15,17,18,19,20,21
5,4,3,2,10,12,88,13,15,17,18,19,20,21
5,4,3,2,10,12,88,13,15,17,18,19,20,21
5,4,3,2,10,12,88,13,15,17,18,19,20,21
5,4,3,2,10,12,88,13,15,17,18,19,20,21
5,4,3,2,10,12,88,13,15,17,18,19,20,21
5,4,3,2,10,12,88,13,15,17,18,19,20,21
5,4,3,2,10,12,88,13,15,17,18,19,20,21
5,4,3,2,10,12,88,13,15,17,18,19,20,21
5,4,3,2,10,12,88,13,15,17,18,19,20,21
5,4,3,2,10,12,88,13,15,17,18,19,20,21
5,4,3,2,10,12,88,13,15,17,18,19,20,21
5,4,3,2,10,12,88,13,15,17,18,19,20,21
5,4,3,2,10,12,88,13,15,17,18,19,20,21
5,4,3,2,10,12,88,13,15,17,18,19,20,21
5,4,3,2,10,12,88,13,15,17,18,19,20,21
5,4,3,2,10,12,88,13,15,17,18,19,20,21
5,4,3,2,10,12,88,13,15,17,18,19,20,21
5,4,3,2,10,12,88,13,15,17,18,19,20,21
5,4,3,2,10,12,88,13,15,17,18,19,20,21
5,4,3,2,10,12,88,13,15,17,18,19,20,21
5,4,3,2,10,12,88,13,15,17,18,19,20,21
5,4,3,2,10,12,88,13,15,17,18,19,20,21
5,4,3,2,10,12,88,13,15,17,18,19,20,21
5,4,3,2,10,12,88,13,15,17,18,19,20,21
5,4,3,2,10,12,88,13,15,17,18,19,20,21
5,4,3,2,10,12,88,13,15,17,18,19,20,21
5,4,3,2,10,12,88,13,15,17,18,19,20,21
5,4,3,2,10,12,88,13,15,17,18,19,20,21
5,4,3,2,10,12,88,13,15,17,18,19,20,21
5,4,3,2,10,12,88,13,15,17,18,19,20,21
5,4,3,2,10,12,88,13,15,17,18,19,20,21
5,4,3,2,10,12,88,13,15,17,18,19,20,21
5,4,3,2,10,12,88,13,15,17,18,19,20,21
5,4,3,2,10,12,88,13,15,17,18,19,20,21
5,4,3,2,10,12,88,13,15,17,18,19,20,21
5,4,3,2,10,12,88,13,15,17,18,19,20,21
5,4,3,2,10,12,88,13,15,17,18,19,20,21
5,4,3,2,10,12,88,13,15,17,18,19,20,21
5,4,3,2,10,12,88,13,15,17,18,19,20,21
5,4,3,2,10,12,88,13,15,17,18,19,20,21
5,4,3,2,10,12,88,13,15,17,18,19,20,21
5,4,3,2,10,12,88,13,15,17,18,19,20,21
5,4,3,2,10,12,88,13,15,17,18,19,20,21
5,4,3,2,10,12,88,13,15,17,18,19,20,21
5,4,3,2,10,12,88,13,15,17,18,19,20,21
5,4,3,2,10,12,88,13,15,17,18,19,20,21
5,4,3,2,10,12,88,13,15,17,18,19,20,21
5,4,3,2,10,12,88,13,15,17,18,19,20,21
5,4,3,2,10,12,88,13,15,17,18,19,20,21
5,4,3,2,10,12,88,13,15,17,18,19,20,21
5,4,3,2,10,12,88,13,15,17,18,19,20,21
5,4,3,2,10,12,88,13,15,17,18,19,20,21
5,4,3,2,10,12,88,13,15,17,18,19,20,21
5,4,3,2,10,12,88,13,15,17,18,19,20,21
5,4,3,2,10,12,88,13,15,17,18,19,20,21
5,4,3,2,10,12,88,13,15,17,18,19,20,21
5,4,3,2,10,12,88,13,15,17,18,19,20,21
5,4,3,2,10,12,88,13,15,17,18,19,20,21
5,4,3,2,10,12,88,13,15,17,18,19,20,21
5,4,3,2,10,12,88,13,15,17,18,19,20,21
5,4,3,2,10,12,88,13,15,17,18,19,20,21
5,4,3,2,10,12,88,13,15,17,18,19,20,21
5,4,3,2,10,12,88,13,15,17,18,19,20,21
5,4,3,2,10,12,88,13,15,17,18,19,20,21
5,4,3,2,10,12,88,13,15,17,18,19,20,21
5,4,3,2,10,12,88,13,15,17,18,19,20,21
5,4,3,2,10,12,88,13,15,17,18,19,20,21
5,4,3,2,10,12,88,13,15,17,18,19,20,21
5,4,3,2,10,12,88,13,15,17,18,19,20,21
5,4,3,2,10,12,88,13,15,17,18,19,20,21
5,4,3,2,10,12,88,13,15,17,18,19,20,21
5,4,3,2,10,12,88,13,15,17,18,19,20,21
5,4,3,2,10,12,88,13,15,17,18,19,20,21
5,4,3,2,10,12,88,13,15,17,18,19,20,21
5,4,3,2,10,12,88,13,15,17,18,19,20,21
5,4,3,2,10,12,88,13,15,17,18,19,20,21
5,4,3,2,10,12,88,13,15,17,18,19,20,21
5,4,3,2,10,12,88,13,15,17,18,19,20,21
5,4,3,2,10,12,88,13,15,17,18,19,20,21
5,4,3,2,10,12,88,13,15,17,18,19,20,21
5,4,3,2,10,12,88,13,15,17,18,19,20,21
5,4,3,2,10,12,88,13,15,17,18,19,20,21
5,4,3,2,10,12,88,13,15,17,18,19,20,21
5,4,3,2,10,12,88,13,15,17,18,19,20,21
5,4,3,2,10,12,88,13,15,17,18,19,20,21
5,4,3,2,10,12,88,13,15,17,18,19,20,21
5,4,3,2,10,12,88,13,15,17,18,19,20,21
5,4,3,2,10,12,88,13,15,17,18,19,20,21
5,4,3,2,10,12,88,13,15,17,18,19,20,21
5,4,3,2,10,12,88,13,15,17,18,19,20,21
5,4,3,2,10,12,88,13,15,17,18,19,20,21
5,4,3,2,10,12,88,13,15,17,18,19,20,21
5,4,3,2,10,12,88,13,15,17,18,19,20,21
5,4,3,2,10,12,88,13,15,17,18,19,20,21
5,4,3,2,10,12,88,13,15,17,18,19,20,21
5,4,3,2,10,12,88,13,15,17,18,19,20,21
5,4,3,2,10,12,88,13,15,17,18,19,20,21
5,4,3,2,10,12,88,13,15,17,18,19,20,21
5,4,3,2,10,12,88,13,15,17,18,19,20,21
5,4,3,2,10,12,88,13,15,17,18,19,20,21
5,4,3,2,10,12,88,13,15,17,18,19,20,21
5,4,3,2,10,12,88,13,15,17,18,19,20,21
5,4,3,2,10,12,88,13,15,17,18,19,20,21
5,4,3,2,10,12,88,13,15,17,18,19,20,21
5,4,3,2,10,12,88,13,15,17,18,19,20,21
5,4,3,2,10,12,88,13,15,17,18,19,20,21
5,4,3,2,10,12,88,13,15,17,18,19,20,21
5,4,3,2,10,12,88,13,15,17,18,19,20,21
5,4,3,2,10,12,88,13,15,17,18,19,20,21
5,4,3,2,10,12,88,13,15,17,18,19,20,21
5,4,3,2,10,12,88,13,15,17,18,19,20,21
5,4,3,2,10,12,88,13,15,17,18,19,20,21
5,4,3,2,10,12,88,13,15,17,18,19,20,21
5,4,3,2,10,12,88,13,15,17,18,19,20,21
5,4,3,2,10,12,88,13,15,17,18,19,20,21
5,4,3,2,10,12,88,13,15,17,18,19,20,21
5,4,3,2,10,12,88,13,15,17,18,19,20,21
5,4,3,2,10,12,88,13,15,17,18,19,20,21
5,4,3,2,10,12,88,13,15,17,18,19,20,21
5,4,3,2,10,12,88,13,15,17,18,19,20,21
5,4,3,2,10,12,88,13,15,17,18,19,20,21
5,4,3,2,10,12,88,13,15,17,18,19,20,21
5,4,3,2,10,12,88,13,15,17,18,19,20,21
5,4,3,2,10,12,88,13,15,17,18,19,20,21
5,4,3,2,10,12,88,13,15,17,18,19,20,21
5,4,3,2,10,12,88,13,15,17,18,19,20,21
5,4,3,2,10,12,88,13,15,17,18,19,20,21
5,4,3,2,10,12,88,13,15,17,18,19,20,21
5,4,3,2,10,12,88,13,15,17,18,19,20,21
5,4,3,2,10,12,88,13,15,17,18,19,20,21
5,4,3,2,10,12,88,13,15,17,18,19,20,21
5,4,3,2,10,12,88,13,15,17,18,19,20,21
5,4,3,2,10,12,88,13,15,17,18,19,20,21
5,4,3,2,10,12,88,13,15,17,18,19,20,21
5,4,3,2,10,12,88,13,15,17,18,19,20,21
5,4,3,2,10,12,88,13,15,17,18,19,20,21
5,4,3,2,10,12,88,13,15,17,18,19,20,21
5,4,3,2,10,12,88,13,15,17,18,19,20,21
5,4,3,2,10,12,88,13,15,17,18,19,20,21
5,4,3,2,10,12,88,13,15,17,18,19,20,21
5,4,3,2,10,12,88,13,15,17,18,19,20,21
5,4,3,2,10,12,88,13,15,17,18,19,20,21
5,4,3,2,10,12,88,13,15,17,18,19,20,21
5,4,3,2,10,12,88,13,15,17,18,19,20,21
5,4,3,2,10,12,88,13,15,17,18,19,20,21
5,4,3,2,10,12,88,13,15,17,18,19,20,21
5,4,3,2,10,12,88,13,15,17,18,19,20,21
5,4,3,2,10,12,88,13,15,17,18,19,20,21
5,4,3,2,10,12,88,13,15,17,18,19,20,21
5,4,3,2,10,12,88,13,15,17,18,19,20,21
5,4,3,2,10,12,88,13,15,17,18,19,20,21
5,4,3,2,10,12,88,13,15,17,18,19,20,21
5,4,3,2,10,12,88,13,15,17,18,19,20,21
5,4,3,2,10,12,88,13,15,17,18,19,20,21
5,4,3,2,10,12,88,13,15,17,18,19,20,21
5,4,3,2,10,12,88,13,15,17,18,19,20,21
5,4,3,2,10,12,88,13,15,17,18,19,20,21
5,4,3,2,10,12,88,13,15,17,18,19,20,21
5,4,3,2,10,12,88,13,15,17,18,19,20,21
5,4,3,2,10,12,88,13,15,17,18,19,20,21
5,4,3,2,10,12,88,13,15,17,18,19,20,21
5,4,3,2,10,12,88,13,15,17,18,19,20,21
5,4,3,2,10,12,88,13,15,17,18,19,20,21
5,4,3,2,10,12,88,13,15,17,18,19,20,21
5,4,3,2,10,12,88,13,15,17,18,19,20,21
5,4,3,2,10,12,88,13,15,17,18,19,20,21
5,4,3,2,10,12,88,13,15,17,18,19,20,21
5,4,3,7,8,10,2,1,15,17,18,0,21
5,4,3,7,8,10,2,1,15,17,18,0,21
5,4,3,7,8,10,2,1,15,17,18,0,21
5,4,3,7,8,10,2,1,15,17,18,0,21
5,4,3,7,8,10,2,1,15,17,18,0,21
5,4,3,7,8,10,2,1,15,17,18,0,21
5,4,3,7,8,10,2,1,15,17,18,0,21
5,4,3,7,8,10,2,1,15,17,18,0,21
5,4,3,7,8,10,2,1,15,17,18,0,21
5,4,3,7,8,10,2,1,15,17,18,0,21
5,4,3,7,8,10,2,1,15,17,18,0,21
5,4,3,7,8,10,2,1,15,17,18,0,21
5,4,3,7,8,10,2,1,15,17,18,0,21
5,4,3,7,8,10,2,1,15,17,18,0,21
5,4,3,7,8,10,2,1,15,17,18,0,21
5,4,3,7,8,10,2,1,15,17,18,0,21
5,4,3,7,8,10,2,1,15,17,18,0,21
5,4,3,7,8,10,2,1,15,17,18,0,21
5,4,3,7,8,10,2,1,15,17,18,0,21
5,4,3,7,8,10,2,1,15,17,18,0,21
5,4,3,7,8,10,2,1,15,17,18,0,21
5,4,3,7,8,10,2,1,15,17,18,0,21
5,4,3,7,8,10,2,1,15,17,18,0,21
5,4,3,7,8,10,2,1,15,17,18,0,21
5,4,3,7,8,10,2,1,15,17,18,0,21
5,4,3,7,8,10,2,1,15,17,18,0,21
5,4,3,7,8,10,2,1,15,17,18,0,21
5,4,3,7,8,10,2,1,15,17,18,0,21
5,4,3,7,8,10,2,1,15,17,18,0,21
5,4,3,7,8,10,2,1,15,17,18,0,21
5,4,3,7,8,10,2,1,15,17,18,0,21
5,4,3,7,8,10,2,1,15,17,18,0,21
5,4,3,7,8,10,2,1,15,17,18,0,21
5,4,3,7,8,10,2,1,15,17,18,0,21
5,4,3,7,8,10,2,1,15,17,18,0,21
5,4,3,7,8,10,2,1,15,17,18,0,21
5,4,3,7,8,10,2,1,15,17,18,0,21
5,4,3,7,8,10,2,1,15,17,18,0,21
5,4,3,7,8,10,2,1,15,17,18,0,21
5,4,3,7,8,10,2,1,15,17,18,0,21
5,4,3,7,8,10,2,1,15,17,18,0,21
5,4,3,7,8,10,2,1,15,17,18,0,21
5,4,3,7,8,10,2,1,15,17,18,0,21
5,4,3,7,8,10,2,1,15,17,18,0,21
5,4,3,7,8,10,2,1,15,17,18,0,21
5,4,3,7,8,10,2,1,15,17,18,0,21
5,4,3,7,8,10,2,1,15,17,18,0,21
5,4,3,7,8,10,2,1,15,17,18,0,21
5,4,3,7,8,10,2,1,15,17,18,0,21
5,4,3,7,8,10,2,1,15,17,18,0,21
5,4,3,7,8,10,2,1,15,17,18,0,21
5,4,3,7,8,10,2,1,15,17,18,0,21
5,4,3,7,8,10,2,1,15,17,18,0,21
5,4,3,7,8,10,2,1,15,17,18,0,21
5,4,3,7,8,10,2,1,15,17,18,0,21
5,4,3,7,8,10,2,1,15,17,18,0,21
5,4,3,7,8,10,2,1,15,17,18,0,21
5,4,3,7,8,10,2,1,15,17,18,0,21
5,4,3,7,8,10,2,1,15,17,18,0,21
5,4,3,7,8,10,2,1,15,17,18,0,21
5,4,3,7,8,10,2,1,15,17,18,0,21
5,4,3,7,8,10,2,1,15,17,18,0,21
5,4,3,7,8,10,2,1,15,17,18,0,21
5,4,3,7,8,10,2,1,15,17,18,0,21
5,4,3,7,8,10,2,1,15,17,18,0,21
5,4,3,7,8,10,2,1,15,17,18,0,21
5,4,3,7,8,10,2,1,15,17,18,0,21
5,4,3,7,8,10,2,1,15,17,18,0,21
5,4,3,7,8,10,2,1,15,17,18,0,21
5,4,3,7,8,10,2,1,15,17,18,0,21
5,4,3,7,8,10,2,1,15,17,18,0,21
5,4,3,7,8,10,2,1,15,17,18,0,21
5,4,3,7,8,10,2,1,15,17,18,0,21
5,4,3,7,8,10,2,1,15,17,18,0,21
5,4,3,7,8,10,2,1,15,17,18,0,21
5,4,3,7,8,10,2,1,15,17,18,0,21
5,4,3,7,8,10,2,1,15,17,18,0,21
5,4,3,7,8,10,2,1,15,17,18,0,21
5,4,3,7,8,10,2,1,15,17,18,0,21
5,4,3,7,8,10,2,1,15,17,18,0,21
5,4,3,7,8,10,2,1,15,17,18,0,21
5,4,3,7,8,10,2,1,15,17,18,0,21
5,4,3,7,8,10,2,1,15,17,18,0,21
5,4,3,7,8,10,2,1,15,17,18,0,21
5,4,3,7,8,10,2,1,15,17,18,0,21
5,4,3,7,8,10,2,1,15,17,18,0,21
5,4,3,7,8,10,2,1,15,17,18,0,21
5,4,3,7,8,10,2,1,15,17,18,0,21
5,4,3,7,8,10,2,1,15,17,18,0,21
5,4,3,7,8,10,2,1,15,17,18,0,21
5,4,3,7,8,10,2,1,15,17,18,0,21
5,4,3,7,8,10,2,1,15,17,18,0,21
5,4,3,7,8,10,2,1,15,17,18,0,21
5,4,3,7,8,10,2,1,15,17,18,0,21
5,4,3,7,8,10,2,1,15,17,18,0,21
5,4,3,7,8,10,2,1,15,17,18,0,21
5,4,3,7,8,10,2,1,15,17,18,0,21
5,4,3,7,8,10,2,1,15,17,18,0,21
5,4,3,7,8,10,2,1,15,17,18,0,21
5,4,3,7,8,10,2,1,15,17,18,0,21
5,4,3,7,8,10,2,1,15,17,18,0,21
5,4,3,7,8,10,2,1,15,17,18,0,21
5,4,3,7,8,10,2,1,15,17,18,0,21
5,4,3,7,8,10,2,1,15,17,18,0,21
5,4,3,7,8,10,2,1,15,17,18,0,21
5,4,3,7,8,10,2,1,15,17,18,0,21
5,4,3,7,8,10,2,1,15,17,18,0,21
5,4,3,7,8,10,2,1,15,17,18,0,21
5,4,3,7,8,10,2,1,15,17,18,0,21
5,4,3,7,8,10,2,1,15,17,18,0,21
5,4,3,7,8,10,2,1,15,17,18,0,21
5,4,3,7,8,10,2,1,15,17,18,0,21
5,4,3,7,8,10,2,1,15,17,18,0,21
5,4,3,7,8,10,2,1,15,17,18,0,21
5,4,3,7,8,10,2,1,15,17,18,0,21
5,4,3,7,8,10,2,1,15,17,18,0,21
5,4,3,7,8,10,2,1,15,17,18,0,21
5,4,3,7,8,10,2,1,15,17,18,0,21
5,4,3,7,8,10,2,1,15,17,18,0,21
5,4,3,7,8,10,2,1,15,17,18,0,21
5,4,3,7,8,10,2,1,15,17,18,0,21
5,4,3,7,8,10,2,1,15,17,18,0,21
5,4,3,7,8,10,2,1,15,17,18,0,21
5,4,3,7,8,10,2,1,15,17,18,0,21
5,4,3,7,8,10,2,1,15,17,18,0,21
5,4,3,7,8,10,2,1,15,17,18,0,21
5,4,3,7,8,10,2,1,15,17,18,0,21
5,4,3,7,8,10,2,1,15,17,18,0,21
5,4,3,7,8,9,10,12,88,13,15,17,18,19,20,21
5,4,3,7,8,9,10,12,88,13,15,17,18,19,20,21
5,4,3,7,8,9,10,12,88,13,15,17,18,19,20,21
5,4,3,7,8,9,10,12,88,13,15,17,18,19,20,21
5,4,3,7,8,9,10,12,88,13,15,17,18,19,20,21
5,4,3,7,8,9,10,12,88,13,15,17,18,19,20,21
5,4,3,7,8,9,10,12,88,13,15,17,18,19,20,21
5,4,3,7,8,9,10,12,88,13,15,17,18,19,20,21
5,4,3,7,8,9,10,12,88,13,15,17,18,19,20,21
5,4,3,7,8,9,10,12,88,13,15,17,18,19,20,21
5,4,3,7,8,9,10,12,88,13,15,17,18,19,20,21
5,4,3,7,8,9,10,12,88,13,15,17,18,19,20,21
5,4,3,7,8,9,10,12,88,13,15,17,18,19,20,21
5,4,3,7,8,9,10,12,88,13,15,17,18,19,20,21
5,4,3,7,8,9,10,12,88,13,15,17,18,19,20,21
5,4,3,7,8,9,10,12,88,13,15,17,18,19,20,21
5,4,3,7,8,9,10,12,88,13,15,17,18,19,20,21
5,4,3,7,8,9,10,12,88,13,15,17,18,19,20,21
5,4,3,7,8,9,10,12,88,13,15,17,18,19,20,21
5,4,3,7,8,9,10,12,88,13,15,17,18,19,20,21
5,4,3,7,8,9,10,12,88,13,15,17,18,19,20,21
5,4,3,7,8,9,10,12,88,13,15,17,18,19,20,21
5,4,3,7,8,9,10,12,88,13,15,17,18,19,20,21
5,4,3,7,8,9,10,12,88,13,15,17,18,19,20,21
5,4,3,7,8,9,10,12,88,13,15,17,18,19,20,21
5,4,3,7,8,9,10,12,88,13,15,17,18,19,20,21
5,4,3,7,8,9,10,12,88,13,15,17,18,19,20,21
5,4,3,7,8,9,10,12,88,13,15,17,18,19,20,21
5,4,3,7,8,9,10,12,88,13,15,17,18,19,20,21
5,4,3,7,8,9,10,12,88,13,15,17,18,19,20,21
5,4,3,7,8,9,10,12,88,13,15,17,18,19,20,21
5,4,3,7,8,9,10,12,88,13,15,17,18,19,20,21
5,4,3,7,8,9,10,12,88,13,15,17,18,19,20,21
5,4,3,7,8,9,10,12,88,13,15,17,18,19,20,21
5,4,3,7,8,9,10,12,88,13,15,17,18,19,20,21
5,4,3,7,8,9,10,12,88,13,15,17,18,19,20,21
5,4,3,7,8,9,10,12,88,13,15,17,18,19,20,21
5,4,3,7,8,9,10,12,88,13,15,17,18,19,20,21
5,4,3,7,8,9,10,12,88,13,15,17,18,19,20,21
5,4,3,7,8,9,10,12,88,13,15,17,18,19,20,21
5,4,3,7,8,9,10,12,88,13,15,17,18,19,20,21
5,4,3,7,8,9,10,12,88,13,15,17,18,19,20,21
5,4,3,7,8,9,10,12,88,13,15,17,18,19,20,21
5,4,3,7,8,9,10,12,88,13,15,17,18,19,20,21
5,4,3,7,8,9,10,12,88,13,15,17,18,19,20,21
5,4,3,7,8,9,10,12,88,13,15,17,18,19,20,21
5,4,3,7,8,9,10,12,88,13,15,17,18,19,20,21
5,4,3,7,8,9,10,12,88,13,15,17,18,19,20,21
5,4,3,7,8,9,10,12,88,13,15,17,18,19,20,21
5,4,3,7,8,9,10,12,88,13,15,17,18,19,20,21
5,4,3,7,8,9,10,12,88,13,15,17,18,19,20,21
5,4,3,7,8,9,10,12,88,13,15,17,18,19,20,21
5,4,3,7,8,9,10,12,88,13,15,17,18,19,20,21
5,4,3,7,8,9,10,12,88,13,15,17,18,19,20,21
5,4,3,7,8,9,10,12,88,13,15,17,18,19,20,21
5,4,3,7,8,9,10,12,88,13,15,17,18,19,20,21
5,4,3,7,8,9,10,12,88,13,15,17,18,19,20,21
5,4,3,7,8,9,10,12,88,13,15,17,18,19,20,21
5,4,3,7,8,9,10,12,88,13,15,17,18,19,20,21
5,4,3,7,8,9,10,12,88,13,15,17,18,19,20,21
5,4,3,7,8,9,10,12,88,13,15,17,18,19,20,21
5,4,3,7,8,9,10,12,88,13,15,17,18,19,20,21
5,4,3,7,8,9,10,12,88,13,15,17,18,19,20,21
5,4,3,7,8,9,10,12,88,13,15,17,18,19,20,21
5,4,3,7,8,9,10,12,88,13,15,17,18,19,20,21
5,4,3,7,8,9,10,12,88,13,15,17,18,19,20,21
5,4,3,7,8,9,10,12,88,13,15,17,18,19,20,21
5,4,3,7,8,9,10,12,88,13,15,17,18,19,20,21
5,4,3,7,8,9,10,12,88,13,15,17,18,19,20,21
5,4,3,7,8,9,10,12,88,13,15,17,18,19,20,21
5,4,3,7,8,9,10,12,88,13,15,17,18,19,20,21
5,4,3,7,8,9,10,12,88,13,15,17,18,19,20,21
5,4,3,7,8,9,10,12,88,13,15,17,18,19,20,21
5,4,3,7,8,9,10,12,88,13,15,17,18,19,20,21
5,4,3,7,8,9,10,12,88,13,15,17,18,19,20,21
5,4,3,7,8,9,10,12,88,13,15,17,18,19,20,21
5,4,3,7,8,9,10,12,88,13,15,17,18,19,20,21
5,4,3,7,8,9,10,12,88,13,15,17,18,19,20,21
5,4,3,7,8,9,10,12,88,13,15,17,18,19,20,21
5,4,3,7,8,9,10,12,88,13,15,17,18,19,20,21
5,4,3,7,8,9,10,12,88,13,15,17,18,19,20,21
5,4,3,7,8,9,10,12,88,13,15,17,18,19,20,21
5,4,3,7,8,9,10,12,88,13,15,17,18,19,20,21
5,4,3,7,8,9,10,12,88,13,15,17,18,19,20,21
5,4,3,7,8,9,10,12,88,13,15,17,18,19,20,21
5,4,3,7,8,9,10,12,88,13,15,17,18,19,20,21
5,4,3,7,8,9,10,12,88,13,15,17,18,19,20,21
5,4,3,7,8,9,10,12,88,13,15,17,18,19,20,21
5,4,3,7,8,9,10,12,88,13,15,17,18,19,20,21
5,4,3,7,8,9,10,12,88,13,15,17,18,19,20,21
5,4,3,7,8,9,10,12,88,13,15,17,18,19,20,21
5,4,3,7,8,9,10,12,88,13,15,17,18,19,20,21
5,4,3,7,8,9,10,12,88,13,15,17,18,19,20,21
5,4,3,7,8,9,10,12,88,13,15,17,18,19,20,21
5,4,3,7,8,9,10,12,88,13,15,17,18,19,20,21
5,4,3,7,8,9,10,12,88,13,15,17,18,19,20,21
5,4,3,7,8,9,10,12,88,13,15,17,18,19,20,21
5,4,3,7,8,9,10,12,88,13,15,17,18,19,20,21
5,4,3,7,8,9,10,12,88,13,15,17,18,19,20,21
5,4,3,7,8,9,10,12,88,13,15,17,18,19,20,21
5,4,3,7,8,9,10,12,88,13,15,17,18,19,20,21
5,4,3,7,8,9,10,12,88,13,15,17,18,19,20,21
5,4,3,7,8,9,10,12,88,13,15,17,18,19,20,21
5,4,3,7,8,9,10,12,88,13,15,17,18,19,20,21
5,4,3,7,8,9,10,12,88,13,15,17,18,19,20,21
5,4,3,7,8,9,10,12,88,13,15,17,18,19,20,21
5,4,3,7,8,9,10,12,88,13,15,17,18,19,20,21
5,4,3,7,8,9,10,12,88,13,15,17,18,19,20,21
5,4,3,7,8,9,10,12,88,13,15,17,18,19,20,21
5,4,3,7,8,9,10,12,88,13,15,17,18,19,20,21
5,4,3,7,8,9,10,12,88,13,15,17,18,19,20,21
5,4,3,7,8,9,10,12,88,13,15,17,18,19,20,21
5,4,3,7,8,9,10,12,88,13,15,17,18,19,20,21
5,4,3,7,8,9,10,12,88,13,15,17,18,19,20,21
5,4,3,7,8,9,10,12,88,13,15,17,18,19,20,21
5,4,3,7,8,9,10,12,88,13,15,17,18,19,20,21
5,4,3,7,8,9,10,12,88,13,15,17,18,19,20,21
5,4,3,7,8,9,10,12,88,13,15,17,18,19,20,21
5,4,3,7,8,9,10,12,88,13,15,17,18,19,20,21
5,4,3,7,8,9,10,12,88,13,15,17,18,19,20,21
5,4,3,7,8,9,10,12,88,13,15,17,18,19,20,21
5,4,3,7,8,9,10,12,88,13,15,17,18,19,20,21
5,4,3,7,8,9,10,12,88,13,15,17,18,19,20,21
5,4,3,7,8,9,10,12,88,13,15,17,18,19,20,21
5,4,3,7,8,9,10,12,88,13,15,17,18,19,20,21
5,4,3,7,8,9,10,12,88,13,15,17,18,19,20,21
5,4,3,7,8,9,10,12,88,13,15,17,18,19,20,21
5,4,3,7,8,9,10,12,88,13,15,17,18,19,20,21
5,4,3,7,8,9,10,12,88,13,15,17,18,19,20,21
5,4,3,7,8,9,10,12,88,13,15,17,18,19,20,21
5,4,3,7,8,9,10,12,88,13,15,17,18,19,20,21
5,4,3,7,8,9,10,12,88,13,15,17,18,19,20,21
5,4,3,7,8,9,10,12,88,13,15,17,18,19,20,21
5,4,3,7,8,9,10,12,88,13,15,17,18,19,20,21
5,4,3,7,8,9,10,12,88,13,15,17,18,19,20,21
5,4,3,7,8,9,10,12,88,13,15,17,18,19,20,21
5,4,3,7,8,9,10,12,88,13,15,17,18,19,20,21
5,4,3,7,8,9,10,12,88,13,15,17,18,19,20,21
5,4,3,7,8,9,10,12,88,13,15,17,18,19,20,21
5,4,3,7,8,9,10,12,88,13,15,17,18,19,20,21
5,4,3,7,8,9,10,12,88,13,15,17,18,19,20,21
5,4,3,7,8,9,10,12,88,13,15,17,18,19,20,21
5,4,3,7,8,9,10,12,88,13,15,17,18,19,20,21
5,4,3,7,8,9,10,12,88,13,15,17,18,19,20,21
5,4,3,7,8,9,10,12,88,13,15,17,18,19,20,21
5,4,3,7,8,9,10,12,88,13,15,17,18,19,20,21
5,4,3,7,8,9,10,12,88,13,15,17,18,19,20,21
5,4,3,7,8,9,10,12,88,13,15,17,18,19,20,21
5,4,3,7,8,9,10,12,88,13,15,17,18,19,20,21
5,4,3,7,8,9,10,12,88,13,15,17,18,19,20,21
5,4,3,7,8,9,10,12,88,13,15,17,18,19,20,21
5,4,3,7,8,9,10,12,88,13,15,17,18,19,20,21
5,4,3,7,8,9,10,12,88,13,15,17,18,19,20,21
5,4,3,7,8,9,10,12,88,13,15,17,18,19,20,21
5,4,3,7,8,9,10,12,88,13,15,17,18,19,20,21
5,4,3,7,8,9,10,12,88,13,15,17,18,19,20,21
5,4,3,7,8,9,10,12,88,13,15,17,18,19,20,21
5,4,3,7,8,9,10,12,88,13,15,17,18,19,20,21
5,4,3,7,8,9,10,12,88,13,15,17,18,19,20,21
5,4,3,7,8,9,10,12,88,13,15,17,18,19,20,21
5,4,3,7,8,9,10,12,88,13,15,17,18,19,20,21
5,4,3,7,8,9,10,12,88,13,15,17,18,19,20,21
5,4,3,7,8,9,10,12,88,13,15,17,18,19,20,21
5,4,3,7,8,9,10,12,88,13,15,17,18,19,20,21
5,4,3,7,8,9,10,12,88,13,15,17,18,19,20,21
5,4,3,7,8,9,10,12,88,13,15,17,18,19,20,21
5,4,3,7,8,9,10,12,88,13,15,17,18,19,20,21
5,4,3,7,8,9,10,12,88,13,15,17,18,19,20,21
5,4,3,7,8,9,10,12,88,13,15,17,18,19,20,21
5,4,3,7,8,9,10,12,88,13,15,17,18,19,20,21
5,4,3,7,8,9,10,12,88,13,15,17,18,19,20,21
5,4,3,7,8,9,10,12,88,13,15,17,18,19,20,21
5,4,3,7,8,9,10,12,88,13,15,17,18,19,20,21
5,4,3,7,8,9,10,12,88,13,15,17,18,19,20,21
5,4,3,7,8,9,10,12,88,13,15,17,18,19,20,21
5,4,3,7,8,9,10,12,88,13,15,17,18,19,20,21
5,4,3,7,8,9,10,12,88,13,15,17,18,19,20,21
5,4,3,7,8,9,10,12,88,13,15,17,18,19,20,21
5,4,3,7,8,9,10,12,88,13,15,17,18,19,20,21
5,4,3,7,8,9,10,12,88,13,15,17,18,19,20,21
5,4,3,7,8,9,10,12,88,13,15,17,18,19,20,21
5,4,3,7,8,9,10,12,88,13,15,17,18,19,20,21
5,4,3,7,8,9,10,12,88,13,15,17,18,19,20,21
5,4,3,7,8,9,10,12,88,13,15,17,18,19,20,21
5,4,3,7,8,9,10,12,88,13,15,17,18,19,20,21
5,4,3,7,8,9,10,12,88,13,15,17,18,19,20,21
5,4,3,7,8,9,10,12,88,13,15,17,18,19,20,21
5,4,3,7,8,9,10,12,88,13,15,17,18,19,20,21
5,4,3,7,8,9,10,12,88,13,15,17,18,19,20,21
5,4,3,7,8,9,10,12,88,13,15,17,18,19,20,21
5,4,3,7,8,9,10,12,88,13,15,17,18,19,20,21
5,4,3,7,8,9,10,12,88,13,15,17,18,19,20,21
5,4,3,7,8,9,10,12,88,13,15,17,18,19,20,21
5,4,3,7,8,9,10,12,88,13,15,17,18,19,20,21
5,4,3,7,8,9,10,12,88,13,15,17,18,19,20,21
5,4,3,7,8,9,10,12,88,13,15,17,18,19,20,21
5,4,3,7,8,9,10,12,88,13,15,17,18,19,20,21
5,4,3,7,8,9,10,12,88,13,15,17,18,19,20,21
5,4,3,7,8,9,10,12,88,13,15,17,18,19,20,21
5,4,3,7,8,9,10,12,88,13,15,17,18,19,20,21
5,4,3,7,8,9,10,12,88,13,15,17,18,19,20,21
5,4,3,7,8,9,10,12,88,13,15,17,18,19,20,21
5,4,3,7,8,9,10,12,88,13,15,17,18,19,20,21
5,4,3,7,8,9,10,12,88,13,15,17,18,19,20,21
5,4,3,7,8,9,10,12,88,13,15,17,18,19,20,21
5,4,3,7,8,9,10,12,88,13,15,17,18,19,20,21
5,4,3,7,8,9,10,12,88,13,15,17,18,19,20,21
5,4,3,7,8,9,10,12,88,13,15,17,18,19,20,21
5,4,3,7,8,9,10,12,88,13,15,17,18,19,20,21
5,4,3,7,8,9,10,12,88,13,15,17,18,19,20,21
5,4,3,7,8,9,10,12,88,13,15,17,18,19,20,21
5,4,3,7,8,9,10,12,88,13,15,17,18,19,20,21
5,4,3,7,8,9,10,12,88,13,15,17,18,19,20,21
5,4,3,7,8,9,10,12,88,13,15,17,18,19,20,21
5,4,3,7,8,9,10,12,88,13,15,17,18,19,20,21
5,4,3,7,8,9,10,12,88,13,15,17,18,19,20,21
5,4,3,7,8,9,10,12,88,13,15,17,18,19,20,21
5,4,3,7,8,9,10,12,88,13,15,17,18,19,20,21
5,4,3,7,8,9,10,12,88,13,15,17,18,19,20,21
5,4,3,7,8,9,10,12,88,13,15,17,18,19,20,21
5,4,3,7,8,9,10,12,88,13,15,17,18,19,20,21
5,4,3,7,8,9,10,12,88,13,15,17,18,19,20,21
5,4,3,7,8,9,10,12,88,13,15,17,18,19,20,21
5,4,3,7,8,9,10,12,88,13,15,17,18,19,20,21
5,4,3,7,8,9,10,12,88,13,15,17,18,19,20,21
5,4,3,7,8,9,10,12,88,13,15,17,18,19,20,21
5,4,3,7,8,9,10,12,88,13,15,17,18,19,20,21
5,4,3,7,8,9,10,12,88,13,15,17,18,19,20,21
5,4,3,7,8,9,10,12,88,13,15,17,18,19,20,21
5,4,3,7,8,9,10,12,88,13,15,17,18,19,20,21
5,4,3,7,8,9,10,12,88,13,15,17,18,19,20,21
5,4,3,7,8,9,10,12,88,13,15,17,18,19,20,21
5,4,3,7,8,9,10,12,88,13,15,17,18,19,20,21
5,4,3,7,8,9,10,12,88,13,15,17,18,19,20,21
5,4,3,7,8,9,10,12,88,13,15,17,18,19,20,21
5,4,3,7,8,9,10,12,88,13,15,17,18,19,20,21
5,4,3,7,8,9,10,12,88,13,15,17,18,19,20,21
5,4,3,7,8,9,10,12,88,13,15,17,18,19,20,21
5,4,3,7,8,9,10,12,88,13,15,17,18,19,20,21
5,4,3,7,8,9,10,12,88,13,15,17,18,19,20,21
5,4,3,7,8,9,10,12,88,13,15,17,18,19,20,21
5,4,3,7,8,9,10,12,88,13,15,17,18,19,20,21
5,4,3,7,8,9,10,12,88,13,15,17,18,19,20,21
5,4,3,7,8,9,10,12,88,13,15,17,18,19,20,21
5,4,3,7,8,9,10,12,88,13,15,17,18,19,20,21
5,4,3,7,8,9,10,12,88,13,15,17,18,19,20,21
5,4,3,7,8,9,10,12,88,13,15,17,18,19,20,21
5,4,3,7,8,9,10,12,88,13,15,17,18,19,20,21
5,4,3,7,8,9,10,12,88,13,15,17,18,19,20,21
5,4,3,7,8,9,10,12,88,13,15,17,18,19,20,21
5,4,3,7,8,9,10,12,88,13,15,17,18,19,20,21
5,4,3,7,8,9,10,12,88,13,15,17,18,19,20,21
5,4,3,7,8,9,10,12,88,13,15,17,18,19,20,21
5,4,3,7,8,9,10,12,88,13,15,17,18,19,20,21
5,4,3,7,8,9,10,12,88,13,15,17,18,19,20,21
5,4,3,7,8,9,10,12,88,13,15,17,18,19,20,21
5,4,3,7,8,9,10,12,88,13,15,17,18,19,20,21
5,4,3,7,8,9,10,12,88,13,15,17,18,19,20,21
5,4,3,7,8,9,10,12,88,13,15,17,18,19,20,21
5,4,3,7,8,9,10,12,88,13,15,17,18,19,20,21
5,4,3,7,8,9,10,12,88,13,15,17,18,19,20,21
5,4,3,7,8,9,10,12,88,13,15,17,18,19,20,21
5,4,3,7,8,9,10,12,88,13,15,17,18,19,20,21
5,4,3,7,8,9,10,12,88,13,15,17,18,19,20,21
5,4,3,7,8,9,10,12,88,13,15,17,18,19,20,21
5,4,3,7,8,9,10,12,88,13,15,17,18,19,20,21
5,4,3,7,8,9,10,12,88,13,15,17,18,19,20,21
5,4,3,7,8,9,10,12,88,13,15,17,18,19,20,21
5,4,3,7,8,9,10,12,88,13,15,17,18,19,20,21
5,4,3,7,8,9,10,12,88,13,15,17,18,19,20,21
5,4,3,7,8,9,10,12,88,13,15,17,18,19,20,21
5,4,3,7,8,9,10,12,88,13,15,17,18,19,20,21
5,4,3,7,8,9,10,12,88,13,15,17,18,19,20,21
5,4,3,7,8,9,10,12,88,13,15,17,18,19,20,21
5,4,3,7,8,9,10,12,88,13,15,17,18,19,20,21
5,4,3,7,8,9,10,12,88,13,15,17,18,19,20,21
5,4,3,7,8,9,10,12,88,13,15,17,18,19,20,21
5,4,3,7,8,9,10,12,88,13,15,17,18,19,20,21
5,4,3,7,8,9,10,12,88,13,15,17,18,19,20,21
5,4,3,7,8,9,10,12,88,13,15,17,18,19,20,21
5,4,3,7,8,9,10,12,88,13,15,17,18,19,20,21
5,4,3,7,8,9,10,12,88,13,15,17,18,19,20,21
5,4,3,7,8,9,10,12,88,13,15,17,18,19,20,21
5,4,3,7,8,9,10,12,88,13,15,17,18,19,20,21
5,4,3,7,8,9,10,12,88,13,15,17,18,19,20,21
5,4,3,7,8,9,10,12,88,13,15,17,18,19,20,21
5,4,3,7,8,9,10,12,88,13,15,17,18,19,20,21
5,4,3,7,8,9,10,12,88,13,15,17,18,19,20,21
5,4,3,7,8,9,10,12,88,13,15,17,18,19,20,21
5,4,3,7,8,9,10,12,88,13,15,17,18,19,20,21
5,4,3,7,8,9,10,12,88,13,15,17,18,19,20,21
5,4,3,7,8,9,10,12,88,13,15,17,18,19,20,21
5,4,3,7,8,9,10,12,88,13,15,17,18,19,20,21
5,4,3,7,8,9,10,12,88,13,15,17,18,19,20,21
5,4,3,7,8,9,10,12,88,13,15,17,18,19,20,21
5,4,3,7,8,9,10,12,88,13,15,17,18,19,20,21
5,4,3,7,8,9,10,12,88,13,15,17,18,19,20,21
5,4,3,7,8,9,10,12,88,13,15,17,18,19,20,21
5,4,3,7,8,9,10,12,88,13,15,17,18,19,20,21
5,4,3,7,8,9,10,12,88,13,15,17,18,19,20,21
5,4,3,7,8,9,10,12,88,13,15,17,18,19,20,21
5,4,3,7,8,9,10,12,88,13,15,17,18,19,20,21
5,4,3,7,8,9,10,12,88,13,15,17,18,19,20,21
5,4,3,7,8,9,10,12,88,13,15,17,18,19,20,21
5,4,3,7,8,9,10,12,88,13,15,17,18,19,20,21
5,4,3,7,8,9,10,12,88,13,15,17,18,19,20,21
5,4,3,7,8,9,10,12,88,13,15,17,18,19,20,21
5,4,3,7,8,9,10,12,88,13,15,17,18,19,20,21
5,4,3,7,8,9,10,12,88,13,15,17,18,19,20,21
5,4,3,7,8,9,10,12,88,13,15,17,18,19,20,21
5,4,3,7,8,9,10,12,88,13,15,17,18,19,20,21
5,4,3,7,8,9,10,12,88,13,15,17,18,19,20,21
5,4,3,7,8,9,10,12,88,13,15,17,18,19,20,21
5,4,3,7,8,9,10,12,88,13,15,17,18,19,20,21
5,4,3,7,8,9,10,12,88,13,15,17,18,19,20,21
5,4,3,7,8,9,10,12,88,13,15,17,18,19,20,21
5,4,3,7,8,9,10,12,88,13,15,17,18,19,20,21
5,4,3,7,8,9,10,12,88,13,15,17,18,19,20,21
5,4,3,7,8,9,10,12,88,13,15,17,18,19,20,21
5,4,3,7,8,9,10,12,88,13,15,17,18,19,20,21
5,4,3,7,8,9,10,12,88,13,15,17,18,19,20,21
5,4,3,7,8,9,10,12,88,13,15,17,18,19,20,21
5,4,3,7,8,9,10,12,88,13,15,17,18,19,20,21
5,4,3,7,8,9,10,12,88,13,15,17,18,19,20,21
5,4,3,7,8,9,10,12,88,13,15,17,18,19,20,21
5,4,3,7,8,9,10,12,88,13,15,17,18,19,20,21
5,4,3,7,8,9,10,12,88,13,15,17,18,19,20,21
5,4,3,7,8,9,10,12,88,13,15,17,18,19,20,21
5,4,3,7,8,9,10,12,88,13,15,17,18,19,20,21
5,4,3,7,8,9,10,12,88,13,15,17,18,19,20,21
5,4,3,7,8,9,10,12,88,13,15,17,18,19,20,21
5,4,3,7,8,9,10,12,88,13,15,17,18,19,20,21
5,4,3,7,8,9,10,12,88,13,15,17,18,19,20,21
5,4,3,7,8,9,10,12,88,13,15,17,18,19,20,21
5,4,3,7,8,9,10,12,88,13,15,17,18,19,20,21
5,4,3,7,8,9,10,12,88,13,15,17,18,19,20,21
5,4,3,7,8,9,10,12,88,13,15,17,18,19,20,21
5,4,3,7,8,9,10,12,88,13,15,17,18,19,20,21
5,4,3,7,8,9,10,12,88,13,15,17,18,19,20,21
5,4,3,7,8,9,10,12,88,13,15,17,18,19,20,21
5,4,3,7,8,9,10,12,88,13,15,17,18,19,20,21
5,4,3,7,8,9,10,12,88,13,15,17,18,19,20,21
5,4,3,7,8,9,10,12,88,13,15,17,18,19,20,21
5,4,3,7,8,9,10,12,88,13,15,17,18,19,20,21
5,4,3,7,8,9,10,12,88,13,15,17,18,19,20,21
5,4,3,7,8,9,10,12,88,13,15,17,18,19,20,21
5,4,3,7,8,9,10,12,88,13,15,17,18,19,20,21
5,4,3,7,8,9,10,12,88,13,15,17,18,19,20,21
5,4,3,7,8,9,10,12,88,13,15,17,18,19,20,21
5,4,3,7,8,9,10,12,88,13,15,17,18,19,20,21
5,4,3,7,8,9,10,12,88,13,15,17,18,19,20,21
5,4,3,7,8,9,10,12,88,13,15,17,18,19,20,21
5,4,3,7,8,9,10,12,88,13,15,17,18,19,20,21
5,4,3,7,8,9,10,12,88,13,15,17,18,19,20,21
5,4,3,7,8,9,10,12,88,13,15,17,18,19,20,21
5,4,3,7,8,9,10,12,88,13,15,17,18,19,20,21
5,4,3,7,8,9,10,12,88,13,15,17,18,19,20,21
5,4,3,7,8,9,10,12,88,13,15,17,18,19,20,21
5,4,3,7,8,9,10,12,88,13,15,17,18,19,20,21
5,4,3,7,8,9,10,12,88,13,15,17,18,19,20,21
5,4,3,7,8,9,10,12,88,13,15,17,18,19,20,21
5,4,3,7,8,9,10,12,88,13,15,17,18,19,20,21
5,4,3,7,8,9,10,12,88,13,15,17,18,19,20,21
5,4,3,7,8,9,10,12,88,13,15,17,18,19,20,21
5,4,3,7,8,9,10,12,88,13,15,17,18,19,20,21
5,4,3,7,8,9,10,12,88,13,15,17,18,19,20,21
5,4,3,7,8,9,10,12,88,13,15,17,18,19,20,21
5,4,3,7,8,9,10,12,88,13,15,17,18,19,20,21
5,4,3,7,8,9,10,12,88,13,15,17,18,19,20,21
5,4,3,7,8,9,10,12,88,13,15,17,18,19,20,21
5,4,3,7,8,9,10,12,88,13,15,17,18,19,20,21
5,4,3,7,8,9,10,12,88,13,15,17,18,19,20,21
5,4,3,7,8,9,10,12,88,13,15,17,18,19,20,21
5,4,3,7,8,9,10,12,88,13,15,17,18,19,20,21
5,4,3,7,8,9,10,12,88,13,15,17,18,19,20,21
5,4,3,7,8,9,10,12,88,13,15,17,18,19,20,21
5,4,3,7,8,9,10,12,88,13,15,17,18,19,20,21
5,4,3,7,8,9,10,12,88,13,15,17,18,19,20,21
5,4,3,7,8,9,10,12,88,13,15,17,18,19,20,21
5,4,3,7,8,9,10,12,88,13,15,17,18,19,20,21
5,4,3,7,8,9,10,12,88,13,15,17,18,19,20,21
5,4,3,7,8,9,10,12,88,13,15,17,18,19,20,21
5,4,3,7,8,9,10,12,88,13,15,17,18,19,20,21
5,4,3,7,8,9,10,12,88,13,15,17,18,19,20,21
5,4,3,7,8,9,10,12,88,13,15,17,18,19,20,21
5,4,3,7,8,9,10,12,88,13,15,17,18,19,20,21
5,4,3,7,8,9,10,12,88,13,15,17,18,19,20,21
5,4,3,7,8,9,10,12,88,13,15,17,18,19,20,21
5,4,3,7,8,9,10,12,88,13,15,17,18,19,20,21
5,4,3,7,8,9,10,12,88,13,15,17,18,19,20,21
5,4,3,7,8,9,10,12,88,13,15,17,18,19,20,21
5,4,3,7,8,9,10,12,88,13,15,17,18,19,20,21
5,4,3,7,8,9,10,12,88,13,15,17,18,19,20,21
5,4,3,7,8,9,10,12,88,13,15,17,18,19,20,21
5,4,3,7,8,9,10,12,88,13,15,17,18,19,20,21
5,4,3,7,8,9,10,12,88,13,15,17,18,19,20,21
5,4,3,7,8,9,10,12,88,13,15,17,18,19,20,21
5,4,3,7,8,9,10,12,88,13,15,17,18,19,20,21
5,4,3,7,8,9,10,12,88,13,15,17,18,19,20,21
5,4,3,7,8,9,10,12,88,13,15,17,18,19,20,21
5,4,3,7,8,9,10,12,88,13,15,17,18,19,20,21
5,4,3,7,8,9,10,12,88,13,15,17,18,19,20,21
5,4,3,7,8,9,10,12,88,13,15,17,18,19,20,21
5,4,3,7,8,9,10,12,88,13,15,17,18,19,20,21
5,4,3,7,8,9,10,12,88,13,15,17,18,19,20,21
5,4,3,7,8,9,10,12,88,13,15,17,18,19,20,21
5,4,3,7,8,9,10,12,88,13,15,17,18,19,20,21
5,4,3,7,8,9,10,12,88,13,15,17,18,19,20,21
5,4,3,7,8,9,10,12,88,13,15,17,18,19,20,21
5,4,3,7,8,9,10,12,88,13,15,17,18,19,20,21
5,4,3,7,8,9,10,12,88,13,15,17,18,19,20,21
5,4,3,7,8,9,10,12,88,13,15,17,18,19,20,21
5,4,3,7,8,9,10,12,88,13,15,17,18,19,20,21
5,4,3,7,8,9,10,12,88,13,15,17,18,19,20,21
5,4,3,7,8,9,10,12,88,13,15,17,18,19,20,21
5,4,3,7,8,9,10,12,88,13,15,17,18,19,20,21
5,4,3,7,8,9,10,12,88,13,15,17,18,19,20,21
5,4,3,7,8,9,10,12,88,13,15,17,18,19,20,21
5,4,3,7,8,9,10,12,88,13,15,17,18,19,20,21
5,4,3,7,8,9,10,12,88,13,15,17,18,19,20,21
5,4,3,7,8,9,10,12,88,13,15,17,18,19,20,21
5,4,3,7,8,9,10,12,88,13,15,17,18,19,20,21
5,4,3,7,8,9,10,12,88,13,15,17,18,19,20,21
5,4,3,7,8,9,10,12,88,13,15,17,18,19,20,21
5,4,3,7,8,9,10,12,88,13,15,17,18,19,20,21
5,4,3,7,8,9,10,12,88,13,15,17,18,19,20,21
5,4,3,7,8,9,10,12,88,13,15,17,18,19,20,21
5,4,3,7,8,9,10,12,88,13,15,17,18,19,20,21
5,4,3,7,8,9,10,12,88,13,15,17,18,19,20,21
5,4,3,7,8,9,10,12,88,13,15,17,18,19,20,21
5,4,3,7,8,9,10,12,88,13,15,17,18,19,20,21
5,4,3,7,8,9,10,12,88,13,15,17,18,19,20,21
5,4,3,7,8,9,10,12,88,13,15,17,18,19,20,21
5,4,3,7,8,9,10,12,88,13,15,17,18,19,20,21
5,4,3,7,8,9,10,12,88,13,15,17,18,19,20,21
5,4,3,7,8,9,10,12,88,13,15,17,18,19,20,21
5,4,3,7,8,9,10,12,88,13,15,17,18,19,20,21
5,4,3,7,8,9,10,12,88,13,15,17,18,19,20,21
5,4,3,7,8,9,10,12,88,13,15,17,18,19,20,21
5,4,3,7,8,9,10,12,88,13,15,17,18,19,20,21
5,4,3,7,8,9,10,12,88,13,15,17,18,19,20,21
5,4,3,7,8,9,10,12,88,13,15,17,18,19,20,21
5,4,3,7,8,9,10,12,88,13,15,17,18,19,20,21
5,4,3,7,8,9,10,12,88,13,15,17,18,19,20,21
5,4,3,7,8,9,10,12,88,13,15,17,18,19,20,21
5,4,3,7,8,9,10,12,88,13,15,17,18,19,20,21
5,4,3,7,8,9,10,12,88,13,15,17,18,19,20,21
5,4,3,7,8,9,10,12,88,13,15,17,18,19,20,21
5,4,3,7,8,9,10,12,88,13,15,17,18,19,20,21
5,4,3,7,8,9,10,12,88,13,15,17,18,19,20,21
5,4,3,7,8,9,10,12,88,13,15,17,18,19,20,21
5,4,3,7,8,9,10,12,88,13,15,17,18,19,20,21
5,4,3,7,8,9,10,12,88,13,15,17,18,19,20,21
5,4,3,7,8,9,10,12,88,13,15,17,18,19,20,21
5,4,3,7,8,9,10,12,88,13,15,17,18,19,20,21
5,4,3,7,8,9,10,12,88,13,15,17,18,19,20,21
5,4,3,7,8,9,10,12,88,13,15,17,18,19,20,21
5,4,3,7,8,9,10,12,88,13,15,17,18,19,20,21
5,4,3,7,8,9,10,12,88,13,15,17,18,19,20,21
5,4,3,7,8,9,10,12,88,13,15,17,18,19,20,21
5,4,3,7,8,9,10,12,88,13,15,17,18,19,20,21
5,4,3,7,8,9,10,12,88,13,15,17,18,19,20,21
5,4,3,7,8,9,10,12,88,13,15,17,18,19,20,21
5,4,3,7,8,9,10,12,88,13,15,17,18,19,20,21
5,4,3,7,8,9,10,12,88,13,15,17,18,19,20,21
5,4,3,7,8,9,10,12,88,13,15,17,18,19,20,21
5,4,3,7,8,9,10,12,88,13,15,17,18,19,20,21
5,4,3,7,8,9,10,12,88,13,15,17,18,19,20,21
5,4,3,7,8,9,10,12,88,13,15,17,18,19,20,21
5,4,3,7,8,9,10,12,88,13,15,17,18,19,20,21
5,4,3,7,8,9,10,12,88,13,15,17,18,19,20,21
5,4,3,7,8,9,10,12,88,13,15,17,18,19,20,21
5,4,3,7,8,9,10,12,88,13,15,17,18,19,20,21
5,4,3,7,8,9,10,12,88,13,15,17,18,19,20,21
5,4,3,7,8,9,10,12,88,13,15,17,18,19,20,21
5,4,3,7,8,9,10,12,88,13,15,17,18,19,20,21
5,4,3,7,8,9,10,12,88,13,15,17,18,19,20,21
5,4,3,7,8,9,10,12,88,13,15,17,18,19,20,21
5,4,3,7,8,9,10,12,88,13,15,17,18,19,20,21
5,4,3,7,8,9,10,12,88,13,15,17,18,19,20,21
5,4,3,7,8,9,10,12,88,13,15,17,18,19,20,21
5,4,3,7,8,9,10,12,88,13,15,17,18,19,20,21
5,4,3,7,8,9,10,12,88,13,15,17,18,19,20,21
5,4,3,7,8,9,10,12,88,13,15,17,18,19,20,21
5,4,3,7,8,9,10,12,88,13,15,17,18,19,20,21
5,4,3,7,8,9,10,12,88,13,15,17,18,19,20,21
5,4,3,7,8,9,10,12,88,13,15,17,18,19,20,21
5,4,3,7,8,9,10,12,88,13,15,17,18,19,20,21
5,4,3,7,8,9,10,12,88,13,15,17,18,19,20,21
5,4,3,7,8,9,10,12,88,13,15,17,18,19,20,21
5,4,3,7,8,9,10,12,88,13,15,17,18,19,20,21
5,4,3,7,8,9,10,12,88,13,15,17,18,19,20,21
5,4,3,7,8,9,10,12,88,13,15,17,18,19,20,21
5,4,3,7,8,9,10,12,88,13,15,17,18,19,20,21
5,4,3,7,8,9,10,12,88,13,15,17,18,19,20,21
5,4,3,7,8,9,10,12,88,13,15,17,18,19,20,21
5,4,3,7,8,9,10,12,88,13,15,17,18,19,20,21
5,4,3,7,8,9,10,12,88,13,15,17,18,19,20,21
5,4,3,7,8,9,10,12,88,13,15,17,18,19,20,21
5,4,3,7,8,9,10,12,88,13,15,17,18,19,20,21
5,4,3,7,8,9,10,12,88,13,15,17,18,19,20,21
5,4,3,7,8,9,10,12,88,13,15,17,18,19,20,21
5,4,3,7,8,9,10,12,88,13,15,17,18,19,20,21
5,4,3,7,8,9,10,12,88,13,15,17,18,19,20,21
5,4,3,7,8,9,10,12,88,13,15,17,18,19,20,21
5,4,3,7,8,9,10,12,88,13,15,17,18,19,20,21
5,4,3,7,8,9,10,12,88,13,15,17,18,19,20,21
5,4,3,7,8,9,10,12,88,13,15,17,18,19,20,21
5,4,3,7,8,9,10,12,88,13,15,17,18,19,20,21
5,4,3,7,8,9,10,12,88,13,15,17,18,19,20,21
5,4,3,7,8,9,10,12,88,13,15,17,18,19,20,21
5,4,3,7,8,9,10,12,88,13,15,17,18,19,20,21
5,4,3,7,8,9,10,2,1,15,17,18,19,20,21
5,4,3,7,8,9,10,2,1,15,17,18,19,20,21
5,4,3,7,8,9,10,2,1,15,17,18,19,20,21
5,4,3,7,8,9,10,2,1,15,17,18,19,20,21
5,4,3,7,8,9,10,2,1,15,17,18,19,20,21
5,4,3,7,8,9,10,2,1,15,17,18,19,20,21
5,4,3,7,8,9,10,2,1,15,17,18,19,20,21
5,4,3,7,8,9,10,2,1,15,17,18,19,20,21
5,4,3,7,8,9,10,2,1,15,17,18,19,20,21
5,4,3,7,8,9,10,2,1,15,17,18,19,20,21
5,4,3,7,8,9,10,2,1,15,17,18,19,20,21
5,4,3,7,8,9,10,2,1,15,17,18,19,20,21
5,4,3,7,8,9,10,2,1,15,17,18,19,20,21
5,4,3,7,8,9,10,2,1,15,17,18,19,20,21
5,4,3,7,8,9,10,2,1,15,17,18,19,20,21
5,4,3,7,8,9,10,2,1,15,17,18,19,20,21
5,4,3,7,8,9,10,2,1,15,17,18,19,20,21
5,4,3,7,8,9,10,2,1,15,17,18,19,20,21
5,4,3,7,8,9,10,2,1,15,17,18,19,20,21
5,4,3,7,8,9,10,2,1,15,17,18,19,20,21
5,4,3,7,8,9,10,2,1,15,17,18,19,20,21
5,4,3,7,8,9,10,2,1,15,17,18,19,20,21
5,4,3,7,8,9,10,2,1,15,17,18,19,20,21
5,4,3,7,8,9,10,2,1,15,17,18,19,20,21
5,4,3,7,8,9,10,2,1,15,17,18,19,20,21
5,4,3,7,8,9,10,2,1,15,17,18,19,20,21
5,4,3,7,8,9,10,2,1,15,17,18,19,20,21
5,4,3,7,8,9,10,2,1,15,17,18,19,20,21
5,4,3,7,8,9,10,2,1,15,17,18,19,20,21
5,4,3,7,8,9,10,2,1,15,17,18,19,20,21
5,4,3,7,8,9,10,2,1,15,17,18,19,20,21
5,4,3,7,8,9,10,2,1,15,17,18,19,20,21
5,4,3,7,8,9,10,2,1,15,17,18,19,20,21
5,4,3,7,8,9,10,2,1,15,17,18,19,20,21
5,4,3,7,8,9,10,2,1,15,17,18,19,20,21
5,4,3,7,8,9,10,2,1,15,17,18,19,20,21
5,4,3,7,8,9,10,2,1,15,17,18,19,20,21
5,4,3,7,8,9,10,2,1,15,17,18,19,20,21
5,4,3,7,8,9,10,2,1,15,17,18,19,20,21
5,4,3,7,8,9,10,2,1,15,17,18,19,20,21
5,4,3,7,8,9,10,2,1,15,17,18,19,20,21
5,4,3,7,8,9,10,2,1,15,17,18,19,20,21
5,4,3,7,8,9,10,2,1,15,17,18,19,20,21
5,4,3,7,8,9,10,2,1,15,17,18,19,20,21
5,4,3,7,8,9,10,2,1,15,17,18,19,20,21
5,4,3,7,8,9,10,2,1,15,17,18,19,20,21
5,4,3,7,8,9,10,2,1,15,17,18,19,20,21
5,4,3,7,8,9,10,2,1,15,17,18,19,20,21
5,4,3,7,8,9,10,2,1,15,17,18,19,20,21
5,4,3,7,8,9,10,2,1,15,17,18,19,20,21
5,4,3,7,8,9,10,2,1,15,17,18,19,20,21
5,4,3,7,8,9,10,2,1,15,17,18,19,20,21
5,4,3,7,8,9,10,2,1,15,17,18,19,20,21
5,4,3,7,8,9,10,2,1,15,17,18,19,20,21
5,4,3,7,8,9,10,2,1,15,17,18,19,20,21
5,4,3,7,8,9,10,2,1,15,17,18,19,20,21
5,4,3,7,8,9,10,2,1,15,17,18,19,20,21
5,4,3,7,8,9,10,2,1,15,17,18,19,20,21
5,4,3,7,8,9,10,2,1,15,17,18,19,20,21
5,4,3,7,8,9,10,2,1,15,17,18,19,20,21
5,4,3,7,8,9,10,2,1,15,17,18,19,20,21
5,4,3,7,8,9,10,2,1,15,17,18,19,20,21
5,4,3,7,8,9,10,2,1,15,17,18,19,20,21
5,4,3,7,8,9,10,2,1,15,17,18,19,20,21
5,4,3,7,8,9,10,2,1,15,17,18,19,20,21
5,4,3,7,8,9,10,2,1,15,17,18,19,20,21
5,4,3,7,8,9,10,2,1,15,17,18,19,20,21
5,4,3,7,8,9,10,2,1,15,17,18,19,20,21
5,4,3,7,8,9,10,2,1,15,17,18,19,20,21
5,4,3,7,8,9,10,2,1,15,17,18,19,20,21
5,4,3,7,8,9,10,2,1,15,17,18,19,20,21
5,4,3,7,8,9,10,2,1,15,17,18,19,20,21
5,4,3,7,8,9,10,2,1,15,17,18,19,20,21
5,4,3,7,8,9,10,2,1,15,17,18,19,20,21
5,4,3,7,8,9,10,2,1,15,17,18,19,20,21
5,4,3,7,8,9,10,2,1,15,17,18,19,20,21
5,4,3,7,8,9,10,2,1,15,17,18,19,20,21
5,4,3,7,8,9,10,2,1,15,17,18,19,20,21
5,4,3,7,8,9,10,2,1,15,17,18,19,20,21
5,4,3,7,8,9,10,2,1,15,17,18,19,20,21
5,4,3,7,8,9,10,2,1,15,17,18,19,20,21
5,4,3,7,8,9,10,2,1,15,17,18,19,20,21
5,4,3,7,8,9,10,2,1,15,17,18,19,20,21
5,4,3,7,8,9,10,2,1,15,17,18,19,20,21
5,4,3,7,8,9,10,2,1,15,17,18,19,20,21
5,4,3,7,8,9,10,2,1,15,17,18,19,20,21
5,4,3,7,8,9,10,2,1,15,17,18,19,20,21
5,4,3,7,8,9,10,2,1,15,17,18,19,20,21
5,4,3,7,8,9,10,2,1,15,17,18,19,20,21
5,4,3,7,8,9,10,2,1,15,17,18,19,20,21
5,4,3,7,8,9,10,2,1,15,17,18,19,20,21
5,4,3,7,8,9,10,2,1,15,17,18,19,20,21
5,4,3,7,8,9,10,2,1,15,17,18,19,20,21
5,4,3,7,8,9,10,2,1,15,17,18,19,20,21
5,4,3,7,8,9,10,2,1,15,17,18,19,20,21
5,4,3,7,8,9,10,2,1,15,17,18,19,20,21
5,4,3,7,8,9,10,2,1,15,17,18,19,20,21
5,4,3,7,8,9,10,2,1,15,17,18,19,20,21
5,4,3,7,8,9,10,2,1,15,17,18,19,20,21
5,4,3,7,8,9,10,2,1,15,17,18,19,20,21
5,4,3,7,8,9,10,2,1,15,17,18,19,20,21
5,4,3,7,8,9,10,2,1,15,17,18,19,20,21
5,4,3,7,8,9,10,2,1,15,17,18,19,20,21
5,4,3,7,8,9,10,2,1,15,17,18,19,20,21
5,4,3,7,8,9,10,2,1,15,17,18,19,20,21
5,4,3,7,8,9,10,2,1,15,17,18,19,20,21
5,4,3,7,8,9,10,2,1,15,17,18,19,20,21
5,4,3,7,8,9,10,2,1,15,17,18,19,20,21
5,4,3,7,8,9,10,2,1,15,17,18,19,20,21
5,4,3,7,8,9,10,2,1,15,17,18,19,20,21
5,4,3,7,8,9,10,2,1,15,17,18,19,20,21
5,4,3,7,8,9,10,2,1,15,17,18,19,20,21
5,4,3,7,8,9,10,2,1,15,17,18,19,20,21
5,4,3,7,8,9,10,2,1,15,17,18,19,20,21
5,4,3,7,8,9,10,2,1,15,17,18,19,20,21
5,4,3,7,8,9,10,2,1,15,17,18,19,20,21
5,4,3,7,8,9,10,2,1,15,17,18,19,20,21
5,4,3,7,8,9,10,2,1,15,17,18,19,20,21
5,4,3,7,8,9,10,2,1,15,17,18,19,20,21
5,4,3,7,8,9,10,2,1,15,17,18,19,20,21
5,4,3,7,8,9,10,2,1,15,17,18,19,20,21
5,4,3,7,8,9,10,2,1,15,17,18,19,20,21
5,4,3,7,8,9,10,2,1,15,17,18,19,20,21
5,4,3,7,8,9,10,2,1,15,17,18,19,20,21
5,4,3,7,8,9,10,2,1,15,17,18,19,20,21
5,4,3,7,8,9,10,2,1,15,17,18,19,20,21
5,4,3,7,8,9,10,2,1,15,17,18,19,20,21
5,4,3,7,8,9,10,2,1,15,17,18,19,20,21
5,4,3,7,8,9,10,2,1,15,17,18,19,20,21
5,4,3,7,8,9,10,2,1,15,17,18,19,20,21
5,4,3,7,8,9,10,2,1,15,17,18,19,20,21
5,4,3,7,8,9,10,2,1,15,17,18,19,20,21
5,4,3,7,8,9,10,2,1,15,17,18,19,20,21
5,4,3,7,8,9,10,2,1,15,17,18,19,20,21
5,4,3,7,8,9,10,2,1,15,17,18,19,20,21
5,4,3,7,8,9,10,2,1,15,17,18,19,20,21
5,4,3,7,8,9,10,2,1,15,17,18,19,20,21
5,4,3,7,8,9,10,2,1,15,17,18,19,20,21
5,4,3,7,8,9,10,2,1,15,17,18,19,20,21
5,4,3,7,8,9,10,2,1,15,17,18,19,20,21
5,4,3,7,8,9,10,2,1,15,17,18,19,20,21
5,4,3,7,8,9,10,2,1,15,17,18,19,20,21
5,4,3,7,8,9,10,2,1,15,17,18,19,20,21
5,4,3,7,8,9,10,2,1,15,17,18,19,20,21
5,4,3,7,8,9,10,2,1,15,17,18,19,20,21
5,4,3,7,8,9,10,2,1,15,17,18,19,20,21
5,4,3,7,8,9,10,2,1,15,17,18,19,20,21
5,4,3,7,8,9,10,2,1,15,17,18,19,20,21
5,4,3,7,8,9,10,2,1,15,17,18,19,20,21
5,4,3,7,8,9,10,2,1,15,17,18,19,20,21
5,4,3,7,8,9,10,2,1,15,17,18,19,20,21
5,4,3,7,8,9,10,2,1,15,17,18,19,20,21
5,4,3,7,8,9,10,2,1,15,17,18,19,20,21
5,4,3,7,8,9,10,2,1,15,17,18,19,20,21
5,4,3,7,8,9,10,2,1,15,17,18,19,20,21
5,4,3,7,8,9,10,2,1,15,17,18,19,20,21
5,4,3,7,8,9,10,2,1,15,17,18,19,20,21
5,4,3,7,8,9,10,2,1,15,17,18,19,20,21
5,4,3,7,8,9,10,2,1,15,17,18,19,20,21
5,4,3,7,8,9,10,2,1,15,17,18,19,20,21
5,4,3,7,8,9,10,2,1,15,17,18,19,20,21
5,4,3,7,8,9,10,2,1,15,17,18,19,20,21
5,4,3,7,8,9,10,2,1,15,17,18,19,20,21
5,4,3,7,8,9,10,2,1,15,17,18,19,20,21
5,4,3,7,8,9,10,2,1,15,17,18,19,20,21
5,4,3,7,8,9,10,2,1,15,17,18,19,20,21
5,4,3,7,8,9,10,2,1,15,17,18,19,20,21
5,4,3,7,8,9,10,2,1,15,17,18,19,20,21
5,4,3,7,8,9,10,2,1,15,17,18,19,20,21
5,4,3,7,8,9,10,2,1,15,17,18,19,20,21
5,4,3,7,8,9,10,2,1,15,17,18,19,20,21
5,4,3,7,8,9,10,2,1,15,17,18,19,20,21
5,4,3,7,8,9,10,2,1,15,17,18,19,20,21
5,4,3,7,8,9,10,2,1,15,17,18,19,20,21
5,4,3,7,8,9,10,2,1,15,17,18,19,20,21
5,4,3,7,8,9,10,2,1,15,17,18,19,20,21
5,4,3,7,8,9,10,2,1,15,17,18,19,20,21
5,4,3,7,8,9,10,2,1,15,17,18,19,20,21
5,4,3,7,8,9,10,2,1,15,17,18,19,20,21
5,4,3,7,8,9,10,2,1,15,17,18,19,20,21
5,4,3,7,8,9,10,2,1,15,17,18,19,20,21
5,4,3,7,8,9,10,2,1,15,17,18,19,20,21
5,4,3,7,8,9,10,2,1,15,17,18,19,20,21
5,4,3,7,8,9,10,2,1,15,17,18,19,20,21
5,4,3,7,8,9,10,2,1,15,17,18,19,20,21
5,4,3,7,8,9,10,2,1,15,17,18,19,20,21
5,4,3,7,8,9,10,2,1,15,17,18,19,20,21
5,4,3,7,8,9,10,2,1,15,17,18,19,20,21
5,4,3,7,8,9,10,2,1,15,17,18,19,20,21
5,4,3,7,8,9,10,2,1,15,17,18,19,20,21
5,4,3,7,8,9,10,2,1,15,17,18,19,20,21
5,4,3,7,8,9,10,2,1,15,17,18,19,20,21
5,4,3,7,8,9,10,2,1,15,17,18,19,20,21
5,4,3,7,8,9,10,2,1,15,17,18,19,20,21
5,4,3,7,8,9,10,2,1,15,17,18,19,20,21
5,4,3,7,8,9,10,2,1,15,17,18,19,20,21
5,4,3,7,8,9,10,2,1,15,17,18,19,20,21
5,4,3,7,8,9,10,2,1,15,17,18,19,20,21
5,4,3,7,8,9,10,2,1,15,17,18,19,20,21
5,4,3,7,8,9,10,2,1,15,17,18,19,20,21
5,4,3,7,8,9,10,2,1,15,17,18,19,20,21
5,4,3,7,8,9,10,2,1,15,17,18,19,20,21
5,4,3,7,8,9,10,2,1,15,17,18,19,20,21
5,4,3,7,8,9,10,2,1,15,17,18,19,20,21
5,4,3,7,8,9,10,2,1,15,17,18,19,20,21
5,4,3,7,8,9,10,2,1,15,17,18,19,20,21
5,4,3,7,8,9,10,2,1,15,17,18,19,20,21
5,4,3,7,8,9,10,2,1,15,17,18,19,20,21
5,4,3,7,8,9,10,2,1,15,17,18,19,20,21
5,4,3,7,8,9,10,2,1,15,17,18,19,20,21
5,4,3,7,8,9,10,2,1,15,17,18,19,20,21
5,4,3,7,8,9,10,2,1,15,17,18,19,20,21
5,4,3,7,8,9,10,2,1,15,17,18,19,20,21
5,4,3,7,8,9,10,2,1,15,17,18,19,20,21
5,4,3,7,8,9,10,2,1,15,17,18,19,20,21
5,4,3,7,8,9,10,2,1,15,17,18,19,20,21
5,4,3,7,8,9,10,2,1,15,17,18,19,20,21
5,4,3,7,8,9,10,2,1,15,17,18,19,20,21
5,4,3,7,8,9,10,2,1,15,17,18,19,20,21
5,4,3,7,8,9,10,2,1,15,17,18,19,20,21
5,4,3,7,8,9,10,2,1,15,17,18,19,20,21
5,4,3,7,8,9,10,2,1,15,17,18,19,20,21
5,4,3,7,8,9,10,2,1,15,17,18,19,20,21
5,4,3,7,8,9,10,2,1,15,17,18,19,20,21
5,4,3,7,8,9,10,2,1,15,17,18,19,20,21
5,4,3,7,8,9,10,2,1,15,17,18,19,20,21
5,4,3,7,8,9,10,2,1,15,17,18,19,20,21
5,4,3,7,8,9,10,2,1,15,17,18,19,20,21
5,4,3,7,8,9,10,2,1,15,17,18,19,20,21
5,4,3,7,8,9,10,2,1,15,17,18,19,20,21
5,4,3,7,8,9,10,2,1,15,17,18,19,20,21
5,4,3,7,8,9,10,2,1,15,17,18,19,20,21
5,4,3,7,8,9,10,2,1,15,17,18,19,20,21
5,4,3,7,8,9,10,2,1,15,17,18,19,20,21
5,4,3,7,8,9,10,2,1,15,17,18,19,20,21
5,4,3,7,8,9,10,2,1,15,17,18,19,20,21
5,4,3,7,8,9,10,2,1,15,17,18,19,20,21
5,4,3,7,8,9,10,2,1,15,17,18,19,20,21
5,4,3,7,8,9,10,2,1,15,17,18,19,20,21
5,4,3,7,8,9,10,2,1,15,17,18,19,20,21
5,4,3,7,8,9,10,2,1,15,17,18,19,20,21
5,4,3,7,8,9,10,2,1,15,17,18,19,20,21
5,4,3,7,8,9,10,2,1,15,17,18,19,20,21
5,4,3,7,8,9,10,2,1,15,17,18,19,20,21
5,4,3,7,8,9,10,2,1,15,17,18,19,20,21
5,4,3,7,8,9,10,2,1,15,17,18,19,20,21
5,4,3,7,8,9,10,2,1,15,17,18,19,20,21
5,4,3,7,8,9,10,2,1,15,17,18,19,20,21
5,4,3,7,8,9,10,2,1,15,17,18,19,20,21
5,4,3,7,8,9,10,2,1,15,17,18,19,20,21
5,4,3,7,8,9,10,2,1,15,17,18,19,20,21
5,4,3,7,8,9,10,2,1,15,17,18,19,20,21
5,4,3,7,8,9,10,2,1,15,17,18,19,20,21
5,4,3,7,8,9,10,2,1,15,17,18,19,20,21
5,4,3,7,8,9,10,2,1,15,17,18,19,20,21
5,4,3,7,8,9,10,2,1,15,17,18,19,20,21
5,4,3,7,8,10,2,1,0,18,19,20,21
5,4,3,7,8,10,2,1,0,18,19,20,21
5,4,3,7,8,10,2,1,0,18,19,20,21
5,4,3,7,8,10,2,1,0,18,19,20,21
5,4,3,7,8,10,2,1,0,18,19,20,21
5,4,3,7,8,10,2,1,0,18,19,20,21
5,4,3,7,8,10,2,1,0,18,19,20,21
5,4,3,7,8,10,2,1,0,18,19,20,21
5,4,3,7,8,10,2,1,0,18,19,20,21
5,4,3,7,8,10,2,1,0,18,19,20,21
5,4,3,7,8,10,2,1,0,18,19,20,21
5,4,3,7,8,10,2,1,0,18,19,20,21
5,4,3,7,8,10,2,1,0,18,19,20,21
5,4,3,7,8,10,2,1,0,18,19,20,21
5,4,3,7,8,10,2,1,0,18,19,20,21
5,4,3,7,8,10,2,1,0,18,19,20,21
5,4,3,7,8,10,2,1,0,18,19,20,21
5,4,3,7,8,10,2,1,0,18,19,20,21
5,4,3,7,8,10,2,1,0,18,19,20,21
5,4,3,7,8,10,2,1,0,18,19,20,21
5,4,3,7,8,10,2,1,0,18,19,20,21
5,4,3,7,8,10,2,1,0,18,19,20,21
5,4,3,7,8,10,2,1,0,18,19,20,21
5,4,3,7,8,10,2,1,0,18,19,20,21
5,4,3,7,8,10,2,1,0,18,19,20,21
5,4,3,7,8,10,2,1,0,18,19,20,21
5,4,3,7,8,10,2,1,0,18,19,20,21
5,4,3,7,8,10,2,1,0,18,19,20,21
5,4,3,7,8,10,2,1,0,18,19,20,21
5,4,3,7,8,10,2,1,0,18,19,20,21
5,4,3,7,8,10,2,1,0,18,19,20,21
5,4,3,7,8,10,2,1,0,18,19,20,21
5,4,3,2,10,12,88,13,15,17,18,0,21
5,4,3,2,10,12,88,13,15,17,18,0,21
5,4,3,2,10,12,88,13,15,17,18,0,21
5,4,3,2,10,12,88,13,15,17,18,0,21
5,4,3,2,10,12,88,13,15,17,18,0,21
5,4,3,2,10,12,88,13,15,17,18,0,21
5,4,3,2,10,12,88,13,15,17,18,0,21
5,4,3,2,10,12,88,13,15,17,18,0,21
5,4,3,2,10,12,88,13,15,17,18,0,21
5,4,3,2,10,12,88,13,15,17,18,0,21
5,4,3,2,10,12,88,13,15,17,18,0,21
5,4,3,2,10,12,88,13,15,17,18,0,21
5,4,3,2,10,12,88,13,15,17,18,0,21
5,4,3,2,10,12,88,13,15,17,18,0,21
5,4,3,2,10,12,88,13,15,17,18,0,21
5,4,3,2,10,12,88,13,15,17,18,0,21
5,4,3,2,10,12,88,13,15,17,18,0,21
5,4,3,2,10,12,88,13,15,17,18,0,21
5,4,3,2,10,12,88,13,15,17,18,0,21
5,4,3,2,10,12,88,13,15,17,18,0,21
5,4,3,2,10,12,88,13,15,17,18,0,21
5,4,3,2,10,12,88,13,15,17,18,0,21
5,4,3,2,10,12,88,13,15,17,18,0,21
5,4,3,2,10,12,88,13,15,17,18,0,21
5,4,3,2,10,12,88,13,15,17,18,0,21
5,4,3,2,10,12,88,13,15,17,18,0,21
5,4,3,2,10,12,88,13,15,17,18,0,21
5,4,3,2,10,12,88,13,15,17,18,0,21
5,4,3,2,10,12,88,13,15,17,18,0,21
5,4,3,2,10,12,88,13,15,17,18,0,21
5,4,3,2,10,12,88,13,15,17,18,0,21
5,4,3,2,10,12,88,13,15,17,18,0,21
5,4,3,2,10,12,88,13,15,17,18,0,21
5,4,3,2,10,12,88,13,15,17,18,0,21
5,4,3,2,10,12,88,13,15,17,18,0,21
5,4,3,2,10,12,88,13,15,17,18,0,21
5,4,3,2,10,12,88,13,15,17,18,0,21
5,4,3,2,10,12,88,13,15,17,18,0,21
5,4,3,2,10,12,88,13,15,17,18,0,21
5,4,3,2,10,12,88,13,15,17,18,0,21
5,4,3,2,10,12,88,13,15,17,18,0,21
5,4,3,2,10,12,88,13,15,17,18,0,21
5,4,3,2,10,12,88,13,15,17,18,0,21
5,4,3,2,10,12,88,13,15,17,18,0,21
5,4,3,2,10,12,88,13,15,17,18,0,21
5,4,3,2,10,12,88,13,15,17,18,0,21
5,4,3,2,10,12,88,13,15,17,18,0,21
5,4,3,2,10,12,88,13,15,17,18,0,21
5,4,3,2,10,12,88,13,15,17,18,0,21
5,4,3,2,10,12,88,13,15,17,18,0,21
5,4,3,2,10,12,88,13,15,17,18,0,21
5,4,3,2,10,12,88,13,15,17,18,0,21
5,4,3,2,10,12,88,13,15,17,18,0,21
5,4,3,2,10,12,88,13,15,17,18,0,21
5,4,3,2,10,12,88,13,15,17,18,0,21
5,4,3,2,10,12,88,13,15,17,18,0,21
5,4,3,2,10,12,88,13,15,17,18,0,21
5,4,3,2,10,12,88,13,15,17,18,0,21
5,4,3,2,10,12,88,13,15,17,18,0,21
5,4,3,2,10,12,88,13,15,17,18,0,21
5,4,3,2,10,12,88,13,15,17,18,0,21
5,4,3,2,10,12,88,13,15,17,18,0,21
5,4,3,2,10,12,88,13,15,17,18,0,21
5,4,3,2,10,12,88,13,15,17,18,0,21
5,4,3,2,10,12,88,13,15,17,18,0,21
5,4,3,2,10,12,88,13,15,17,18,0,21
5,4,3,2,10,12,88,13,15,17,18,0,21
5,4,3,2,10,12,88,13,15,17,18,0,21
5,4,3,2,10,12,88,13,15,17,18,0,21
5,4,3,2,10,12,88,13,15,17,18,0,21
5,4,3,2,10,12,88,13,15,17,18,0,21
5,4,3,2,10,12,88,13,15,17,18,0,21
5,4,3,2,10,12,88,13,15,17,18,0,21
5,4,3,2,10,12,88,13,15,17,18,0,21
5,4,3,2,10,12,88,13,15,17,18,0,21
5,4,3,2,10,12,88,13,15,17,18,0,21
5,4,3,2,10,12,88,13,15,17,18,0,21
5,4,3,2,10,12,88,13,15,17,18,0,21
5,4,3,2,10,12,88,13,15,17,18,0,21
5,4,3,2,10,12,88,13,15,17,18,0,21
5,4,3,2,10,12,88,13,15,17,18,0,21
5,4,3,2,10,12,88,13,15,17,18,0,21
5,4,3,2,10,12,88,13,15,17,18,0,21
5,4,3,2,10,12,88,13,15,17,18,0,21
5,4,3,2,10,12,88,13,15,17,18,0,21
5,4,3,2,10,12,88,13,15,17,18,0,21
5,4,3,2,10,12,88,13,15,17,18,0,21
5,4,3,2,10,12,88,13,15,17,18,0,21
5,4,3,2,10,12,88,13,15,17,18,0,21
5,4,3,2,10,12,88,13,15,17,18,0,21
5,4,3,2,10,12,88,13,15,17,18,0,21
5,4,3,2,10,12,88,13,15,17,18,0,21
5,4,3,2,10,12,88,13,15,17,18,0,21
5,4,3,2,10,12,88,13,15,17,18,0,21
5,4,3,2,10,12,88,13,15,17,18,0,21
5,4,3,2,10,12,88,13,15,17,18,0,21
5,4,3,2,10,12,88,13,15,17,18,0,21
5,4,3,2,10,12,88,13,15,17,18,0,21
5,4,3,2,10,12,88,13,15,17,18,0,21
5,4,3,2,10,12,88,13,15,17,18,0,21
5,4,3,2,10,12,88,13,15,17,18,0,21
5,4,3,2,10,12,88,13,15,17,18,0,21
5,4,3,2,10,12,88,13,15,17,18,0,21
5,4,3,2,10,12,88,13,15,17,18,0,21
5,4,3,2,10,12,88,13,15,17,18,0,21
5,4,3,2,10,12,88,13,15,17,18,0,21
5,4,3,2,10,12,88,13,15,17,18,0,21
5,4,3,2,10,12,88,13,15,17,18,0,21
5,4,3,2,10,12,88,13,15,17,18,0,21
5,4,3,2,10,12,88,13,15,17,18,0,21
5,4,3,2,10,12,88,13,15,17,18,0,21
5,4,3,2,10,12,88,13,15,17,18,0,21
5,4,3,2,10,12,88,13,15,17,18,0,21
5,4,3,2,10,12,88,13,15,17,18,0,21
5,4,3,2,10,12,88,13,15,17,18,0,21
5,4,3,2,10,12,88,13,15,17,18,0,21
5,4,3,2,10,12,88,13,15,17,18,0,21
5,4,3,2,10,12,88,13,15,17,18,0,21
5,4,3,2,10,12,88,13,15,17,18,0,21
5,4,3,2,10,12,88,13,15,17,18,0,21
5,4,3,2,10,12,88,13,15,17,18,0,21
5,4,3,2,10,12,88,13,15,17,18,0,21
5,4,3,2,10,12,88,13,15,17,18,0,21
5,4,3,2,10,12,88,13,15,17,18,0,21
5,4,3,2,10,12,88,13,15,17,18,0,21
5,4,3,2,10,12,88,13,15,17,18,0,21
5,4,3,2,10,12,88,13,15,17,18,0,21
5,4,3,2,10,12,88,13,15,17,18,0,21
5,4,3,2,10,12,88,13,15,17,18,0,21
5,4,3,2,10,12,88,13,15,17,18,0,21
5,4,3,2,10,12,88,13,15,17,18,0,21
5,4,3,2,10,12,88,13,15,17,18,0,21
5,4,3,2,10,12,88,13,15,17,18,0,21
5,4,3,2,10,12,88,13,15,17,18,0,21
5,4,3,2,10,12,88,13,15,17,18,0,21
5,4,3,2,10,12,88,13,15,17,18,0,21
5,4,3,2,10,12,88,13,15,17,18,0,21
5,4,3,2,10,12,88,13,15,17,18,0,21
5,4,3,2,10,12,88,13,15,17,18,0,21
5,4,3,2,10,12,88,13,15,17,18,0,21
5,4,3,2,10,12,88,13,15,17,18,0,21
5,4,3,2,10,12,88,13,15,17,18,0,21
5,4,3,2,10,12,88,13,15,17,18,0,21
5,4,3,2,10,12,88,13,15,17,18,0,21
5,4,3,2,10,12,88,13,15,17,18,0,21
5,4,3,2,10,12,88,13,15,17,18,0,21
5,4,3,2,10,12,88,13,15,17,18,0,21
5,4,3,2,10,12,88,13,15,17,18,0,21
5,4,3,2,10,12,88,13,15,17,18,0,21
5,4,3,2,10,12,88,13,15,17,18,0,21
5,4,3,2,10,12,88,13,15,17,18,0,21
5,4,3,2,10,12,88,13,15,17,18,0,21
5,4,3,2,10,12,88,13,15,17,18,0,21
5,4,3,2,10,12,88,13,15,17,18,0,21
5,4,3,2,10,12,88,13,15,17,18,0,21
5,4,3,2,10,12,88,13,15,17,18,0,21
5,4,3,2,10,12,88,13,15,17,18,0,21
5,4,3,2,10,12,88,13,15,17,18,0,21
5,4,3,2,10,12,88,13,15,17,18,0,21
5,4,3,2,10,12,88,13,15,17,18,0,21
5,4,3,2,10,12,88,13,15,17,18,0,21
5,4,3,2,10,12,88,13,15,17,18,0,21
5,4,3,2,10,12,88,13,15,17,18,0,21
5,4,3,2,10,12,88,13,15,17,18,0,21
5,4,3,2,10,12,88,13,15,17,18,0,21
5,4,3,2,10,12,88,13,15,17,18,0,21
5,4,3,2,10,12,88,13,15,17,18,0,21
5,4,3,2,10,12,88,13,15,17,18,0,21
5,4,3,2,10,12,88,13,15,17,18,0,21
5,4,3,2,10,12,88,13,15,17,18,0,21
5,4,3,2,10,12,88,13,15,17,18,0,21
5,4,3,2,10,12,88,13,15,17,18,0,21
5,4,3,2,10,12,88,13,15,17,18,0,21
5,4,3,2,10,12,88,13,15,17,18,0,21
5,4,3,2,10,12,88,13,15,17,18,0,21
5,4,3,2,10,12,88,13,15,17,18,0,21
5,4,3,2,10,12,88,13,15,17,18,0,21
5,4,3,2,10,12,88,13,15,17,18,0,21
5,4,3,2,10,12,88,13,15,17,18,0,21
5,4,3,2,10,12,88,13,15,17,18,0,21
5,4,3,2,10,12,88,13,15,17,18,0,21
5,4,3,2,10,12,88,13,15,17,18,0,21
5,4,3,2,10,12,88,13,15,17,18,0,21
5,4,3,2,10,12,88,13,15,17,18,0,21
5,4,3,2,10,12,88,13,15,17,18,0,21
5,4,3,2,10,12,88,13,15,17,18,0,21
5,4,3,2,10,12,88,13,15,17,18,0,21
5,4,3,2,10,12,88,13,15,17,18,0,21
5,4,3,2,10,12,88,13,15,17,18,0,21
5,4,3,2,10,12,88,13,15,17,18,0,21
5,4,3,2,10,12,88,13,15,17,18,0,21
5,4,3,2,10,12,88,13,15,17,18,0,21
5,4,3,2,10,12,88,13,15,17,18,0,21
5,4,3,2,10,12,88,13,15,17,18,0,21
5,4,3,2,10,12,88,13,15,17,18,0,21
5,4,3,2,10,12,88,13,15,17,18,0,21
5,4,3,2,10,12,88,13,15,17,18,0,21
5,4,3,2,10,12,88,13,15,17,18,0,21
5,4,3,2,10,12,88,13,15,17,18,0,21
5,4,3,2,10,12,88,13,15,17,18,0,21
5,4,3,2,10,12,88,13,15,17,18,0,21
5,4,3,2,10,12,88,13,15,17,18,0,21
5,4,3,2,10,12,88,13,15,17,18,0,21
5,4,3,2,10,12,88,13,15,17,18,0,21
5,4,3,2,10,12,88,13,15,17,18,0,21
5,4,3,2,10,12,88,13,15,17,18,0,21
5,4,3,2,10,12,88,13,15,17,18,0,21
5,4,3,2,10,12,88,13,15,17,18,0,21
5,4,3,2,10,12,88,13,15,17,18,0,21
5,4,3,2,10,12,88,13,15,17,18,0,21
5,4,3,2,10,12,88,13,15,17,18,0,21
5,4,3,2,10,12,88,13,15,17,18,0,21
5,4,3,2,10,12,88,13,15,17,18,0,21
5,4,3,2,10,12,88,13,15,17,18,0,21
5,4,3,2,10,12,88,13,15,17,18,0,21
5,4,3,2,10,12,88,13,15,17,18,0,21
5,4,3,2,10,12,88,13,15,17,18,0,21
5,4,3,2,10,12,88,13,15,17,18,0,21
5,4,3,2,10,12,88,13,15,17,18,0,21
5,4,3,2,10,12,88,13,15,17,18,0,21
5,4,3,2,10,12,88,13,15,17,18,0,21
5,4,3,2,10,12,88,13,15,17,18,0,21
5,4,3,2,10,12,88,13,15,17,18,0,21
5,4,3,2,10,12,88,13,15,17,18,0,21
5,4,3,2,10,12,88,13,15,17,18,0,21
5,4,3,2,10,12,88,13,15,17,18,0,21
5,4,3,2,10,12,88,13,15,17,18,0,21
5,4,3,2,10,12,88,13,15,17,18,0,21
5,4,3,2,10,12,88,13,15,17,18,0,21
5,4,3,2,10,12,88,13,15,17,18,0,21
5,4,3,2,10,12,88,13,15,17,18,0,21
5,4,3,2,10,12,88,13,15,17,18,0,21
5,4,3,2,10,12,88,13,15,17,18,0,21
5,4,3,2,10,12,88,13,15,17,18,0,21
5,4,3,2,10,12,88,13,15,17,18,0,21
5,4,3,2,10,12,88,13,15,17,18,0,21
5,4,3,2,10,12,88,13,15,17,18,0,21
5,4,3,2,10,12,88,13,15,17,18,0,21
5,4,3,2,10,12,88,13,15,17,18,0,21
5,4,3,2,10,12,88,13,15,17,18,0,21
5,4,3,2,10,12,88,13,15,17,18,0,21
5,4,3,2,10,12,88,13,15,17,18,0,21
5,4,3,2,10,12,88,13,15,17,18,0,21
5,4,3,2,10,12,88,13,15,17,18,0,21
5,4,3,2,10,12,88,13,15,17,18,0,21
5,4,3,2,10,12,88,13,15,17,18,0,21
5,4,3,2,10,12,88,13,15,17,18,0,21
5,4,3,2,10,12,88,13,15,17,18,0,21
5,4,3,2,10,12,88,13,15,17,18,0,21
5,4,3,2,10,12,88,13,15,17,18,0,21
5,4,3,2,10,12,88,13,15,17,18,0,21
5,4,3,2,10,12,88,13,15,17,18,0,21
5,4,3,2,10,12,88,13,15,17,18,0,21
5,4,3,2,10,12,88,13,15,17,18,0,21
5,4,3,2,10,12,88,13,15,17,18,0,21
5,4,3,2,10,12,88,13,15,17,18,0,21
5,4,3,7,8,9,10,12,88,13,15,17,18,0,21
5,4,3,7,8,9,10,12,88,13,15,17,18,0,21
5,4,3,7,8,9,10,12,88,13,15,17,18,0,21
5,4,3,7,8,9,10,12,88,13,15,17,18,0,21
5,4,3,7,8,9,10,12,88,13,15,17,18,0,21
5,4,3,7,8,9,10,12,88,13,15,17,18,0,21
5,4,3,7,8,9,10,12,88,13,15,17,18,0,21
5,4,3,7,8,9,10,12,88,13,15,17,18,0,21
5,4,3,7,8,9,10,12,88,13,15,17,18,0,21
5,4,3,7,8,9,10,12,88,13,15,17,18,0,21
5,4,3,7,8,9,10,12,88,13,15,17,18,0,21
5,4,3,7,8,9,10,12,88,13,15,17,18,0,21
5,4,3,7,8,9,10,12,88,13,15,17,18,0,21
5,4,3,7,8,9,10,12,88,13,15,17,18,0,21
5,4,3,7,8,9,10,12,88,13,15,17,18,0,21
5,4,3,7,8,9,10,12,88,13,15,17,18,0,21
5,4,3,7,8,9,10,12,88,13,15,17,18,0,21
5,4,3,7,8,9,10,12,88,13,15,17,18,0,21
5,4,3,7,8,9,10,12,88,13,15,17,18,0,21
5,4,3,7,8,9,10,12,88,13,15,17,18,0,21
5,4,3,7,8,9,10,12,88,13,15,17,18,0,21
5,4,3,7,8,9,10,12,88,13,15,17,18,0,21
5,4,3,7,8,9,10,12,88,13,15,17,18,0,21
5,4,3,7,8,9,10,12,88,13,15,17,18,0,21
5,4,3,7,8,9,10,12,88,13,15,17,18,0,21
5,4,3,7,8,9,10,12,88,13,15,17,18,0,21
5,4,3,7,8,9,10,12,88,13,15,17,18,0,21
5,4,3,7,8,9,10,12,88,13,15,17,18,0,21
5,4,3,7,8,9,10,12,88,13,15,17,18,0,21
5,4,3,7,8,9,10,12,88,13,15,17,18,0,21
5,4,3,7,8,9,10,12,88,13,15,17,18,0,21
5,4,3,7,8,9,10,12,88,13,15,17,18,0,21
5,4,3,7,8,9,10,12,88,13,15,17,18,0,21
5,4,3,7,8,9,10,12,88,13,15,17,18,0,21
5,4,3,7,8,9,10,12,88,13,15,17,18,0,21
5,4,3,7,8,9,10,12,88,13,15,17,18,0,21
5,4,3,7,8,9,10,12,88,13,15,17,18,0,21
5,4,3,7,8,9,10,12,88,13,15,17,18,0,21
5,4,3,7,8,9,10,12,88,13,15,17,18,0,21
5,4,3,7,8,9,10,12,88,13,15,17,18,0,21
5,4,3,7,8,9,10,12,88,13,15,17,18,0,21
5,4,3,7,8,9,10,12,88,13,15,17,18,0,21
5,4,3,7,8,9,10,12,88,13,15,17,18,0,21
5,4,3,7,8,9,10,12,88,13,15,17,18,0,21
5,4,3,7,8,9,10,12,88,13,15,17,18,0,21
5,4,3,7,8,9,10,12,88,13,15,17,18,0,21
5,4,3,7,8,9,10,12,88,13,15,17,18,0,21
5,4,3,7,8,9,10,12,88,13,15,17,18,0,21
5,4,3,7,8,9,10,12,88,13,15,17,18,0,21
5,4,3,7,8,9,10,12,88,13,15,17,18,0,21
5,4,3,7,8,9,10,12,88,13,15,17,18,0,21
5,4,3,7,8,9,10,12,88,13,15,17,18,0,21
5,4,3,7,8,9,10,12,88,13,15,17,18,0,21
5,4,3,7,8,9,10,12,88,13,15,17,18,0,21
5,4,3,7,8,9,10,12,88,13,15,17,18,0,21
5,4,3,7,8,9,10,12,88,13,15,17,18,0,21
5,4,3,7,8,9,10,12,88,13,15,17,18,0,21
5,4,3,7,8,9,10,12,88,13,15,17,18,0,21
5,4,3,7,8,9,10,12,88,13,15,17,18,0,21
5,4,3,7,8,9,10,12,88,13,15,17,18,0,21
5,4,3,7,8,9,10,12,88,13,15,17,18,0,21
5,4,3,7,8,9,10,12,88,13,15,17,18,0,21
5,4,3,7,8,9,10,12,88,13,15,17,18,0,21
5,4,3,7,8,9,10,12,88,13,15,17,18,0,21
5,4,3,7,8,9,10,12,88,13,15,17,18,0,21
5,4,3,7,8,9,10,12,88,13,15,17,18,0,21
5,4,3,7,8,9,10,12,88,13,15,17,18,0,21
5,4,3,7,8,9,10,12,88,13,15,17,18,0,21
5,4,3,7,8,9,10,12,88,13,15,17,18,0,21
5,4,3,7,8,9,10,12,88,13,15,17,18,0,21
5,4,3,7,8,9,10,12,88,13,15,17,18,0,21
5,4,3,7,8,9,10,12,88,13,15,17,18,0,21
5,4,3,7,8,9,10,12,88,13,15,17,18,0,21
5,4,3,7,8,9,10,12,88,13,15,17,18,0,21
5,4,3,7,8,9,10,12,88,13,15,17,18,0,21
5,4,3,7,8,9,10,12,88,13,15,17,18,0,21
5,4,3,7,8,9,10,12,88,13,15,17,18,0,21
5,4,3,7,8,9,10,12,88,13,15,17,18,0,21
5,4,3,7,8,9,10,12,88,13,15,17,18,0,21
5,4,3,7,8,9,10,12,88,13,15,17,18,0,21
5,4,3,7,8,9,10,12,88,13,15,17,18,0,21
5,4,3,7,8,9,10,12,88,13,15,17,18,0,21
5,4,3,7,8,9,10,12,88,13,15,17,18,0,21
5,4,3,7,8,9,10,12,88,13,15,17,18,0,21
5,4,3,7,8,9,10,12,88,13,15,17,18,0,21
5,4,3,7,8,9,10,12,88,13,15,17,18,0,21
5,4,3,7,8,9,10,12,88,13,15,17,18,0,21
5,4,3,7,8,9,10,12,88,13,15,17,18,0,21
5,4,3,7,8,9,10,12,88,13,15,17,18,0,21
5,4,3,7,8,9,10,12,88,13,15,17,18,0,21
5,4,3,7,8,9,10,12,88,13,15,17,18,0,21
5,4,3,7,8,9,10,12,88,13,15,17,18,0,21
5,4,3,7,8,9,10,12,88,13,15,17,18,0,21
5,4,3,7,8,9,10,12,88,13,15,17,18,0,21
5,4,3,7,8,9,10,12,88,13,15,17,18,0,21
5,4,3,7,8,9,10,12,88,13,15,17,18,0,21
5,4,3,7,8,9,10,12,88,13,15,17,18,0,21
5,4,3,7,8,9,10,12,88,13,15,17,18,0,21
5,4,3,7,8,9,10,12,88,13,15,17,18,0,21
5,4,3,7,8,9,10,12,88,13,15,17,18,0,21
5,4,3,7,8,9,10,12,88,13,15,17,18,0,21
5,4,3,7,8,9,10,12,88,13,15,17,18,0,21
5,4,3,7,8,9,10,12,88,13,15,17,18,0,21
5,4,3,7,8,9,10,12,88,13,15,17,18,0,21
5,4,3,7,8,9,10,12,88,13,15,17,18,0,21
5,4,3,7,8,9,10,12,88,13,15,17,18,0,21
5,4,3,7,8,9,10,12,88,13,15,17,18,0,21
5,4,3,7,8,9,10,12,88,13,15,17,18,0,21
5,4,3,7,8,9,10,12,88,13,15,17,18,0,21
5,4,3,7,8,9,10,12,88,13,15,17,18,0,21
5,4,3,7,8,9,10,12,88,13,15,17,18,0,21
5,4,3,7,8,9,10,12,88,13,15,17,18,0,21
5,4,3,7,8,9,10,12,88,13,15,17,18,0,21
5,4,3,7,8,9,10,12,88,13,15,17,18,0,21
5,4,3,7,8,9,10,12,88,13,15,17,18,0,21
5,4,3,7,8,9,10,12,88,13,15,17,18,0,21
5,4,3,7,8,9,10,12,88,13,15,17,18,0,21
5,4,3,7,8,9,10,12,88,13,15,17,18,0,21
5,4,3,7,8,9,10,12,88,13,15,17,18,0,21
5,4,3,7,8,9,10,12,88,13,15,17,18,0,21
5,4,3,7,8,9,10,12,88,13,15,17,18,0,21
5,4,3,7,8,9,10,12,88,13,15,17,18,0,21
5,4,3,7,8,9,10,12,88,13,15,17,18,0,21
5,4,3,7,8,9,10,12,88,13,15,17,18,0,21
5,4,3,7,8,9,10,12,88,13,15,17,18,0,21
5,4,3,7,8,9,10,12,88,13,15,17,18,0,21
5,4,3,7,8,9,10,12,88,13,15,17,18,0,21
5,4,3,7,8,9,10,12,88,13,15,17,18,0,21
5,4,3,7,8,9,10,12,88,13,15,17,18,0,21
5,4,3,7,8,9,10,12,88,13,15,17,18,0,21
5,4,3,7,8,9,10,12,88,13,15,17,18,0,21
5,4,3,7,8,9,10,12,88,13,15,17,18,0,21
5,4,3,7,8,9,10,12,88,13,15,17,18,0,21
5,4,3,7,8,9,10,12,88,13,15,17,18,0,21
5,4,3,7,8,9,10,12,88,13,15,17,18,0,21
5,4,3,7,8,9,10,12,88,13,15,17,18,0,21
5,4,3,7,8,9,10,12,88,13,15,17,18,0,21
5,4,3,7,8,9,10,12,88,13,15,17,18,0,21
5,4,3,7,8,9,10,12,88,13,15,17,18,0,21
5,4,3,7,8,9,10,12,88,13,15,17,18,0,21
5,4,3,7,8,9,10,12,88,13,15,17,18,0,21
5,4,3,7,8,9,10,12,88,13,15,17,18,0,21
5,4,3,7,8,9,10,12,88,13,15,17,18,0,21
5,4,3,7,8,9,10,12,88,13,15,17,18,0,21
5,4,3,7,8,9,10,12,88,13,15,17,18,0,21
5,4,3,7,8,9,10,12,88,13,15,17,18,0,21
5,4,3,7,8,9,10,12,88,13,15,17,18,0,21
5,4,3,7,8,9,10,12,88,13,15,17,18,0,21
5,4,3,7,8,9,10,12,88,13,15,17,18,0,21
5,4,3,7,8,9,10,12,88,13,15,17,18,0,21
5,4,3,7,8,9,10,12,88,13,15,17,18,0,21
5,4,3,7,8,9,10,12,88,13,15,17,18,0,21
5,4,3,7,8,9,10,12,88,13,15,17,18,0,21
5,4,3,7,8,9,10,12,88,13,15,17,18,0,21
5,4,3,7,8,9,10,12,88,13,15,17,18,0,21
5,4,3,7,8,9,10,12,88,13,15,17,18,0,21
5,4,3,7,8,9,10,12,88,13,15,17,18,0,21
5,4,3,7,8,9,10,12,88,13,15,17,18,0,21
5,4,3,7,8,9,10,12,88,13,15,17,18,0,21
5,4,3,7,8,9,10,12,88,13,15,17,18,0,21
5,4,3,7,8,9,10,12,88,13,15,17,18,0,21
5,4,3,7,8,9,10,12,88,13,15,17,18,0,21
5,4,3,7,8,9,10,12,88,13,15,17,18,0,21
5,4,3,7,8,9,10,12,88,13,15,17,18,0,21
5,4,3,7,8,9,10,12,88,13,15,17,18,0,21
5,4,3,7,8,9,10,12,88,13,15,17,18,0,21
5,4,3,7,8,9,10,12,88,13,15,17,18,0,21
5,4,3,7,8,9,10,12,88,13,15,17,18,0,21
5,4,3,7,8,9,10,12,88,13,15,17,18,0,21
5,4,3,7,8,9,10,12,88,13,15,17,18,0,21
5,4,3,7,8,9,10,12,88,13,15,17,18,0,21
5,4,3,7,8,9,10,12,88,13,15,17,18,0,21
5,4,3,7,8,9,10,12,88,13,15,17,18,0,21
5,4,3,7,8,9,10,12,88,13,15,17,18,0,21
5,4,3,7,8,9,10,12,88,13,15,17,18,0,21
5,4,3,7,8,9,10,12,88,13,15,17,18,0,21
5,4,3,7,8,9,10,12,88,13,15,17,18,0,21
5,4,3,7,8,9,10,12,88,13,15,17,18,0,21
5,4,3,7,8,9,10,12,88,13,15,17,18,0,21
5,4,3,7,8,9,10,12,88,13,15,17,18,0,21
5,4,3,7,8,9,10,12,88,13,15,17,18,0,21
5,4,3,7,8,9,10,12,88,13,15,17,18,0,21
5,4,3,7,8,9,10,12,88,13,15,17,18,0,21
5,4,3,7,8,9,10,12,88,13,15,17,18,0,21
5,4,3,7,8,9,10,12,88,13,15,17,18,0,21
5,4,3,7,8,9,10,12,88,13,15,17,18,0,21
5,4,3,7,8,9,10,12,88,13,15,17,18,0,21
5,4,3,7,8,9,10,12,88,13,15,17,18,0,21
5,4,3,7,8,9,10,12,88,13,15,17,18,0,21
5,4,3,7,8,9,10,12,88,13,15,17,18,0,21
5,4,3,7,8,9,10,12,88,13,15,17,18,0,21
5,4,3,7,8,9,10,12,88,13,15,17,18,0,21
5,4,3,7,8,9,10,12,88,13,15,17,18,0,21
5,4,3,7,8,9,10,12,88,13,15,17,18,0,21
5,4,3,7,8,9,10,12,88,13,15,17,18,0,21
5,4,3,7,8,9,10,12,88,13,15,17,18,0,21
5,4,3,7,8,9,10,12,88,13,15,17,18,0,21
5,4,3,7,8,9,10,12,88,13,15,17,18,0,21
5,4,3,7,8,9,10,12,88,13,15,17,18,0,21
5,4,3,7,8,9,10,12,88,13,15,17,18,0,21
5,4,3,7,8,9,10,12,88,13,15,17,18,0,21
5,4,3,7,8,9,10,12,88,13,15,17,18,0,21
5,4,3,7,8,9,10,12,88,13,15,17,18,0,21
5,4,3,7,8,9,10,12,88,13,15,17,18,0,21
5,4,3,7,8,9,10,12,88,13,15,17,18,0,21
5,4,3,7,8,9,10,12,88,13,15,17,18,0,21
5,4,3,7,8,9,10,12,88,13,15,17,18,0,21
5,4,3,7,8,9,10,12,88,13,15,17,18,0,21
5,4,3,7,8,9,10,12,88,13,15,17,18,0,21
5,4,3,7,8,9,10,12,88,13,15,17,18,0,21
5,4,3,7,8,9,10,12,88,13,15,17,18,0,21
5,4,3,7,8,9,10,12,88,13,15,17,18,0,21
5,4,3,7,8,9,10,12,88,13,15,17,18,0,21
5,4,3,7,8,9,10,12,88,13,15,17,18,0,21
5,4,3,7,8,9,10,12,88,13,15,17,18,0,21
5,4,3,7,8,9,10,12,88,13,15,17,18,0,21
5,4,3,7,8,9,10,12,88,13,15,17,18,0,21
5,4,3,7,8,9,10,12,88,13,15,17,18,0,21
5,4,3,7,8,9,10,12,88,13,15,17,18,0,21
5,4,3,7,8,9,10,12,88,13,15,17,18,0,21
5,4,3,7,8,9,10,12,88,13,15,17,18,0,21
5,4,3,7,8,9,10,12,88,13,15,17,18,0,21
5,4,3,7,8,9,10,12,88,13,15,17,18,0,21
5,4,3,7,8,9,10,12,88,13,15,17,18,0,21
5,4,3,7,8,9,10,12,88,13,15,17,18,0,21
5,4,3,7,8,9,10,12,88,13,15,17,18,0,21
5,4,3,7,8,9,10,12,88,13,15,17,18,0,21
5,4,3,7,8,9,10,12,88,13,15,17,18,0,21
5,4,3,7,8,9,10,12,88,13,15,17,18,0,21
5,4,3,7,8,9,10,12,88,13,15,17,18,0,21
5,4,3,7,8,9,10,12,88,13,15,17,18,0,21
5,4,3,7,8,9,10,12,88,13,15,17,18,0,21
5,4,3,7,8,9,10,12,88,13,15,17,18,0,21
5,4,3,7,8,9,10,12,88,13,15,17,18,0,21
5,4,3,7,8,9,10,12,88,13,15,17,18,0,21
5,4,3,7,8,9,10,12,88,13,15,17,18,0,21
5,4,3,7,8,9,10,12,88,13,15,17,18,0,21
5,4,3,7,8,9,10,12,88,13,15,17,18,0,21
5,4,3,7,8,9,10,12,88,13,15,17,18,0,21
5,4,3,7,8,9,10,12,88,13,15,17,18,0,21
5,4,3,7,8,9,10,12,88,13,15,17,18,0,21
5,4,3,7,8,9,10,12,88,13,15,17,18,0,21
5,4,3,7,8,9,10,12,88,13,15,17,18,0,21
5,4,3,7,8,9,10,12,88,13,15,17,18,0,21
5,4,3,7,8,9,10,12,88,13,15,17,18,0,21
5,4,3,7,8,9,10,12,88,13,15,17,18,0,21
5,4,3,7,8,9,10,12,88,13,15,17,18,0,21
5,4,3,7,8,9,10,12,88,13,15,17,18,0,21
5,4,3,7,8,9,10,12,88,13,15,17,18,0,21
5,4,3,7,8,9,10,12,88,13,15,17,18,0,21
5,4,3,7,8,9,10,12,88,13,15,17,18,0,21
5,4,3,7,8,9,10,12,88,13,15,17,18,0,21
5,4,3,7,8,9,10,12,88,13,15,17,18,0,21
5,4,3,7,8,9,10,12,88,13,15,17,18,0,21
5,4,3,7,8,9,10,12,88,13,15,17,18,0,21
5,4,3,7,8,9,10,12,88,13,15,17,18,0,21
5,4,3,7,8,9,10,12,88,13,15,17,18,0,21
5,4,3,7,8,9,10,12,88,13,15,17,18,0,21
5,4,3,7,8,9,10,12,88,13,15,17,18,0,21
5,4,3,7,8,9,10,12,88,13,15,17,18,0,21
5,4,3,7,8,9,10,12,88,13,15,17,18,0,21
5,4,3,7,8,9,10,12,88,13,15,17,18,0,21
5,4,3,7,8,9,10,12,88,13,15,17,18,0,21
5,4,3,7,8,9,10,12,88,13,15,17,18,0,21
5,4,3,7,8,9,10,12,88,13,15,17,18,0,21
5,4,3,7,8,9,10,12,88,13,15,17,18,0,21
5,4,3,7,8,9,10,12,88,13,15,17,18,0,21
5,4,3,7,8,9,10,12,88,13,15,17,18,0,21
5,4,3,7,8,9,10,12,88,13,15,17,18,0,21
5,4,3,7,8,9,10,12,88,13,15,17,18,0,21
5,4,3,7,8,9,10,12,88,13,15,17,18,0,21
5,4,3,7,8,9,10,12,88,13,15,17,18,0,21
5,4,3,7,8,9,10,12,88,13,15,17,18,0,21
5,4,3,7,8,9,10,12,88,13,15,17,18,0,21
5,4,3,7,8,9,10,12,88,13,15,17,18,0,21
5,4,3,7,8,9,10,12,88,13,15,17,18,0,21
5,4,3,7,8,9,10,12,88,13,15,17,18,0,21
5,4,3,7,8,9,10,12,88,13,15,17,18,0,21
5,4,3,7,8,9,10,12,88,13,15,17,18,0,21
5,4,3,7,8,9,10,12,88,13,15,17,18,0,21
5,4,3,7,8,9,10,12,88,13,15,17,18,0,21
5,4,3,7,8,9,10,12,88,13,15,17,18,0,21
5,4,3,7,8,9,10,12,88,13,15,17,18,0,21
5,4,3,7,8,9,10,12,88,13,15,17,18,0,21
5,4,3,7,8,9,10,12,88,13,15,17,18,0,21
5,4,3,7,8,9,10,12,88,13,15,17,18,0,21
5,4,3,7,8,9,10,12,88,13,15,17,18,0,21
5,4,3,7,8,9,10,12,88,13,15,17,18,0,21
5,4,3,7,8,9,10,12,88,13,15,17,18,0,21
5,4,3,7,8,9,10,12,88,13,15,17,18,0,21
5,4,3,7,8,9,10,12,88,13,15,17,18,0,21
5,4,3,7,8,9,10,12,88,13,15,17,18,0,21
5,4,3,7,8,9,10,12,88,13,15,17,18,0,21
5,4,3,7,8,9,10,12,88,13,15,17,18,0,21
5,4,3,7,8,9,10,12,88,13,15,17,18,0,21
5,4,3,7,8,9,10,12,88,13,15,17,18,0,21
5,4,3,7,8,9,10,12,88,13,15,17,18,0,21
5,4,3,7,8,9,10,12,88,13,15,17,18,0,21
5,4,3,7,8,9,10,12,88,13,15,17,18,0,21
5,4,3,7,8,9,10,12,88,13,15,17,18,0,21
5,4,3,7,8,9,10,12,88,13,15,17,18,0,21
5,4,3,7,8,9,10,12,88,13,15,17,18,0,21
5,4,3,7,8,9,10,12,88,13,15,17,18,0,21
5,4,3,7,8,9,10,12,88,13,15,17,18,0,21
5,4,3,7,8,9,10,12,88,13,15,17,18,0,21
5,4,3,7,8,9,10,12,88,13,15,17,18,0,21
5,4,3,7,8,9,10,12,88,13,15,17,18,0,21
5,4,3,7,8,9,10,12,88,13,15,17,18,0,21
5,4,3,7,8,9,10,12,88,13,15,17,18,0,21
5,4,3,7,8,9,10,12,88,13,15,17,18,0,21
5,4,3,7,8,9,10,12,88,13,15,17,18,0,21
5,4,3,7,8,9,10,12,88,13,15,17,18,0,21
5,4,3,7,8,9,10,12,88,13,15,17,18,0,21
5,4,3,7,8,9,10,12,88,13,15,17,18,0,21
5,4,3,7,8,9,10,12,88,13,15,17,18,0,21
5,4,3,7,8,9,10,12,88,13,15,17,18,0,21
5,4,3,7,8,9,10,12,88,13,15,17,18,0,21
5,4,3,7,8,9,10,12,88,13,15,17,18,0,21
5,4,3,7,8,9,10,12,88,13,15,17,18,0,21
5,4,3,7,8,9,10,12,88,13,15,17,18,0,21
5,4,3,7,8,9,10,12,88,13,15,17,18,0,21
5,4,3,7,8,9,10,12,88,13,15,17,18,0,21
5,4,3,7,8,9,10,12,88,13,15,17,18,0,21
5,4,3,7,8,9,10,12,88,13,15,17,18,0,21
5,4,3,7,8,9,10,12,88,13,15,17,18,0,21
5,4,3,7,8,9,10,12,88,13,15,17,18,0,21
5,4,3,7,8,9,10,12,88,13,15,17,18,0,21
5,4,3,7,8,9,10,12,88,13,15,17,18,0,21
5,4,3,7,8,9,10,12,88,13,15,17,18,0,21
5,4,3,7,8,9,10,12,88,13,15,17,18,0,21
5,4,3,7,8,9,10,12,88,13,15,17,18,0,21
5,4,3,7,8,9,10,12,88,13,15,17,18,0,21
5,4,3,7,8,9,10,12,88,13,15,17,18,0,21
5,4,3,7,8,9,10,12,88,13,15,17,18,0,21
5,4,3,7,8,9,10,12,88,13,15,17,18,0,21
5,4,3,7,8,9,10,12,88,13,15,17,18,0,21
5,4,3,7,8,9,10,12,88,13,15,17,18,0,21
5,4,3,7,8,9,10,12,88,13,15,17,18,0,21
5,4,3,7,8,9,10,12,88,13,15,17,18,0,21
5,4,3,7,8,9,10,12,88,13,15,17,18,0,21
5,4,3,7,8,9,10,12,88,13,15,17,18,0,21
5,4,3,7,8,9,10,12,88,13,15,17,18,0,21
5,4,3,7,8,9,10,12,88,13,15,17,18,0,21
5,4,3,7,8,9,10,12,88,13,15,17,18,0,21
5,4,3,7,8,9,10,12,88,13,15,17,18,0,21
5,4,3,7,8,9,10,12,88,13,15,17,18,0,21
5,4,3,7,8,9,10,12,88,13,15,17,18,0,21
5,4,3,7,8,9,10,12,88,13,15,17,18,0,21
5,4,3,7,8,9,10,12,88,13,15,17,18,0,21
5,4,3,7,8,9,10,12,88,13,15,17,18,0,21
5,4,3,7,8,9,10,12,88,13,15,17,18,0,21
5,4,3,7,8,9,10,12,88,13,15,17,18,0,21
5,4,3,7,8,9,10,12,88,13,15,17,18,0,21
5,4,3,7,8,9,10,12,88,13,15,17,18,0,21
5,4,3,7,8,9,10,12,88,13,15,17,18,0,21
5,4,3,7,8,9,10,12,88,13,15,17,18,0,21
5,4,3,7,8,9,10,12,88,13,15,17,18,0,21
5,4,3,7,8,9,10,12,88,13,15,17,18,0,21
5,4,3,7,8,9,10,12,88,13,15,17,18,0,21
5,4,3,7,8,9,10,12,88,13,15,17,18,0,21
5,4,3,7,8,9,10,12,88,13,15,17,18,0,21
5,4,3,7,8,9,10,12,88,13,15,17,18,0,21
5,4,3,7,8,9,10,12,88,13,15,17,18,0,21
5,4,3,7,8,9,10,12,88,13,15,17,18,0,21
5,4,3,7,8,9,10,12,88,13,15,17,18,0,21
5,4,3,7,8,9,10,12,88,13,15,17,18,0,21
5,4,3,7,8,9,10,12,88,13,15,17,18,0,21
5,4,3,7,8,9,10,12,88,13,15,17,18,0,21
5,4,3,7,8,9,10,12,88,13,15,17,18,0,21
5,4,3,7,8,9,10,12,88,13,15,17,18,0,21
5,4,3,7,8,9,10,12,88,13,15,17,18,0,21
5,4,3,7,8,9,10,12,88,13,15,17,18,0,21
5,4,3,7,8,9,10,12,88,13,15,17,18,0,21
5,4,3,7,8,9,10,12,88,13,15,17,18,0,21
5,4,3,7,8,9,10,12,88,13,15,17,18,0,21
5,4,3,7,8,9,10,12,88,13,15,17,18,0,21
5,4,3,7,8,9,10,12,88,13,15,17,18,0,21
5,4,3,7,8,9,10,12,88,13,15,17,18,0,21
5,4,3,7,8,9,10,12,88,13,15,17,18,0,21
5,4,3,7,8,9,10,12,88,13,15,17,18,0,21
5,4,3,7,8,9,10,12,88,13,15,17,18,0,21
5,4,3,7,8,9,10,12,88,13,15,17,18,0,21
5,4,3,7,8,9,10,12,88,13,15,17,18,0,21
5,4,3,7,8,9,10,12,88,13,15,17,18,0,21
5,4,3,7,8,9,10,12,88,13,15,17,18,0,21
5,4,3,7,8,9,10,12,88,13,15,17,18,0,21
5,4,3,7,8,9,10,12,88,13,15,17,18,0,21
5,4,3,7,8,9,10,12,88,13,15,17,18,0,21
5,4,3,7,8,9,10,12,88,13,15,17,18,0,21
5,4,3,7,8,9,10,12,88,13,15,17,18,0,21
5,4,3,7,8,9,10,12,88,13,15,17,18,0,21
5,4,3,7,8,9,10,12,88,13,15,17,18,0,21
5,4,3,7,8,9,10,12,88,13,15,17,18,0,21
5,4,3,7,8,9,10,12,88,13,15,17,18,0,21
5,4,3,7,8,9,10,12,88,13,15,17,18,0,21
5,4,3,7,8,9,10,12,88,13,15,17,18,0,21
5,4,3,7,8,9,10,12,88,13,15,17,18,0,21
5,4,3,7,8,9,10,12,88,13,15,17,18,0,21
5,4,3,7,8,9,10,12,88,13,15,17,18,0,21
5,4,3,7,8,9,10,12,88,13,15,17,18,0,21
5,4,3,7,8,9,10,12,88,13,15,17,18,0,21
5,4,3,7,8,9,10,12,88,13,15,17,18,0,21
5,4,3,7,8,9,10,12,88,13,15,17,18,0,21
5,4,3,7,8,9,10,12,88,13,15,17,18,0,21
5,4,3,7,8,9,10,12,88,13,15,17,18,0,21
5,4,3,7,8,9,10,12,88,13,15,17,18,0,21
5,4,3,7,8,9,10,12,88,13,15,17,18,0,21
5,4,3,7,8,9,10,12,88,13,15,17,18,0,21
5,4,3,7,8,9,10,12,88,13,15,17,18,0,21
5,4,3,7,8,9,10,12,88,13,15,17,18,0,21
5,4,3,7,8,9,10,12,88,13,15,17,18,0,21
5,4,3,7,8,9,10,12,88,13,15,17,18,0,21
5,4,3,7,8,9,10,12,88,13,15,17,18,0,21
5,4,3,7,8,9,10,12,88,13,15,17,18,0,21
5,4,3,7,8,9,10,12,88,13,15,17,18,0,21
5,4,3,7,8,9,10,12,88,13,15,17,18,0,21
5,4,3,7,8,9,10,12,88,13,15,17,18,0,21
5,4,3,7,8,9,10,12,88,13,15,17,18,0,21
5,4,3,7,8,9,10,12,88,13,15,17,18,0,21
5,4,3,7,8,9,10,12,88,13,15,17,18,0,21
5,4,3,7,8,9,10,12,88,13,15,17,18,0,21
5,4,3,7,8,9,10,12,88,13,15,17,18,0,21
5,4,3,7,8,9,10,12,88,13,15,17,18,0,21
5,4,3,7,8,9,10,12,88,13,15,17,18,0,21
5,4,3,7,8,9,10,12,88,13,15,17,18,0,21
5,4,3,7,8,9,10,12,88,13,15,17,18,0,21
5,4,3,7,8,9,10,12,88,13,15,17,18,0,21
5,4,3,7,8,9,10,12,88,13,15,17,18,0,21
5,4,3,7,8,9,10,12,88,13,15,17,18,0,21
5,4,3,7,8,9,10,12,88,13,15,17,18,0,21
5,4,3,7,8,9,10,12,88,13,15,17,18,0,21
5,4,3,7,8,9,10,12,88,13,15,17,18,0,21
5,4,3,7,8,9,10,12,88,13,15,17,18,0,21
5,4,3,7,8,9,10,12,88,13,15,17,18,0,21
5,4,3,7,8,9,10,12,88,13,15,17,18,0,21
5,4,3,7,8,9,10,12,88,13,15,17,18,0,21
5,4,3,7,8,9,10,12,88,13,15,17,18,0,21
5,4,3,7,8,9,10,12,88,13,15,17,18,0,21
5,4,3,7,8,9,10,12,88,13,15,17,18,0,21
5,4,3,7,8,9,10,12,88,13,15,17,18,0,21
5,4,3,7,8,9,10,12,88,13,15,17,18,0,21
5,4,3,7,8,9,10,12,88,13,15,17,18,0,21
5,4,3,7,8,9,10,12,88,13,15,17,18,0,21
5,4,3,7,8,9,10,12,88,13,15,17,18,0,21
5,4,3,7,8,9,10,12,88,13,15,17,18,0,21
5,4,3,7,8,9,10,12,88,13,15,17,18,0,21
5,4,3,7,8,9,10,12,88,13,15,17,18,0,21
5,4,3,7,8,9,10,12,88,13,15,17,18,0,21
5,4,3,7,8,9,10,12,88,13,15,17,18,0,21
5,4,3,7,8,9,10,12,88,13,15,17,18,0,21
5,4,3,7,8,9,10,12,88,13,15,17,18,0,21
5,4,3,7,8,9,10,12,88,13,15,17,18,0,21
5,4,3,7,8,9,10,12,88,13,15,17,18,0,21
5,4,3,7,8,9,10,12,88,13,15,17,18,0,21
5,4,3,7,8,9,10,12,88,13,15,17,18,0,21
5,4,3,7,8,9,10,12,88,13,15,17,18,0,21
5,4,3,7,8,9,10,12,88,13,15,17,18,0,21
5,4,3,7,8,9,10,12,88,13,15,17,18,0,21
5,4,3,7,8,9,10,12,88,13,15,17,18,0,21
5,4,3,7,8,9,10,12,88,13,15,17,18,0,21
5,4,3,7,8,9,10,12,88,13,15,17,18,0,21
5,4,3,7,8,9,10,12,88,13,15,17,18,0,21
5,4,3,7,8,9,10,12,88,13,15,17,18,0,21
5,4,3,7,8,9,10,12,88,13,15,17,18,0,21
5,4,3,7,8,9,10,12,88,13,15,17,18,0,21
5,4,3,7,8,9,10,12,88,13,15,17,18,0,21
5,4,3,7,8,9,10,12,88,13,15,17,18,0,21
5,4,3,7,8,9,10,12,88,13,15,17,18,0,21
5,4,3,7,8,9,10,12,88,13,15,17,18,0,21
5,4,3,7,8,9,10,12,88,13,15,17,18,0,21
5,4,3,7,8,9,10,12,88,13,15,17,18,0,21
5,4,3,7,8,9,10,12,88,13,15,17,18,0,21
5,4,3,7,8,9,10,12,88,13,15,17,18,0,21
5,4,3,7,8,9,10,12,88,13,15,17,18,0,21
5,4,3,7,8,9,10,12,88,13,15,17,18,0,21
5,4,3,7,8,9,10,12,88,13,15,17,18,0,21
5,4,3,7,8,9,10,12,88,13,15,17,18,0,21
5,4,3,7,8,9,10,12,88,13,15,17,18,0,21
5,4,3,7,8,9,10,12,88,13,15,17,18,0,21
5,4,3,7,8,9,10,12,88,13,15,17,18,0,21
5,4,3,7,8,9,10,12,88,13,15,17,18,0,21
5,4,3,7,8,9,10,12,88,13,15,17,18,0,21
5,4,3,7,8,9,10,12,88,13,15,17,18,0,21
5,4,3,7,8,9,10,12,88,13,15,17,18,0,21
5,4,3,7,8,9,10,12,88,13,15,17,18,0,21
5,4,3,7,8,9,10,12,88,13,15,17,18,0,21
5,4,3,7,8,9,10,12,88,13,15,17,18,0,21
5,4,3,7,8,9,10,12,88,13,15,17,18,0,21
5,4,3,7,8,9,10,12,88,13,15,17,18,0,21
5,4,3,7,8,9,10,12,88,13,15,17,18,0,21
5,4,3,7,8,9,10,12,88,13,15,17,18,0,21
5,4,3,7,8,9,10,12,88,13,15,17,18,0,21
5,4,3,7,8,9,10,12,88,13,15,17,18,0,21
5,4,3,7,8,9,10,12,88,13,15,17,18,0,21
5,4,3,7,8,9,10,12,88,13,15,17,18,0,21
5,4,3,7,8,9,10,12,88,13,15,17,18,0,21
5,4,3,7,8,9,10,12,88,13,15,17,18,0,21
5,4,3,7,8,9,10,12,88,13,15,17,18,0,21
5,4,3,7,8,9,10,12,88,13,15,17,18,0,21
5,4,3,7,8,9,10,12,88,13,15,17,18,0,21
5,4,3,7,8,9,10,12,88,13,15,17,18,0,21
5,4,3,7,8,9,10,12,88,13,15,17,18,0,21
5,4,3,7,8,9,10,12,88,13,15,17,18,0,21
5,4,3,7,8,9,10,12,88,13,15,17,18,0,21
5,4,3,7,8,9,10,12,88,13,15,17,18,0,21
5,4,3,7,8,9,10,12,88,13,15,17,18,0,21
5,4,3,7,8,9,10,12,88,13,15,17,18,0,21
5,4,3,7,8,9,10,12,88,13,15,17,18,0,21
5,4,3,7,8,9,10,12,88,13,15,17,18,0,21
5,4,3,7,8,9,10,12,88,13,15,17,18,0,21
5,4,3,7,8,9,10,12,88,13,15,17,18,0,21
5,4,3,7,8,9,10,12,88,13,15,17,18,0,21
5,4,3,2,10,12,88,13,15,1,0,21
5,4,3,2,10,12,88,13,15,1,0,21
5,4,3,2,10,12,88,13,15,1,0,21
5,4,3,2,10,12,88,13,15,1,0,21
5,4,3,2,10,12,88,13,15,1,0,21
5,4,3,2,10,12,88,13,15,1,0,21
5,4,3,2,10,12,88,13,15,1,0,21
5,4,3,2,10,12,88,13,15,1,0,21
5,4,3,2,10,12,88,13,15,1,0,21
5,4,3,2,10,12,88,13,15,1,0,21
5,4,3,2,10,12,88,13,15,1,0,21
5,4,3,2,10,12,88,13,15,1,0,21
5,4,3,2,10,12,88,13,15,1,0,21
5,4,3,2,10,12,88,13,15,1,0,21
5,4,3,2,10,12,88,13,15,1,0,21
5,4,3,2,10,12,88,13,15,1,0,21
5,4,3,2,10,12,88,13,15,1,0,21
5,4,3,2,10,12,88,13,15,1,0,21
5,4,3,2,10,12,88,13,15,1,0,21
5,4,3,2,10,12,88,13,15,1,0,21
5,4,3,2,10,12,88,13,15,1,0,21
5,4,3,2,10,12,88,13,15,1,0,21
5,4,3,2,10,12,88,13,15,1,0,21
5,4,3,2,10,12,88,13,15,1,0,21
5,4,3,2,10,12,88,13,15,1,0,21
5,4,3,2,10,12,88,13,15,1,0,21
5,4,3,2,10,12,88,13,15,1,0,21
5,4,3,2,10,12,88,13,15,1,0,21
5,4,3,2,10,12,88,13,15,1,0,21
5,4,3,2,10,12,88,13,15,1,0,21
5,4,3,2,10,12,88,13,15,1,0,21
5,4,3,2,10,12,88,13,15,1,0,21
5,4,3,2,10,12,88,13,15,1,0,21
5,4,3,2,10,12,88,13,15,1,0,21
5,4,3,2,10,12,88,13,15,1,0,21
5,4,3,2,10,12,88,13,15,1,0,21
5,4,3,2,10,12,88,13,15,1,0,21
5,4,3,2,10,12,88,13,15,1,0,21
5,4,3,2,10,12,88,13,15,1,0,21
5,4,3,2,10,12,88,13,15,1,0,21
5,4,3,2,10,12,88,13,15,1,0,21
5,4,3,2,10,12,88,13,15,1,0,21
5,4,3,2,10,12,88,13,15,1,0,21
5,4,3,2,10,12,88,13,15,1,0,21
5,4,3,2,10,12,88,13,15,1,0,21
5,4,3,2,10,12,88,13,15,1,0,21
5,4,3,2,10,12,88,13,15,1,0,21
5,4,3,2,10,12,88,13,15,1,0,21
5,4,3,2,10,12,88,13,15,1,0,21
5,4,3,2,10,12,88,13,15,1,0,21
5,4,3,2,10,12,88,13,15,1,0,21
5,4,3,2,10,12,88,13,15,1,0,21
5,4,3,2,10,12,88,13,15,1,0,21
5,4,3,2,10,12,88,13,15,1,0,21
5,4,3,2,10,12,88,13,15,1,0,21
5,4,3,2,10,12,88,13,15,1,0,21
5,4,3,2,10,12,88,13,15,1,0,21
5,4,3,2,10,12,88,13,15,1,0,21
5,4,3,2,10,12,88,13,15,1,0,21
5,4,3,2,10,12,88,13,15,1,0,21
5,4,3,2,10,12,88,13,15,1,0,21
5,4,3,2,10,12,88,13,15,1,0,21
5,4,3,2,10,12,88,13,15,1,0,21
5,4,3,2,10,12,88,13,15,1,0,21
5,4,3,2,10,12,88,13,15,1,0,21
5,4,3,2,10,12,88,13,15,1,0,21
5,4,3,2,10,12,88,13,15,1,0,21
5,4,3,2,10,12,88,13,15,1,0,21
5,4,3,2,10,12,88,13,15,1,0,21
5,4,3,2,10,12,88,13,15,1,0,21
5,4,3,2,10,12,88,13,15,1,0,21
5,4,3,2,10,12,88,13,15,1,0,21
5,4,3,2,10,12,88,13,15,1,0,21
5,4,3,2,10,12,88,13,15,1,0,21
5,4,3,2,10,12,88,13,15,1,0,21
5,4,3,2,10,12,88,13,15,1,0,21
5,4,3,2,10,12,88,13,15,1,0,21
5,4,3,2,10,12,88,13,15,1,0,21
5,4,3,2,10,12,88,13,15,1,0,21
5,4,3,2,10,12,88,13,15,1,0,21
5,4,3,2,10,12,88,13,15,1,0,21
5,4,3,2,10,12,88,13,15,1,0,21
5,4,3,2,10,12,88,13,15,1,0,21
5,4,3,2,10,12,88,13,15,1,0,21
5,4,3,2,10,12,88,13,15,1,0,21
5,4,3,2,10,12,88,13,15,1,0,21
5,4,3,2,10,12,88,13,15,1,0,21
5,4,3,2,10,12,88,13,15,1,0,21
5,4,3,2,10,12,88,13,15,1,0,21
5,4,3,2,10,12,88,13,15,1,0,21
5,4,3,2,10,12,88,13,15,1,0,21
5,4,3,2,10,12,88,13,15,1,0,21
5,4,3,2,10,12,88,13,15,1,0,21
5,4,3,2,10,12,88,13,15,1,0,21
5,4,3,2,10,12,88,13,15,1,0,21
5,4,3,2,10,12,88,13,15,1,0,21
5,4,3,2,10,12,88,13,15,1,0,21
5,4,3,2,10,12,88,13,15,1,0,21
5,4,3,2,10,12,88,13,15,1,0,21
5,4,3,2,10,12,88,13,15,1,0,21
5,4,3,2,10,12,88,13,15,1,0,21
5,4,3,2,10,12,88,13,15,1,0,21
5,4,3,2,10,12,88,13,15,1,0,21
5,4,3,2,10,12,88,13,15,1,0,21
5,4,3,2,10,12,88,13,15,1,0,21
5,4,3,2,10,12,88,13,15,1,0,21
5,4,3,2,10,12,88,13,15,1,0,21
5,4,3,2,10,12,88,13,15,1,0,21
5,4,3,2,10,12,88,13,15,1,0,21
5,4,3,2,10,12,88,13,15,1,0,21
5,4,3,2,10,12,88,13,15,1,0,21
5,4,3,2,10,12,88,13,15,1,0,21
5,4,3,2,10,12,88,13,15,1,0,21
5,4,3,2,10,12,88,13,15,1,0,21
5,4,3,2,10,12,88,13,15,1,0,21
5,4,3,2,10,12,88,13,15,1,0,21
5,4,3,2,10,12,88,13,15,1,0,21
5,4,3,2,10,12,88,13,15,1,0,21
5,4,3,2,10,12,88,13,15,1,0,21
5,4,3,2,10,12,88,13,15,1,0,21
5,4,3,2,10,12,88,13,15,1,0,21
5,4,3,2,10,12,88,13,15,1,0,21
5,4,3,2,10,12,88,13,15,1,0,21
5,4,3,2,10,12,88,13,15,1,0,21
5,4,3,2,10,12,88,13,15,1,0,21
5,4,3,2,10,12,88,13,15,1,0,21
5,4,3,2,10,12,88,13,15,1,0,21
5,4,3,2,10,12,88,13,15,1,0,21
5,4,3,2,10,12,88,13,15,1,0,21
5,4,3,2,10,12,88,13,15,1,0,21
5,4,3,2,10,12,88,13,15,1,0,21
5,4,3,2,10,12,88,13,15,1,0,21
5,4,3,2,10,12,88,13,15,1,0,21
5,4,3,2,10,12,88,13,15,1,0,21
5,4,3,2,10,12,88,13,15,1,0,21
5,4,3,2,10,12,88,13,15,1,0,21
5,4,3,2,10,12,88,13,15,1,0,21
5,4,3,2,10,12,88,13,15,1,0,21
5,4,3,2,10,12,88,13,15,1,0,21
5,4,3,2,10,12,88,13,15,1,0,21
5,4,3,2,10,12,88,13,15,1,0,21
5,4,3,2,10,12,88,13,15,1,0,21
5,4,3,2,10,12,88,13,15,1,0,21
5,4,3,2,10,12,88,13,15,1,0,21
5,4,3,2,10,12,88,13,15,1,0,21
5,4,3,2,10,12,88,13,15,1,0,21
5,4,3,2,10,12,88,13,15,1,0,21
5,4,3,2,10,12,88,13,15,1,0,21
5,4,3,2,10,12,88,13,15,1,0,21
5,4,3,2,10,12,88,13,15,1,0,21
5,4,3,2,10,12,88,13,15,1,0,21
5,4,3,2,10,12,88,13,15,1,0,21
5,4,3,2,10,12,88,13,15,1,0,21
5,4,3,2,10,12,88,13,15,1,0,21
5,4,3,2,10,12,88,13,15,1,0,21
5,4,3,2,10,12,88,13,15,1,0,21
5,4,3,2,10,12,88,13,15,1,0,21
5,4,3,2,10,12,88,13,15,1,0,21
5,4,3,2,10,12,88,13,15,1,0,21
5,4,3,2,10,12,88,13,15,1,0,21
5,4,3,2,10,12,88,13,15,1,0,21
5,4,3,2,10,12,88,13,15,1,0,21
5,4,3,2,10,12,88,13,15,1,0,21
5,4,3,2,10,12,88,13,15,1,0,21
5,4,3,2,10,12,88,13,15,1,0,21
5,4,3,2,10,12,88,13,15,1,0,21
5,4,3,2,10,12,88,13,15,1,0,21
5,4,3,2,10,12,88,13,15,1,0,21
5,4,3,2,10,12,88,13,15,1,0,21
5,4,3,2,10,12,88,13,15,1,0,21
5,4,3,2,10,12,88,13,15,1,0,21
5,4,3,2,10,12,88,13,15,1,0,21
5,4,3,2,10,12,88,13,15,1,0,21
5,4,3,2,10,12,88,13,15,1,0,21
5,4,3,2,10,12,88,13,15,1,0,21
5,4,3,2,10,12,88,13,15,1,0,21
5,4,3,2,10,12,88,13,15,1,0,21
5,4,3,2,10,12,88,13,15,1,0,21
5,4,3,2,10,12,88,13,15,1,0,21
5,4,3,2,10,12,88,13,15,1,0,21
5,4,3,2,10,12,88,13,15,1,0,21
5,4,3,2,10,12,88,13,15,1,0,21
5,4,3,2,10,12,88,13,15,1,0,21
5,4,3,2,10,12,88,13,15,1,0,21
5,4,3,2,10,12,88,13,15,1,0,21
5,4,3,2,10,12,88,13,15,1,0,21
5,4,3,2,10,12,88,13,15,1,0,21
5,4,3,2,10,12,88,13,15,1,0,21
5,4,3,2,10,12,88,13,15,1,0,21
5,4,3,2,10,12,88,13,15,1,0,21
5,4,3,2,10,12,88,13,15,1,0,21
5,4,3,2,10,12,88,13,15,1,0,21
5,4,3,2,10,12,88,13,15,1,0,21
5,4,3,2,10,12,88,13,15,1,0,21
5,4,3,2,10,12,88,13,15,1,0,21
5,4,3,2,10,12,88,13,15,1,0,21
5,4,3,2,10,12,88,13,15,1,0,21
5,4,3,2,10,12,88,13,15,1,0,21
5,4,3,2,10,12,88,13,15,1,0,21
5,4,3,2,10,12,88,13,15,1,0,21
5,4,3,2,10,12,88,13,15,1,0,21
5,4,3,2,10,12,88,13,15,1,0,21
5,4,3,2,10,12,88,13,15,1,0,21
5,4,3,2,10,12,88,13,15,1,0,21
5,4,3,2,10,12,88,13,15,1,0,21
5,4,3,2,10,12,88,13,15,1,0,21
5,4,3,2,10,12,88,13,15,1,0,21
5,4,3,2,10,12,88,13,15,1,0,21
5,4,3,2,10,12,88,13,15,1,0,21
5,4,3,2,10,12,88,13,15,1,0,21
5,4,3,2,10,12,88,13,15,1,0,21
5,4,3,2,10,12,88,13,15,1,0,21
5,4,3,2,10,12,88,13,15,1,0,21
5,4,3,2,10,12,88,13,15,1,0,21
5,4,3,2,10,12,88,13,15,1,0,21
5,4,3,2,10,12,88,13,15,1,0,21
5,4,3,2,10,12,88,13,15,1,0,21
5,4,3,2,10,12,88,13,15,1,0,21
5,4,3,2,10,12,88,13,15,1,0,21
5,4,3,2,10,12,88,13,15,1,0,21
5,4,3,2,10,12,88,13,15,1,0,21
5,4,3,2,10,12,88,13,15,1,0,21
5,4,3,2,10,12,88,13,15,1,0,21
5,4,3,2,10,12,88,13,15,1,0,21
5,4,3,2,10,12,88,13,15,1,0,21
5,4,3,2,10,12,88,13,15,1,0,21
5,4,3,2,10,12,88,13,15,1,0,21
5,4,3,2,10,12,88,13,15,1,0,21
5,4,3,2,10,12,88,13,15,1,0,21
5,4,3,2,10,12,88,13,15,1,0,21
5,4,3,2,10,12,88,13,15,1,0,21
5,4,3,2,10,12,88,13,15,1,0,21
5,4,3,2,10,12,88,13,15,1,0,21
5,4,3,2,10,12,88,13,15,1,0,21
5,4,3,2,10,12,88,13,15,1,0,21
5,4,3,2,10,12,88,13,15,1,0,21
5,4,3,2,10,12,88,13,15,1,0,21
5,4,3,2,10,12,88,13,15,1,0,21
5,4,3,2,10,12,88,13,15,1,0,21
5,4,3,2,10,12,88,13,15,1,0,21
5,4,3,2,10,12,88,13,15,1,0,21
5,4,3,2,10,12,88,13,15,1,0,21
5,4,3,2,10,12,88,13,15,1,0,21
5,4,3,2,10,12,88,13,15,1,0,21
5,4,3,2,10,12,88,13,15,1,0,21
5,4,3,2,10,12,88,13,15,1,0,21
5,4,3,2,10,12,88,13,15,1,0,21
5,4,3,2,10,12,88,13,15,1,0,21
5,4,3,2,10,12,88,13,15,1,0,21
5,4,3,2,10,12,88,13,15,1,0,21
5,4,3,2,10,12,88,13,15,1,0,21
5,4,3,2,10,12,88,13,15,1,0,21
5,4,3,2,10,12,88,13,15,1,0,21
5,4,3,2,10,12,88,13,15,1,0,21
5,4,3,2,10,12,88,13,15,1,0,21
5,4,3,2,10,12,88,13,15,1,0,21
5,4,3,7,8,9,10,12,88,13,15,1,0,21
5,4,3,7,8,9,10,12,88,13,15,1,0,21
5,4,3,7,8,9,10,12,88,13,15,1,0,21
5,4,3,7,8,9,10,12,88,13,15,1,0,21
5,4,3,7,8,9,10,12,88,13,15,1,0,21
5,4,3,7,8,9,10,12,88,13,15,1,0,21
5,4,3,7,8,9,10,12,88,13,15,1,0,21
5,4,3,7,8,9,10,12,88,13,15,1,0,21
5,4,3,7,8,9,10,12,88,13,15,1,0,21
5,4,3,7,8,9,10,12,88,13,15,1,0,21
5,4,3,7,8,9,10,12,88,13,15,1,0,21
5,4,3,7,8,9,10,12,88,13,15,1,0,21
5,4,3,7,8,9,10,12,88,13,15,1,0,21
5,4,3,7,8,9,10,12,88,13,15,1,0,21
5,4,3,7,8,9,10,12,88,13,15,1,0,21
5,4,3,7,8,9,10,12,88,13,15,1,0,21
5,4,3,7,8,9,10,12,88,13,15,1,0,21
5,4,3,7,8,9,10,12,88,13,15,1,0,21
5,4,3,7,8,9,10,12,88,13,15,1,0,21
5,4,3,7,8,9,10,12,88,13,15,1,0,21
5,4,3,7,8,9,10,12,88,13,15,1,0,21
5,4,3,7,8,9,10,12,88,13,15,1,0,21
5,4,3,7,8,9,10,12,88,13,15,1,0,21
5,4,3,7,8,9,10,12,88,13,15,1,0,21
5,4,3,7,8,9,10,12,88,13,15,1,0,21
5,4,3,7,8,9,10,12,88,13,15,1,0,21
5,4,3,7,8,9,10,12,88,13,15,1,0,21
5,4,3,7,8,9,10,12,88,13,15,1,0,21
5,4,3,7,8,9,10,12,88,13,15,1,0,21
5,4,3,7,8,9,10,12,88,13,15,1,0,21
5,4,3,7,8,9,10,12,88,13,15,1,0,21
5,4,3,7,8,9,10,12,88,13,15,1,0,21
5,4,3,7,8,9,10,12,88,13,15,1,0,21
5,4,3,7,8,9,10,12,88,13,15,1,0,21
5,4,3,7,8,9,10,12,88,13,15,1,0,21
5,4,3,7,8,9,10,12,88,13,15,1,0,21
5,4,3,7,8,9,10,12,88,13,15,1,0,21
5,4,3,7,8,9,10,12,88,13,15,1,0,21
5,4,3,7,8,9,10,12,88,13,15,1,0,21
5,4,3,7,8,9,10,12,88,13,15,1,0,21
5,4,3,7,8,9,10,12,88,13,15,1,0,21
5,4,3,7,8,9,10,12,88,13,15,1,0,21
5,4,3,7,8,9,10,12,88,13,15,1,0,21
5,4,3,7,8,9,10,12,88,13,15,1,0,21
5,4,3,7,8,9,10,12,88,13,15,1,0,21
5,4,3,7,8,9,10,12,88,13,15,1,0,21
5,4,3,7,8,9,10,12,88,13,15,1,0,21
5,4,3,7,8,9,10,12,88,13,15,1,0,21
5,4,3,7,8,9,10,12,88,13,15,1,0,21
5,4,3,7,8,9,10,12,88,13,15,1,0,21
5,4,3,7,8,9,10,12,88,13,15,1,0,21
5,4,3,7,8,9,10,12,88,13,15,1,0,21
5,4,3,7,8,9,10,12,88,13,15,1,0,21
5,4,3,7,8,9,10,12,88,13,15,1,0,21
5,4,3,7,8,9,10,12,88,13,15,1,0,21
5,4,3,7,8,9,10,12,88,13,15,1,0,21
5,4,3,7,8,9,10,12,88,13,15,1,0,21
5,4,3,7,8,9,10,12,88,13,15,1,0,21
5,4,3,7,8,9,10,12,88,13,15,1,0,21
5,4,3,7,8,9,10,12,88,13,15,1,0,21
5,4,3,7,8,9,10,12,88,13,15,1,0,21
5,4,3,7,8,9,10,12,88,13,15,1,0,21
5,4,3,7,8,9,10,12,88,13,15,1,0,21
5,4,3,7,8,9,10,12,88,13,15,1,0,21
5,4,3,7,8,9,10,12,88,13,15,1,0,21
5,4,3,7,8,9,10,12,88,13,15,1,0,21
5,4,3,7,8,9,10,12,88,13,15,1,0,21
5,4,3,7,8,9,10,12,88,13,15,1,0,21
5,4,3,7,8,9,10,12,88,13,15,1,0,21
5,4,3,7,8,9,10,12,88,13,15,1,0,21
5,4,3,7,8,9,10,12,88,13,15,1,0,21
5,4,3,7,8,9,10,12,88,13,15,1,0,21
5,4,3,7,8,9,10,12,88,13,15,1,0,21
5,4,3,7,8,9,10,12,88,13,15,1,0,21
5,4,3,7,8,9,10,12,88,13,15,1,0,21
5,4,3,7,8,9,10,12,88,13,15,1,0,21
5,4,3,7,8,9,10,12,88,13,15,1,0,21
5,4,3,7,8,9,10,12,88,13,15,1,0,21
5,4,3,7,8,9,10,12,88,13,15,1,0,21
5,4,3,7,8,9,10,12,88,13,15,1,0,21
5,4,3,7,8,9,10,12,88,13,15,1,0,21
5,4,3,7,8,9,10,12,88,13,15,1,0,21
5,4,3,7,8,9,10,12,88,13,15,1,0,21
5,4,3,7,8,9,10,12,88,13,15,1,0,21
5,4,3,7,8,9,10,12,88,13,15,1,0,21
5,4,3,7,8,9,10,12,88,13,15,1,0,21
5,4,3,7,8,9,10,12,88,13,15,1,0,21
5,4,3,7,8,9,10,12,88,13,15,1,0,21
5,4,3,7,8,9,10,12,88,13,15,1,0,21
5,4,3,7,8,9,10,12,88,13,15,1,0,21
5,4,3,7,8,9,10,12,88,13,15,1,0,21
5,4,3,7,8,9,10,12,88,13,15,1,0,21
5,4,3,7,8,9,10,12,88,13,15,1,0,21
5,4,3,7,8,9,10,12,88,13,15,1,0,21
5,4,3,7,8,9,10,12,88,13,15,1,0,21
5,4,3,7,8,9,10,12,88,13,15,1,0,21
5,4,3,7,8,9,10,12,88,13,15,1,0,21
5,4,3,7,8,9,10,12,88,13,15,1,0,21
5,4,3,7,8,9,10,12,88,13,15,1,0,21
5,4,3,7,8,9,10,12,88,13,15,1,0,21
5,4,3,7,8,9,10,12,88,13,15,1,0,21
5,4,3,7,8,9,10,12,88,13,15,1,0,21
5,4,3,7,8,9,10,12,88,13,15,1,0,21
5,4,3,7,8,9,10,12,88,13,15,1,0,21
5,4,3,7,8,9,10,12,88,13,15,1,0,21
5,4,3,7,8,9,10,12,88,13,15,1,0,21
5,4,3,7,8,9,10,12,88,13,15,1,0,21
5,4,3,7,8,9,10,12,88,13,15,1,0,21
5,4,3,7,8,9,10,12,88,13,15,1,0,21
5,4,3,7,8,9,10,12,88,13,15,1,0,21
5,4,3,7,8,9,10,12,88,13,15,1,0,21
5,4,3,7,8,9,10,12,88,13,15,1,0,21
5,4,3,7,8,9,10,12,88,13,15,1,0,21
5,4,3,7,8,9,10,12,88,13,15,1,0,21
5,4,3,7,8,9,10,12,88,13,15,1,0,21
5,4,3,7,8,9,10,12,88,13,15,1,0,21
5,4,3,7,8,9,10,12,88,13,15,1,0,21
5,4,3,7,8,9,10,12,88,13,15,1,0,21
5,4,3,7,8,9,10,12,88,13,15,1,0,21
5,4,3,7,8,9,10,12,88,13,15,1,0,21
5,4,3,7,8,9,10,12,88,13,15,1,0,21
5,4,3,7,8,9,10,12,88,13,15,1,0,21
5,4,3,7,8,9,10,12,88,13,15,1,0,21
5,4,3,7,8,9,10,12,88,13,15,1,0,21
5,4,3,7,8,9,10,12,88,13,15,1,0,21
5,4,3,7,8,9,10,12,88,13,15,1,0,21
5,4,3,7,8,9,10,12,88,13,15,1,0,21
5,4,3,7,8,9,10,12,88,13,15,1,0,21
5,4,3,7,8,9,10,12,88,13,15,1,0,21
5,4,3,7,8,9,10,12,88,13,15,1,0,21
5,4,3,7,8,9,10,12,88,13,15,1,0,21
5,4,3,7,8,9,10,12,88,13,15,1,0,21
5,4,3,7,8,9,10,12,88,13,15,1,0,21
5,4,3,7,8,9,10,12,88,13,15,1,0,21
5,4,3,7,8,9,10,12,88,13,15,1,0,21
5,4,3,7,8,9,10,12,88,13,15,1,0,21
5,4,3,7,8,9,10,12,88,13,15,1,0,21
5,4,3,7,8,9,10,12,88,13,15,1,0,21
5,4,3,7,8,9,10,12,88,13,15,1,0,21
5,4,3,7,8,9,10,12,88,13,15,1,0,21
5,4,3,7,8,9,10,12,88,13,15,1,0,21
5,4,3,7,8,9,10,12,88,13,15,1,0,21
5,4,3,7,8,9,10,12,88,13,15,1,0,21
5,4,3,7,8,9,10,12,88,13,15,1,0,21
5,4,3,7,8,9,10,12,88,13,15,1,0,21
5,4,3,7,8,9,10,12,88,13,15,1,0,21
5,4,3,7,8,9,10,12,88,13,15,1,0,21
5,4,3,7,8,9,10,12,88,13,15,1,0,21
5,4,3,7,8,9,10,12,88,13,15,1,0,21
5,4,3,7,8,9,10,12,88,13,15,1,0,21
5,4,3,7,8,9,10,12,88,13,15,1,0,21
5,4,3,7,8,9,10,12,88,13,15,1,0,21
5,4,3,7,8,9,10,12,88,13,15,1,0,21
5,4,3,7,8,9,10,12,88,13,15,1,0,21
5,4,3,7,8,9,10,12,88,13,15,1,0,21
5,4,3,7,8,9,10,12,88,13,15,1,0,21
5,4,3,7,8,9,10,12,88,13,15,1,0,21
5,4,3,7,8,9,10,12,88,13,15,1,0,21
5,4,3,7,8,9,10,12,88,13,15,1,0,21
5,4,3,7,8,9,10,12,88,13,15,1,0,21
5,4,3,7,8,9,10,12,88,13,15,1,0,21
5,4,3,7,8,9,10,12,88,13,15,1,0,21
5,4,3,7,8,9,10,12,88,13,15,1,0,21
5,4,3,7,8,9,10,12,88,13,15,1,0,21
5,4,3,7,8,9,10,12,88,13,15,1,0,21
5,4,3,7,8,9,10,12,88,13,15,1,0,21
5,4,3,7,8,9,10,12,88,13,15,1,0,21
5,4,3,7,8,9,10,12,88,13,15,1,0,21
5,4,3,7,8,9,10,12,88,13,15,1,0,21
5,4,3,7,8,9,10,12,88,13,15,1,0,21
5,4,3,7,8,9,10,12,88,13,15,1,0,21
5,4,3,7,8,9,10,12,88,13,15,1,0,21
5,4,3,7,8,9,10,12,88,13,15,1,0,21
5,4,3,7,8,9,10,12,88,13,15,1,0,21
5,4,3,7,8,9,10,12,88,13,15,1,0,21
5,4,3,7,8,9,10,12,88,13,15,1,0,21
5,4,3,7,8,9,10,12,88,13,15,1,0,21
5,4,3,7,8,9,10,12,88,13,15,1,0,21
5,4,3,7,8,9,10,12,88,13,15,1,0,21
5,4,3,7,8,9,10,12,88,13,15,1,0,21
5,4,3,7,8,9,10,12,88,13,15,1,0,21
5,4,3,7,8,9,10,12,88,13,15,1,0,21
5,4,3,7,8,9,10,12,88,13,15,1,0,21
5,4,3,7,8,9,10,12,88,13,15,1,0,21
5,4,3,7,8,9,10,12,88,13,15,1,0,21
5,4,3,7,8,9,10,12,88,13,15,1,0,21
5,4,3,7,8,9,10,12,88,13,15,1,0,21
5,4,3,7,8,9,10,12,88,13,15,1,0,21
5,4,3,7,8,9,10,12,88,13,15,1,0,21
5,4,3,7,8,9,10,12,88,13,15,1,0,21
5,4,3,7,8,9,10,12,88,13,15,1,0,21
5,4,3,7,8,9,10,12,88,13,15,1,0,21
5,4,3,7,8,9,10,12,88,13,15,1,0,21
5,4,3,7,8,9,10,12,88,13,15,1,0,21
5,4,3,7,8,9,10,12,88,13,15,1,0,21
5,4,3,7,8,9,10,12,88,13,15,1,0,21
5,4,3,7,8,9,10,12,88,13,15,1,0,21
5,4,3,7,8,9,10,12,88,13,15,1,0,21
5,4,3,7,8,9,10,12,88,13,15,1,0,21
5,4,3,7,8,9,10,12,88,13,15,1,0,21
5,4,3,7,8,9,10,12,88,13,15,1,0,21
5,4,3,7,8,9,10,12,88,13,15,1,0,21
5,4,3,7,8,9,10,12,88,13,15,1,0,21
5,4,3,7,8,9,10,12,88,13,15,1,0,21
5,4,3,7,8,9,10,12,88,13,15,1,0,21
5,4,3,7,8,9,10,12,88,13,15,1,0,21
5,4,3,7,8,9,10,12,88,13,15,1,0,21
5,4,3,7,8,9,10,12,88,13,15,1,0,21
5,4,3,7,8,9,10,12,88,13,15,1,0,21
5,4,3,7,8,9,10,12,88,13,15,1,0,21
5,4,3,7,8,9,10,12,88,13,15,1,0,21
5,4,3,7,8,9,10,12,88,13,15,1,0,21
5,4,3,7,8,9,10,12,88,13,15,1,0,21
5,4,3,7,8,9,10,12,88,13,15,1,0,21
5,4,3,7,8,9,10,12,88,13,15,1,0,21
5,4,3,7,8,9,10,12,88,13,15,1,0,21
5,4,3,7,8,9,10,12,88,13,15,1,0,21
5,4,3,7,8,9,10,12,88,13,15,1,0,21
5,4,3,7,8,9,10,12,88,13,15,1,0,21
5,4,3,7,8,9,10,12,88,13,15,1,0,21
5,4,3,7,8,9,10,12,88,13,15,1,0,21
5,4,3,7,8,9,10,12,88,13,15,1,0,21
5,4,3,7,8,9,10,12,88,13,15,1,0,21
5,4,3,7,8,9,10,12,88,13,15,1,0,21
5,4,3,7,8,9,10,12,88,13,15,1,0,21
5,4,3,7,8,9,10,12,88,13,15,1,0,21
5,4,3,7,8,9,10,12,88,13,15,1,0,21
5,4,3,7,8,9,10,12,88,13,15,1,0,21
5,4,3,7,8,9,10,12,88,13,15,1,0,21
5,4,3,7,8,9,10,12,88,13,15,1,0,21
5,4,3,7,8,9,10,12,88,13,15,1,0,21
5,4,3,7,8,9,10,12,88,13,15,1,0,21
5,4,3,7,8,9,10,12,88,13,15,1,0,21
5,4,3,7,8,9,10,12,88,13,15,1,0,21
5,4,3,7,8,9,10,12,88,13,15,1,0,21
5,4,3,7,8,9,10,12,88,13,15,1,0,21
5,4,3,7,8,9,10,12,88,13,15,1,0,21
5,4,3,7,8,9,10,12,88,13,15,1,0,21
5,4,3,7,8,9,10,12,88,13,15,1,0,21
5,4,3,7,8,9,10,12,88,13,15,1,0,21
5,4,3,7,8,9,10,12,88,13,15,1,0,21
5,4,3,7,8,9,10,12,88,13,15,1,0,21
5,4,3,7,8,9,10,12,88,13,15,1,0,21
5,4,3,7,8,9,10,12,88,13,15,1,0,21
5,4,3,7,8,9,10,12,88,13,15,1,0,21
5,4,3,7,8,9,10,12,88,13,15,1,0,21
5,4,3,7,8,9,10,12,88,13,15,1,0,21
5,4,3,7,8,9,10,12,88,13,15,1,0,21
5,4,3,7,8,9,10,12,88,13,15,1,0,21
5,4,3,7,8,9,10,12,88,13,15,1,0,21
5,4,3,7,8,9,10,12,88,13,15,1,0,21
5,4,3,7,8,9,10,12,88,13,15,1,0,21
5,4,3,7,8,9,10,12,88,13,15,1,0,21
5,4,3,7,8,9,10,12,88,13,15,1,0,21
5,4,3,7,8,9,10,12,88,13,15,1,0,21
5,4,3,7,8,9,10,12,88,13,15,1,0,21
5,4,3,7,8,9,10,12,88,13,15,1,0,21
5,4,3,7,8,9,10,12,88,13,15,1,0,21
5,4,3,7,8,9,10,12,88,13,15,1,0,21
5,4,3,7,8,9,10,12,88,13,15,1,0,21
5,4,3,7,8,9,10,12,88,13,15,1,0,21
5,4,3,7,8,9,10,12,88,13,15,1,0,21
5,4,3,7,8,9,10,12,88,13,15,1,0,21
5,4,3,7,8,9,10,12,88,13,15,1,0,21
5,4,3,7,8,9,10,12,88,13,15,1,0,21
5,4,3,7,8,9,10,12,88,13,15,1,0,21
5,4,3,7,8,9,10,12,88,13,15,1,0,21
5,4,3,7,8,9,10,12,88,13,15,1,0,21
5,4,3,7,8,9,10,12,88,13,15,1,0,21
5,4,3,7,8,9,10,12,88,13,15,1,0,21
5,4,3,7,8,9,10,12,88,13,15,1,0,21
5,4,3,7,8,9,10,12,88,13,15,1,0,21
5,4,3,7,8,9,10,12,88,13,15,1,0,21
5,4,3,7,8,9,10,12,88,13,15,1,0,21
5,4,3,7,8,9,10,12,88,13,15,1,0,21
5,4,3,7,8,9,10,12,88,13,15,1,0,21
5,4,3,7,8,9,10,12,88,13,15,1,0,21
5,4,3,7,8,9,10,12,88,13,15,1,0,21
5,4,3,7,8,9,10,12,88,13,15,1,0,21
5,4,3,7,8,9,10,12,88,13,15,1,0,21
5,4,3,7,8,9,10,12,88,13,15,1,0,21
5,4,3,7,8,9,10,12,88,13,15,1,0,21
5,4,3,7,8,9,10,12,88,13,15,1,0,21
5,4,3,7,8,9,10,12,88,13,15,1,0,21
5,4,3,7,8,9,10,12,88,13,15,1,0,21
5,4,3,7,8,9,10,12,88,13,15,1,0,21
5,4,3,7,8,9,10,12,88,13,15,1,0,21
5,4,3,7,8,9,10,12,88,13,15,1,0,21
5,4,3,7,8,9,10,12,88,13,15,1,0,21
5,4,3,7,8,9,10,12,88,13,15,1,0,21
5,4,3,7,8,9,10,12,88,13,15,1,0,21
5,4,3,7,8,9,10,12,88,13,15,1,0,21
5,4,3,7,8,9,10,12,88,13,15,1,0,21
5,4,3,7,8,9,10,12,88,13,15,1,0,21
5,4,3,7,8,9,10,12,88,13,15,1,0,21
5,4,3,7,8,9,10,12,88,13,15,1,0,21
5,4,3,7,8,9,10,12,88,13,15,1,0,21
5,4,3,7,8,9,10,12,88,13,15,1,0,21
5,4,3,7,8,9,10,12,88,13,15,1,0,21
5,4,3,7,8,9,10,12,88,13,15,1,0,21
5,4,3,7,8,9,10,12,88,13,15,1,0,21
5,4,3,7,8,9,10,12,88,13,15,1,0,21
5,4,3,7,8,9,10,12,88,13,15,1,0,21
5,4,3,7,8,9,10,12,88,13,15,1,0,21
5,4,3,7,8,9,10,12,88,13,15,1,0,21
5,4,3,7,8,9,10,12,88,13,15,1,0,21
5,4,3,7,8,9,10,12,88,13,15,1,0,21
5,4,3,7,8,9,10,12,88,13,15,1,0,21
5,4,3,7,8,9,10,12,88,13,15,1,0,21
5,4,3,7,8,9,10,12,88,13,15,1,0,21
5,4,3,7,8,9,10,12,88,13,15,1,0,21
5,4,3,7,8,9,10,12,88,13,15,1,0,21
5,4,3,7,8,9,10,12,88,13,15,1,0,21
5,4,3,7,8,9,10,12,88,13,15,1,0,21
5,4,3,7,8,9,10,12,88,13,15,1,0,21
5,4,3,7,8,9,10,12,88,13,15,1,0,21
5,4,3,7,8,9,10,12,88,13,15,1,0,21
5,4,3,7,8,9,10,12,88,13,15,1,0,21
5,4,3,7,8,9,10,12,88,13,15,1,0,21
5,4,3,7,8,9,10,12,88,13,15,1,0,21
5,4,3,7,8,9,10,12,88,13,15,1,0,21
5,4,3,7,8,9,10,12,88,13,15,1,0,21
5,4,3,7,8,9,10,12,88,13,15,1,0,21
5,4,3,7,8,9,10,12,88,13,15,1,0,21
5,4,3,7,8,9,10,12,88,13,15,1,0,21
5,4,3,7,8,9,10,12,88,13,15,1,0,21
5,4,3,7,8,9,10,12,88,13,15,1,0,21
5,4,3,7,8,9,10,12,88,13,15,1,0,21
5,4,3,7,8,9,10,12,88,13,15,1,0,21
5,4,3,7,8,9,10,12,88,13,15,1,0,21
5,4,3,7,8,9,10,12,88,13,15,1,0,21
5,4,3,7,8,9,10,12,88,13,15,1,0,21
5,4,3,7,8,9,10,12,88,13,15,1,0,21
5,4,3,7,8,9,10,12,88,13,15,1,0,21
5,4,3,7,8,9,10,12,88,13,15,1,0,21
5,4,3,7,8,9,10,12,88,13,15,1,0,21
5,4,3,7,8,9,10,12,88,13,15,1,0,21
5,4,3,7,8,9,10,12,88,13,15,1,0,21
5,4,3,7,8,9,10,12,88,13,15,1,0,21
5,4,3,7,8,9,10,12,88,13,15,1,0,21
5,4,3,7,8,9,10,12,88,13,15,1,0,21
5,4,3,7,8,9,10,12,88,13,15,1,0,21
5,4,3,7,8,9,10,12,88,13,15,1,0,21
5,4,3,7,8,9,10,12,88,13,15,1,0,21
5,4,3,7,8,9,10,12,88,13,15,1,0,21
5,4,3,7,8,9,10,12,88,13,15,1,0,21
5,4,3,7,8,9,10,12,88,13,15,1,0,21
5,4,3,7,8,9,10,12,88,13,15,1,0,21
5,4,3,7,8,9,10,12,88,13,15,1,0,21
5,4,3,7,8,9,10,12,88,13,15,1,0,21
5,4,3,7,8,9,10,12,88,13,15,1,0,21
5,4,3,7,8,9,10,12,88,13,15,1,0,21
5,4,3,7,8,9,10,12,88,13,15,1,0,21
5,4,3,7,8,9,10,12,88,13,15,1,0,21
5,4,3,7,8,9,10,12,88,13,15,1,0,21
5,4,3,7,8,9,10,12,88,13,15,1,0,21
5,4,3,7,8,9,10,12,88,13,15,1,0,21
5,4,3,7,8,9,10,12,88,13,15,1,0,21
5,4,3,7,8,9,10,12,88,13,15,1,0,21
5,4,3,7,8,9,10,12,88,13,15,1,0,21
5,4,3,7,8,9,10,12,88,13,15,1,0,21
5,4,3,7,8,9,10,12,88,13,15,1,0,21
5,4,3,7,8,9,10,12,88,13,15,1,0,21
5,4,3,7,8,9,10,12,88,13,15,1,0,21
5,4,3,7,8,9,10,12,88,13,15,1,0,21
5,4,3,7,8,9,10,12,88,13,15,1,0,21
5,4,3,7,8,9,10,12,88,13,15,1,0,21
5,4,3,7,8,9,10,12,88,13,15,1,0,21
5,4,3,7,8,9,10,12,88,13,15,1,0,21
5,4,3,7,8,9,10,12,88,13,15,1,0,21
5,4,3,7,8,9,10,12,88,13,15,1,0,21
5,4,3,7,8,9,10,12,88,13,15,1,0,21
5,4,3,7,8,9,10,12,88,13,15,1,0,21
5,4,3,7,8,9,10,12,88,13,15,1,0,21
5,4,3,7,8,9,10,12,88,13,15,1,0,21
5,4,3,7,8,9,10,12,88,13,15,1,0,21
5,4,3,7,8,9,10,12,88,13,15,1,0,21
5,4,3,7,8,9,10,12,88,13,15,1,0,21
5,4,3,7,8,9,10,12,88,13,15,1,0,21
5,4,3,7,8,9,10,12,88,13,15,1,0,21
5,4,3,7,8,9,10,12,88,13,15,1,0,21
5,4,3,7,8,9,10,12,88,13,15,1,0,21
5,4,3,7,8,9,10,12,88,13,15,1,0,21
5,4,3,7,8,9,10,12,88,13,15,1,0,21
5,4,3,7,8,9,10,12,88,13,15,1,0,21
5,4,3,7,8,9,10,12,88,13,15,1,0,21
5,4,3,7,8,9,10,12,88,13,15,1,0,21
5,4,3,7,8,9,10,12,88,13,15,1,0,21
5,4,3,7,8,9,10,12,88,13,15,1,0,21
5,4,3,7,8,9,10,12,88,13,15,1,0,21
5,4,3,7,8,9,10,12,88,13,15,1,0,21
5,4,3,7,8,9,10,12,88,13,15,1,0,21
5,4,3,7,8,9,10,12,88,13,15,1,0,21
5,4,3,7,8,9,10,12,88,13,15,1,0,21
5,4,3,7,8,9,10,12,88,13,15,1,0,21
5,4,3,7,8,9,10,12,88,13,15,1,0,21
5,4,3,7,8,9,10,12,88,13,15,1,0,21
5,4,3,7,8,9,10,12,88,13,15,1,0,21
5,4,3,7,8,9,10,12,88,13,15,1,0,21
5,4,3,7,8,9,10,12,88,13,15,1,0,21
5,4,3,7,8,9,10,12,88,13,15,1,0,21
5,4,3,7,8,9,10,12,88,13,15,1,0,21
5,4,3,7,8,9,10,12,88,13,15,1,0,21
5,4,3,7,8,9,10,12,88,13,15,1,0,21
5,4,3,7,8,9,10,12,88,13,15,1,0,21
5,4,3,7,8,9,10,12,88,13,15,1,0,21
5,4,3,7,8,9,10,12,88,13,15,1,0,21
5,4,3,7,8,9,10,12,88,13,15,1,0,21
5,4,3,7,8,9,10,12,88,13,15,1,0,21
5,4,3,7,8,9,10,12,88,13,15,1,0,21
5,4,3,7,8,9,10,12,88,13,15,1,0,21
5,4,3,7,8,9,10,12,88,13,15,1,0,21
5,4,3,7,8,9,10,12,88,13,15,1,0,21
5,4,3,7,8,9,10,12,88,13,15,1,0,21
5,4,3,7,8,9,10,12,88,13,15,1,0,21
5,4,3,7,8,9,10,12,88,13,15,1,0,21
5,4,3,7,8,9,10,12,88,13,15,1,0,21
5,4,3,7,8,9,10,12,88,13,15,1,0,21
5,4,3,7,8,9,10,12,88,13,15,1,0,21
5,4,3,7,8,9,10,12,88,13,15,1,0,21
5,4,3,7,8,9,10,12,88,13,15,1,0,21
5,4,3,7,8,9,10,12,88,13,15,1,0,21
5,4,3,7,8,9,10,12,88,13,15,1,0,21
5,4,3,7,8,9,10,12,88,13,15,1,0,21
5,4,3,7,8,9,10,12,88,13,15,1,0,21
5,4,3,7,8,9,10,12,88,13,15,1,0,21
5,4,3,7,8,9,10,12,88,13,15,1,0,21
5,4,3,7,8,9,10,12,88,13,15,1,0,21
5,4,3,7,8,9,10,12,88,13,15,1,0,21
5,4,3,7,8,9,10,12,88,13,15,1,0,21
5,4,3,7,8,9,10,12,88,13,15,1,0,21
5,4,3,7,8,9,10,12,88,13,15,1,0,21
5,4,3,7,8,9,10,12,88,13,15,1,0,21
5,4,3,7,8,9,10,12,88,13,15,1,0,21
5,4,3,7,8,9,10,12,88,13,15,1,0,21
5,4,3,7,8,9,10,12,88,13,15,1,0,21
5,4,3,7,8,9,10,12,88,13,15,1,0,21
5,4,3,7,8,9,10,12,88,13,15,1,0,21
5,4,3,7,8,9,10,12,88,13,15,1,0,21
5,4,3,7,8,9,10,12,88,13,15,1,0,21
5,4,3,7,8,9,10,12,88,13,15,1,0,21
5,4,3,7,8,9,10,12,88,13,15,1,0,21
5,4,3,7,8,9,10,12,88,13,15,1,0,21
5,4,3,7,8,9,10,12,88,13,15,1,0,21
5,4,3,7,8,9,10,12,88,13,15,1,0,21
5,4,3,7,8,9,10,12,88,13,15,1,0,21
5,4,3,7,8,9,10,12,88,13,15,1,0,21
5,4,3,7,8,9,10,12,88,13,15,1,0,21
5,4,3,7,8,9,10,12,88,13,15,1,0,21
5,4,3,7,8,9,10,12,88,13,15,1,0,21
5,4,3,7,8,9,10,12,88,13,15,1,0,21
5,4,3,7,8,9,10,12,88,13,15,1,0,21
5,4,3,7,8,9,10,12,88,13,15,1,0,21
5,4,3,7,8,9,10,12,88,13,15,1,0,21
5,4,3,7,8,9,10,12,88,13,15,1,0,21
5,4,3,7,8,9,10,12,88,13,15,1,0,21
5,4,3,7,8,9,10,12,88,13,15,1,0,21
5,4,3,7,8,9,10,12,88,13,15,1,0,21
5,4,3,7,8,9,10,12,88,13,15,1,0,21
5,4,3,7,8,9,10,12,88,13,15,1,0,21
5,4,3,7,8,9,10,12,88,13,15,1,0,21
5,4,3,7,8,9,10,12,88,13,15,1,0,21
5,4,3,7,8,9,10,12,88,13,15,1,0,21
5,4,3,7,8,9,10,12,88,13,15,1,0,21
5,4,3,7,8,9,10,12,88,13,15,1,0,21
5,4,3,7,8,9,10,12,88,13,15,1,0,21
5,4,3,7,8,9,10,12,88,13,15,1,0,21
5,4,3,7,8,9,10,12,88,13,15,1,0,21
5,4,3,7,8,9,10,12,88,13,15,1,0,21
5,4,3,7,8,9,10,12,88,13,15,1,0,21
5,4,3,7,8,9,10,12,88,13,15,1,0,21
5,4,3,7,8,9,10,12,88,13,15,1,0,21
5,4,3,7,8,9,10,12,88,13,15,1,0,21
5,4,3,7,8,9,10,12,88,13,15,1,0,21
5,4,3,7,8,9,10,12,88,13,15,1,0,21
5,4,3,7,8,9,10,12,88,13,15,1,0,21
5,4,3,7,8,9,10,12,88,13,15,1,0,21
5,4,3,7,8,9,10,12,88,13,15,1,0,21
5,4,3,7,8,9,10,12,88,13,15,1,0,21
5,4,3,7,8,9,10,12,88,13,15,1,0,21
5,4,3,7,8,9,10,12,88,13,15,1,0,21
5,4,3,7,8,9,10,12,88,13,15,1,0,21
5,4,3,7,8,9,10,12,88,13,15,1,0,21
5,4,3,7,8,9,10,12,88,13,15,1,0,21
5,4,3,7,8,9,10,12,88,13,15,1,0,21
5,4,3,7,8,9,10,12,88,13,15,1,0,21
5,4,3,7,8,9,10,12,88,13,15,1,0,21
5,4,3,7,8,9,10,12,88,13,15,1,0,21
5,4,3,7,8,9,10,12,88,13,15,1,0,21
5,4,3,7,8,9,10,12,88,13,15,1,0,21
5,4,3,7,8,9,10,12,88,13,15,1,0,21
5,4,3,7,8,9,10,12,88,13,15,1,0,21
5,4,3,7,8,9,10,12,88,13,15,1,0,21
5,4,3,7,8,9,10,12,88,13,15,1,0,21
5,4,3,7,8,9,10,12,88,13,15,1,0,21
5,4,3,7,8,9,10,12,88,13,15,1,0,21
5,4,3,7,8,9,10,12,88,13,15,1,0,21
5,4,3,7,8,9,10,12,88,13,15,1,0,21
5,4,3,7,8,9,10,12,88,13,15,1,0,21
5,4,3,7,8,9,10,12,88,13,15,1,0,21
5,4,3,7,8,9,10,12,88,13,15,1,0,21
5,4,3,7,8,9,10,12,88,13,15,1,0,21
5,4,3,7,8,9,10,12,88,13,15,1,0,21
5,4,3,7,8,9,10,12,88,13,15,1,0,21
5,4,3,7,8,9,10,12,88,13,15,1,0,21
5,4,3,7,8,9,10,12,88,13,15,1,0,21
5,4,3,7,8,9,10,12,88,13,15,1,0,21
5,4,3,7,8,9,10,12,88,13,15,1,0,21
5,4,3,7,8,9,10,12,88,13,15,1,0,21
5,4,3,7,8,9,10,12,88,13,15,1,0,21
5,4,3,7,8,9,10,12,88,13,15,1,0,21
5,4,3,7,8,9,10,12,88,13,15,1,0,21
5,4,3,7,8,9,10,2,1,15,17,18,0,21
5,4,3,7,8,9,10,2,1,15,17,18,0,21
5,4,3,7,8,9,10,2,1,15,17,18,0,21
5,4,3,7,8,9,10,2,1,15,17,18,0,21
5,4,3,7,8,9,10,2,1,15,17,18,0,21
5,4,3,7,8,9,10,2,1,15,17,18,0,21
5,4,3,7,8,9,10,2,1,15,17,18,0,21
5,4,3,7,8,9,10,2,1,15,17,18,0,21
5,4,3,7,8,9,10,2,1,15,17,18,0,21
5,4,3,7,8,9,10,2,1,15,17,18,0,21
5,4,3,7,8,9,10,2,1,15,17,18,0,21
5,4,3,7,8,9,10,2,1,15,17,18,0,21
5,4,3,7,8,9,10,2,1,15,17,18,0,21
5,4,3,7,8,9,10,2,1,15,17,18,0,21
5,4,3,7,8,9,10,2,1,15,17,18,0,21
5,4,3,7,8,9,10,2,1,15,17,18,0,21
5,4,3,7,8,9,10,2,1,15,17,18,0,21
5,4,3,7,8,9,10,2,1,15,17,18,0,21
5,4,3,7,8,9,10,2,1,15,17,18,0,21
5,4,3,7,8,9,10,2,1,15,17,18,0,21
5,4,3,7,8,9,10,2,1,15,17,18,0,21
5,4,3,7,8,9,10,2,1,15,17,18,0,21
5,4,3,7,8,9,10,2,1,15,17,18,0,21
5,4,3,7,8,9,10,2,1,15,17,18,0,21
5,4,3,7,8,9,10,2,1,15,17,18,0,21
5,4,3,7,8,9,10,2,1,15,17,18,0,21
5,4,3,7,8,9,10,2,1,15,17,18,0,21
5,4,3,7,8,9,10,2,1,15,17,18,0,21
5,4,3,7,8,9,10,2,1,15,17,18,0,21
5,4,3,7,8,9,10,2,1,15,17,18,0,21
5,4,3,7,8,9,10,2,1,15,17,18,0,21
5,4,3,7,8,9,10,2,1,15,17,18,0,21
5,4,3,7,8,9,10,2,1,15,17,18,0,21
5,4,3,7,8,9,10,2,1,15,17,18,0,21
5,4,3,7,8,9,10,2,1,15,17,18,0,21
5,4,3,7,8,9,10,2,1,15,17,18,0,21
5,4,3,7,8,9,10,2,1,15,17,18,0,21
5,4,3,7,8,9,10,2,1,15,17,18,0,21
5,4,3,7,8,9,10,2,1,15,17,18,0,21
5,4,3,7,8,9,10,2,1,15,17,18,0,21
5,4,3,7,8,9,10,2,1,15,17,18,0,21
5,4,3,7,8,9,10,2,1,15,17,18,0,21
5,4,3,7,8,9,10,2,1,15,17,18,0,21
5,4,3,7,8,9,10,2,1,15,17,18,0,21
5,4,3,7,8,9,10,2,1,15,17,18,0,21
5,4,3,7,8,9,10,2,1,15,17,18,0,21
5,4,3,7,8,9,10,2,1,15,17,18,0,21
5,4,3,7,8,9,10,2,1,15,17,18,0,21
5,4,3,7,8,9,10,2,1,15,17,18,0,21
5,4,3,7,8,9,10,2,1,15,17,18,0,21
5,4,3,7,8,9,10,2,1,15,17,18,0,21
5,4,3,7,8,9,10,2,1,15,17,18,0,21
5,4,3,7,8,9,10,2,1,15,17,18,0,21
5,4,3,7,8,9,10,2,1,15,17,18,0,21
5,4,3,7,8,9,10,2,1,15,17,18,0,21
5,4,3,7,8,9,10,2,1,15,17,18,0,21
5,4,3,7,8,9,10,2,1,15,17,18,0,21
5,4,3,7,8,9,10,2,1,15,17,18,0,21
5,4,3,7,8,9,10,2,1,15,17,18,0,21
5,4,3,7,8,9,10,2,1,15,17,18,0,21
5,4,3,7,8,9,10,2,1,15,17,18,0,21
5,4,3,7,8,9,10,2,1,15,17,18,0,21
5,4,3,7,8,9,10,2,1,15,17,18,0,21
5,4,3,7,8,9,10,2,1,15,17,18,0,21
5,4,3,7,8,9,10,2,1,15,17,18,0,21
5,4,3,7,8,9,10,2,1,15,17,18,0,21
5,4,3,7,8,9,10,2,1,15,17,18,0,21
5,4,3,7,8,9,10,2,1,15,17,18,0,21
5,4,3,7,8,9,10,2,1,15,17,18,0,21
5,4,3,7,8,9,10,2,1,15,17,18,0,21
5,4,3,7,8,9,10,2,1,15,17,18,0,21
5,4,3,7,8,9,10,2,1,15,17,18,0,21
5,4,3,7,8,9,10,2,1,15,17,18,0,21
5,4,3,7,8,9,10,2,1,15,17,18,0,21
5,4,3,7,8,9,10,2,1,15,17,18,0,21
5,4,3,7,8,9,10,2,1,15,17,18,0,21
5,4,3,7,8,9,10,2,1,15,17,18,0,21
5,4,3,7,8,9,10,2,1,15,17,18,0,21
5,4,3,7,8,9,10,2,1,15,17,18,0,21
5,4,3,7,8,9,10,2,1,15,17,18,0,21
5,4,3,7,8,9,10,2,1,15,17,18,0,21
5,4,3,7,8,9,10,2,1,15,17,18,0,21
5,4,3,7,8,9,10,2,1,15,17,18,0,21
5,4,3,7,8,9,10,2,1,15,17,18,0,21
5,4,3,7,8,9,10,2,1,15,17,18,0,21
5,4,3,7,8,9,10,2,1,15,17,18,0,21
5,4,3,7,8,9,10,2,1,15,17,18,0,21
5,4,3,7,8,9,10,2,1,15,17,18,0,21
5,4,3,7,8,9,10,2,1,15,17,18,0,21
5,4,3,7,8,9,10,2,1,15,17,18,0,21
5,4,3,7,8,9,10,2,1,15,17,18,0,21
5,4,3,7,8,9,10,2,1,15,17,18,0,21
5,4,3,7,8,9,10,2,1,15,17,18,0,21
5,4,3,7,8,9,10,2,1,15,17,18,0,21
5,4,3,7,8,9,10,2,1,15,17,18,0,21
5,4,3,7,8,9,10,2,1,15,17,18,0,21
5,4,3,7,8,9,10,2,1,15,17,18,0,21
5,4,3,7,8,9,10,2,1,15,17,18,0,21
5,4,3,7,8,9,10,2,1,15,17,18,0,21
5,4,3,7,8,9,10,2,1,15,17,18,0,21
5,4,3,7,8,9,10,2,1,15,17,18,0,21
5,4,3,7,8,9,10,2,1,15,17,18,0,21
5,4,3,7,8,9,10,2,1,15,17,18,0,21
5,4,3,7,8,9,10,2,1,15,17,18,0,21
5,4,3,7,8,9,10,2,1,15,17,18,0,21
5,4,3,7,8,9,10,2,1,15,17,18,0,21
5,4,3,7,8,9,10,2,1,15,17,18,0,21
5,4,3,7,8,9,10,2,1,15,17,18,0,21
5,4,3,7,8,9,10,2,1,15,17,18,0,21
5,4,3,7,8,9,10,2,1,15,17,18,0,21
5,4,3,7,8,9,10,2,1,15,17,18,0,21
5,4,3,7,8,9,10,2,1,15,17,18,0,21
5,4,3,7,8,9,10,2,1,15,17,18,0,21
5,4,3,7,8,9,10,2,1,15,17,18,0,21
5,4,3,7,8,9,10,2,1,15,17,18,0,21
5,4,3,7,8,9,10,2,1,15,17,18,0,21
5,4,3,7,8,9,10,2,1,15,17,18,0,21
5,4,3,7,8,9,10,2,1,15,17,18,0,21
5,4,3,7,8,9,10,2,1,15,17,18,0,21
5,4,3,7,8,9,10,2,1,15,17,18,0,21
5,4,3,7,8,9,10,2,1,15,17,18,0,21
5,4,3,7,8,9,10,2,1,15,17,18,0,21
5,4,3,7,8,9,10,2,1,15,17,18,0,21
5,4,3,7,8,9,10,2,1,15,17,18,0,21
5,4,3,7,8,9,10,2,1,15,17,18,0,21
5,4,3,7,8,9,10,2,1,15,17,18,0,21
5,4,3,7,8,9,10,2,1,15,17,18,0,21
5,4,3,7,8,9,10,2,1,15,17,18,0,21
5,4,3,7,8,9,10,2,1,15,17,18,0,21
5,4,3,7,8,9,10,2,1,15,17,18,0,21
5,4,3,7,8,9,10,2,1,15,17,18,0,21
5,4,3,7,8,9,10,2,1,15,17,18,0,21
5,4,3,7,8,9,10,2,1,15,17,18,0,21
5,4,3,7,8,9,10,2,1,15,17,18,0,21
5,4,3,7,8,9,10,2,1,15,17,18,0,21
5,4,3,7,8,9,10,2,1,15,17,18,0,21
5,4,3,7,8,9,10,2,1,15,17,18,0,21
5,4,3,7,8,9,10,2,1,15,17,18,0,21
5,4,3,7,8,9,10,2,1,15,17,18,0,21
5,4,3,7,8,9,10,2,1,15,17,18,0,21
5,4,3,7,8,9,10,2,1,15,17,18,0,21
5,4,3,7,8,9,10,2,1,15,17,18,0,21
5,4,3,7,8,9,10,2,1,15,17,18,0,21
5,4,3,7,8,9,10,2,1,15,17,18,0,21
5,4,3,7,8,9,10,2,1,15,17,18,0,21
5,4,3,7,8,9,10,2,1,15,17,18,0,21
5,4,3,7,8,9,10,2,1,15,17,18,0,21
5,4,3,7,8,9,10,2,1,15,17,18,0,21
5,4,3,7,8,9,10,2,1,15,17,18,0,21
5,4,3,7,8,9,10,2,1,15,17,18,0,21
5,4,3,7,8,9,10,2,1,15,17,18,0,21
5,4,3,7,8,9,10,2,1,15,17,18,0,21
5,4,3,7,8,9,10,2,1,15,17,18,0,21
5,4,3,7,8,9,10,2,1,15,17,18,0,21
5,4,3,7,8,9,10,2,1,15,17,18,0,21
5,4,3,7,8,9,10,2,1,15,17,18,0,21
5,4,3,7,8,9,10,2,1,15,17,18,0,21
5,4,3,7,8,9,10,2,1,15,17,18,0,21
5,4,3,7,8,9,10,2,1,15,17,18,0,21
5,4,3,7,8,9,10,2,1,15,17,18,0,21
5,4,3,7,8,9,10,2,1,15,17,18,0,21
5,4,3,7,8,9,10,2,1,15,17,18,0,21
5,4,3,7,8,9,10,2,1,15,17,18,0,21
5,4,3,7,8,9,10,2,1,15,17,18,0,21
5,4,3,7,8,9,10,2,1,15,17,18,0,21
5,4,3,7,8,9,10,2,1,15,17,18,0,21
5,4,3,7,8,9,10,2,1,15,17,18,0,21
5,4,3,7,8,9,10,2,1,15,17,18,0,21
5,4,3,7,8,9,10,2,1,15,17,18,0,21
5,4,3,7,8,9,10,2,1,15,17,18,0,21
5,4,3,7,8,9,10,2,1,15,17,18,0,21
5,4,3,7,8,9,10,2,1,15,17,18,0,21
5,4,3,7,8,9,10,2,1,15,17,18,0,21
5,4,3,7,8,9,10,2,1,15,17,18,0,21
5,4,3,7,8,9,10,2,1,15,17,18,0,21
5,4,3,7,8,9,10,2,1,15,17,18,0,21
5,4,3,7,8,9,10,2,1,15,17,18,0,21
5,4,3,7,8,9,10,2,1,15,17,18,0,21
5,4,3,7,8,9,10,2,1,15,17,18,0,21
5,4,3,7,8,9,10,2,1,15,17,18,0,21
5,4,3,7,8,9,10,2,1,15,17,18,0,21
5,4,3,7,8,9,10,2,1,15,17,18,0,21
5,4,3,7,8,9,10,2,1,15,17,18,0,21
5,4,3,7,8,9,10,2,1,15,17,18,0,21
5,4,3,7,8,9,10,2,1,15,17,18,0,21
5,4,3,7,8,9,10,2,1,15,17,18,0,21
5,4,3,7,8,9,10,2,1,15,17,18,0,21
5,4,3,7,8,9,10,2,1,15,17,18,0,21
5,4,3,7,8,9,10,2,1,15,17,18,0,21
5,4,3,7,8,9,10,2,1,15,17,18,0,21
5,4,3,7,8,9,10,2,1,15,17,18,0,21
5,4,3,7,8,9,10,2,1,15,17,18,0,21
5,4,3,7,8,9,10,2,1,15,17,18,0,21
5,4,3,7,8,9,10,2,1,15,17,18,0,21
5,4,3,7,8,9,10,2,1,15,17,18,0,21
5,4,3,7,8,9,10,2,1,15,17,18,0,21
5,4,3,7,8,9,10,2,1,15,17,18,0,21
5,4,3,7,8,9,10,2,1,15,17,18,0,21
5,4,3,7,8,9,10,2,1,15,17,18,0,21
5,4,3,7,8,9,10,2,1,15,17,18,0,21
5,4,3,7,8,9,10,2,1,15,17,18,0,21
5,4,3,7,8,9,10,2,1,15,17,18,0,21
5,4,3,7,8,9,10,2,1,15,17,18,0,21
5,4,3,7,8,9,10,2,1,15,17,18,0,21
5,4,3,7,8,9,10,2,1,15,17,18,0,21
5,4,3,7,8,9,10,2,1,15,17,18,0,21
5,4,3,7,8,9,10,2,1,15,17,18,0,21
5,4,3,7,8,9,10,2,1,15,17,18,0,21
5,4,3,7,8,9,10,2,1,15,17,18,0,21
5,4,3,7,8,9,10,2,1,15,17,18,0,21
5,4,3,7,8,9,10,2,1,15,17,18,0,21
5,4,3,7,8,9,10,2,1,15,17,18,0,21
5,4,3,7,8,9,10,2,1,15,17,18,0,21
5,4,3,7,8,9,10,2,1,15,17,18,0,21
5,4,3,7,8,9,10,2,1,15,17,18,0,21
5,4,3,7,8,9,10,2,1,15,17,18,0,21
5,4,3,7,8,9,10,2,1,15,17,18,0,21
5,4,3,7,8,9,10,2,1,15,17,18,0,21
5,4,3,7,8,9,10,2,1,15,17,18,0,21
5,4,3,7,8,9,10,2,1,15,17,18,0,21
5,4,3,7,8,9,10,2,1,15,17,18,0,21
5,4,3,7,8,9,10,2,1,15,17,18,0,21
5,4,3,7,8,9,10,2,1,15,17,18,0,21
5,4,3,7,8,9,10,2,1,15,17,18,0,21
5,4,3,7,8,9,10,2,1,15,17,18,0,21
5,4,3,7,8,9,10,2,1,15,17,18,0,21
5,4,3,7,8,9,10,2,1,15,17,18,0,21
5,4,3,7,8,9,10,2,1,15,17,18,0,21
5,4,3,7,8,9,10,2,1,15,17,18,0,21
5,4,3,7,8,9,10,2,1,15,17,18,0,21
5,4,3,7,8,9,10,2,1,15,17,18,0,21
5,4,3,7,8,9,10,2,1,15,17,18,0,21
5,4,3,7,8,9,10,2,1,15,17,18,0,21
5,4,3,7,8,9,10,2,1,15,17,18,0,21
5,4,3,7,8,9,10,2,1,15,17,18,0,21
5,4,3,7,8,9,10,2,1,15,17,18,0,21
5,4,3,7,8,9,10,2,1,15,17,18,0,21
5,4,3,7,8,9,10,2,1,15,17,18,0,21
5,4,3,7,8,9,10,2,1,15,17,18,0,21
5,4,3,7,8,9,10,2,1,15,17,18,0,21
5,4,3,7,8,9,10,2,1,15,17,18,0,21
5,4,3,7,8,9,10,2,1,15,17,18,0,21
5,4,3,7,8,9,10,2,1,15,17,18,0,21
5,4,3,7,8,9,10,2,1,15,17,18,0,21
5,4,3,7,8,9,10,2,1,15,17,18,0,21
5,4,3,7,8,9,10,2,1,15,17,18,0,21
5,4,3,7,8,9,10,2,1,15,17,18,0,21
5,4,3,7,8,9,10,2,1,15,17,18,0,21
5,4,3,7,8,9,10,2,1,15,17,18,0,21
5,4,3,7,8,9,10,2,1,15,17,18,0,21
5,4,3,7,8,9,10,2,1,15,17,18,0,21
5,4,3,7,8,9,10,2,1,15,17,18,0,21
5,4,3,7,8,9,10,2,1,15,17,18,0,21
5,4,3,7,8,9,10,2,1,15,17,18,0,21
5,4,3,7,8,9,10,2,1,15,17,18,0,21
5,4,3,7,8,9,10,2,1,15,17,18,0,21
5,4,3,7,8,10,12,88,13,15,16,17,18,19,20,21
5,4,3,7,8,10,12,88,13,15,16,17,18,19,20,21
5,4,3,7,8,10,12,88,13,15,16,17,18,19,20,21
5,4,3,7,8,10,12,88,13,15,16,17,18,19,20,21
5,4,3,7,8,10,12,88,13,15,16,17,18,19,20,21
5,4,3,7,8,10,12,88,13,15,16,17,18,19,20,21
5,4,3,7,8,10,12,88,13,15,16,17,18,19,20,21
5,4,3,7,8,10,12,88,13,15,16,17,18,19,20,21
5,4,3,7,8,10,12,88,13,15,16,17,18,19,20,21
5,4,3,7,8,10,12,88,13,15,16,17,18,19,20,21
5,4,3,7,8,10,12,88,13,15,16,17,18,19,20,21
5,4,3,7,8,10,12,88,13,15,16,17,18,19,20,21
5,4,3,7,8,10,12,88,13,15,16,17,18,19,20,21
5,4,3,7,8,10,12,88,13,15,16,17,18,19,20,21
5,4,3,7,8,10,12,88,13,15,16,17,18,19,20,21
5,4,3,7,8,10,12,88,13,15,16,17,18,19,20,21
5,4,3,7,8,10,12,88,13,15,16,17,18,19,20,21
5,4,3,7,8,10,12,88,13,15,16,17,18,19,20,21
5,4,3,7,8,10,12,88,13,15,16,17,18,19,20,21
5,4,3,7,8,10,12,88,13,15,16,17,18,19,20,21
5,4,3,7,8,10,12,88,13,15,16,17,18,19,20,21
5,4,3,7,8,10,12,88,13,15,16,17,18,19,20,21
5,4,3,7,8,10,12,88,13,15,16,17,18,19,20,21
5,4,3,7,8,10,12,88,13,15,16,17,18,19,20,21
5,4,3,7,8,10,12,88,13,15,16,17,18,19,20,21
5,4,3,7,8,10,12,88,13,15,16,17,18,19,20,21
5,4,3,7,8,10,12,88,13,15,16,17,18,19,20,21
5,4,3,7,8,10,12,88,13,15,16,17,18,19,20,21
5,4,3,7,8,10,12,88,13,15,16,17,18,19,20,21
5,4,3,7,8,10,12,88,13,15,16,17,18,19,20,21
5,4,3,7,8,10,12,88,13,15,16,17,18,19,20,21
5,4,3,7,8,10,12,88,13,15,16,17,18,19,20,21
5,4,3,7,8,10,12,88,13,15,16,17,18,19,20,21
5,4,3,7,8,10,12,88,13,15,16,17,18,19,20,21
5,4,3,7,8,10,12,88,13,15,16,17,18,19,20,21
5,4,3,7,8,10,12,88,13,15,16,17,18,19,20,21
5,4,3,7,8,10,12,88,13,15,16,17,18,19,20,21
5,4,3,7,8,10,12,88,13,15,16,17,18,19,20,21
5,4,3,7,8,10,12,88,13,15,16,17,18,19,20,21
5,4,3,7,8,10,12,88,13,15,16,17,18,19,20,21
5,4,3,7,8,10,12,88,13,15,16,17,18,19,20,21
5,4,3,7,8,10,12,88,13,15,16,17,18,19,20,21
5,4,3,7,8,10,12,88,13,15,16,17,18,19,20,21
5,4,3,7,8,10,12,88,13,15,16,17,18,19,20,21
5,4,3,7,8,10,12,88,13,15,16,17,18,19,20,21
5,4,3,7,8,10,12,88,13,15,16,17,18,19,20,21
5,4,3,7,8,10,12,88,13,15,16,17,18,19,20,21
5,4,3,7,8,10,12,88,13,15,16,17,18,19,20,21
5,4,3,7,8,10,12,88,13,15,16,17,18,19,20,21
5,4,3,7,8,10,12,88,13,15,16,17,18,19,20,21
5,4,3,7,8,10,12,88,13,15,16,17,18,19,20,21
5,4,3,7,8,10,12,88,13,15,16,17,18,19,20,21
5,4,3,7,8,10,12,88,13,15,16,17,18,19,20,21
5,4,3,7,8,10,12,88,13,15,16,17,18,19,20,21
5,4,3,7,8,10,12,88,13,15,16,17,18,19,20,21
5,4,3,7,8,10,12,88,13,15,16,17,18,19,20,21
5,4,3,7,8,10,12,88,13,15,16,17,18,19,20,21
5,4,3,7,8,10,12,88,13,15,16,17,18,19,20,21
5,4,3,7,8,10,12,88,13,15,16,17,18,19,20,21
5,4,3,7,8,10,12,88,13,15,16,17,18,19,20,21
5,4,3,7,8,10,12,88,13,15,16,17,18,19,20,21
5,4,3,7,8,10,12,88,13,15,16,17,18,19,20,21
5,4,3,7,8,10,12,88,13,15,16,17,18,19,20,21
5,4,3,7,8,10,12,88,13,15,16,17,18,19,20,21
5,4,3,7,8,10,12,88,13,15,16,17,18,19,20,21
5,4,3,7,8,10,12,88,13,15,16,17,18,19,20,21
5,4,3,7,8,10,12,88,13,15,16,17,18,19,20,21
5,4,3,7,8,10,12,88,13,15,16,17,18,19,20,21
5,4,3,7,8,10,12,88,13,15,16,17,18,19,20,21
5,4,3,7,8,10,12,88,13,15,16,17,18,19,20,21
5,4,3,7,8,10,12,88,13,15,16,17,18,19,20,21
5,4,3,7,8,10,12,88,13,15,16,17,18,19,20,21
5,4,3,7,8,10,12,88,13,15,16,17,18,19,20,21
5,4,3,7,8,10,12,88,13,15,16,17,18,19,20,21
5,4,3,7,8,10,12,88,13,15,16,17,18,19,20,21
5,4,3,7,8,10,12,88,13,15,16,17,18,19,20,21
5,4,3,7,8,10,12,88,13,15,16,17,18,19,20,21
5,4,3,7,8,10,12,88,13,15,16,17,18,19,20,21
5,4,3,7,8,10,12,88,13,15,16,17,18,19,20,21
5,4,3,7,8,10,12,88,13,15,16,17,18,19,20,21
5,4,3,7,8,10,12,88,13,15,16,17,18,19,20,21
5,4,3,7,8,10,12,88,13,15,16,17,18,19,20,21
5,4,3,7,8,10,12,88,13,15,16,17,18,19,20,21
5,4,3,7,8,10,12,88,13,15,16,17,18,19,20,21
5,4,3,7,8,10,12,88,13,15,16,17,18,19,20,21
5,4,3,7,8,10,12,88,13,15,16,17,18,19,20,21
5,4,3,7,8,10,12,88,13,15,16,17,18,19,20,21
5,4,3,7,8,10,12,88,13,15,16,17,18,19,20,21
5,4,3,7,8,10,12,88,13,15,16,17,18,19,20,21
5,4,3,7,8,10,12,88,13,15,16,17,18,19,20,21
5,4,3,7,8,10,12,88,13,15,16,17,18,19,20,21
5,4,3,7,8,10,12,88,13,15,16,17,18,19,20,21
5,4,3,7,8,10,12,88,13,15,16,17,18,19,20,21
5,4,3,7,8,10,12,88,13,15,16,17,18,19,20,21
5,4,3,7,8,10,12,88,13,15,16,17,18,19,20,21
5,4,3,7,8,10,12,88,13,15,16,17,18,19,20,21
5,4,3,7,8,10,12,88,13,15,16,17,18,19,20,21
5,4,3,7,8,10,12,88,13,15,16,17,18,19,20,21
5,4,3,7,8,10,12,88,13,15,16,17,18,19,20,21
5,4,3,7,8,10,12,88,13,15,16,17,18,19,20,21
5,4,3,7,8,10,12,88,13,15,16,17,18,19,20,21
5,4,3,7,8,10,12,88,13,15,16,17,18,19,20,21
5,4,3,7,8,10,12,88,13,15,16,17,18,19,20,21
5,4,3,7,8,10,12,88,13,15,16,17,18,19,20,21
5,4,3,7,8,10,12,88,13,15,16,17,18,19,20,21
5,4,3,7,8,10,12,88,13,15,16,17,18,19,20,21
5,4,3,7,8,10,12,88,13,15,16,17,18,19,20,21
5,4,3,7,8,10,12,88,13,15,16,17,18,19,20,21
5,4,3,7,8,10,12,88,13,15,16,17,18,19,20,21
5,4,3,7,8,10,12,88,13,15,16,17,18,19,20,21
5,4,3,7,8,10,12,88,13,15,16,17,18,19,20,21
5,4,3,7,8,10,12,88,13,15,16,17,18,19,20,21
5,4,3,7,8,10,12,88,13,15,16,17,18,19,20,21
5,4,3,7,8,10,12,88,13,15,16,17,18,19,20,21
5,4,3,7,8,10,12,88,13,15,16,17,18,19,20,21
5,4,3,7,8,10,12,88,13,15,16,17,18,19,20,21
5,4,3,7,8,10,12,88,13,15,16,17,18,19,20,21
5,4,3,7,8,10,12,88,13,15,16,17,18,19,20,21
5,4,3,7,8,10,12,88,13,15,16,17,18,19,20,21
5,4,3,7,8,10,12,88,13,15,16,17,18,19,20,21
5,4,3,7,8,10,12,88,13,15,16,17,18,19,20,21
5,4,3,7,8,10,12,88,13,15,16,17,18,19,20,21
5,4,3,7,8,10,12,88,13,15,16,17,18,19,20,21
5,4,3,7,8,10,12,88,13,15,16,17,18,19,20,21
5,4,3,7,8,10,12,88,13,15,16,17,18,19,20,21
5,4,3,7,8,10,12,88,13,15,16,17,18,19,20,21
5,4,3,7,8,10,12,88,13,15,16,17,18,19,20,21
5,4,3,7,8,10,12,88,13,15,16,17,18,19,20,21
5,4,3,7,8,10,12,88,13,15,16,17,18,19,20,21
5,4,3,7,8,10,12,88,13,15,16,17,18,19,20,21
5,4,3,7,8,10,12,88,13,15,16,17,18,19,20,21
5,4,3,7,8,10,12,88,13,15,16,17,18,19,20,21
5,4,3,7,8,10,12,88,13,15,16,17,18,19,20,21
5,4,3,7,8,10,12,88,13,15,16,17,18,19,20,21
5,4,3,7,8,10,12,88,13,15,16,17,18,19,20,21
5,4,3,7,8,10,12,88,13,15,16,17,18,19,20,21
5,4,3,7,8,10,12,88,13,15,16,17,18,19,20,21
5,4,3,7,8,10,12,88,13,15,16,17,18,19,20,21
5,4,3,7,8,10,12,88,13,15,16,17,18,19,20,21
5,4,3,7,8,10,12,88,13,15,16,17,18,19,20,21
5,4,3,7,8,10,12,88,13,15,16,17,18,19,20,21
5,4,3,7,8,10,12,88,13,15,16,17,18,19,20,21
5,4,3,7,8,10,12,88,13,15,16,17,18,19,20,21
5,4,3,7,8,10,12,88,13,15,16,17,18,19,20,21
5,4,3,7,8,10,12,88,13,15,16,17,18,19,20,21
5,4,3,7,8,10,12,88,13,15,16,17,18,19,20,21
5,4,3,7,8,10,12,88,13,15,16,17,18,19,20,21
5,4,3,7,8,10,12,88,13,15,16,17,18,19,20,21
5,4,3,7,8,10,12,88,13,15,16,17,18,19,20,21
5,4,3,7,8,10,12,88,13,15,16,17,18,19,20,21
5,4,3,7,8,10,12,88,13,15,16,17,18,19,20,21
5,4,3,7,8,10,12,88,13,15,16,17,18,19,20,21
5,4,3,7,8,10,12,88,13,15,16,17,18,19,20,21
5,4,3,7,8,10,12,88,13,15,16,17,18,19,20,21
5,4,3,7,8,10,12,88,13,15,16,17,18,19,20,21
5,4,3,7,8,10,12,88,13,15,16,17,18,19,20,21
5,4,3,7,8,10,12,88,13,15,16,17,18,19,20,21
5,4,3,7,8,10,12,88,13,15,16,17,18,19,20,21
5,4,3,7,8,10,12,88,13,15,16,17,18,19,20,21
5,4,3,7,8,10,12,88,13,15,16,17,18,19,20,21
5,4,3,7,8,10,12,88,13,15,16,17,18,19,20,21
5,4,3,7,8,10,12,88,13,15,16,17,18,19,20,21
5,4,3,7,8,10,12,88,13,15,16,17,18,19,20,21
5,4,3,7,8,10,12,88,13,15,16,17,18,19,20,21
5,4,3,7,8,10,12,88,13,15,16,17,18,19,20,21
5,4,3,7,8,10,12,88,13,15,16,17,18,19,20,21
5,4,3,7,8,10,12,88,13,15,16,17,18,19,20,21
5,4,3,7,8,10,12,88,13,15,16,17,18,19,20,21
5,4,3,7,8,10,12,88,13,15,16,17,18,19,20,21
5,4,3,7,8,10,12,88,13,15,16,17,18,19,20,21
5,4,3,7,8,10,12,88,13,15,16,17,18,19,20,21
5,4,3,7,8,10,12,88,13,15,16,17,18,19,20,21
5,4,3,7,8,10,12,88,13,15,16,17,18,19,20,21
5,4,3,7,8,10,12,88,13,15,16,17,18,19,20,21
5,4,3,7,8,10,12,88,13,15,16,17,18,19,20,21
5,4,3,7,8,10,12,88,13,15,16,17,18,19,20,21
5,4,3,7,8,10,12,88,13,15,16,17,18,19,20,21
5,4,3,7,8,10,12,88,13,15,16,17,18,19,20,21
5,4,3,7,8,10,12,88,13,15,16,17,18,19,20,21
5,4,3,7,8,10,12,88,13,15,16,17,18,19,20,21
5,4,3,7,8,10,12,88,13,15,16,17,18,19,20,21
5,4,3,7,8,10,12,88,13,15,16,17,18,19,20,21
5,4,3,7,8,10,12,88,13,15,16,17,18,19,20,21
5,4,3,7,8,10,12,88,13,15,16,17,18,19,20,21
5,4,3,7,8,10,12,88,13,15,16,17,18,19,20,21
5,4,3,7,8,10,12,88,13,15,16,17,18,19,20,21
5,4,3,7,8,10,12,88,13,15,16,17,18,19,20,21
5,4,3,7,8,10,12,88,13,15,16,17,18,19,20,21
5,4,3,7,8,10,12,88,13,15,16,17,18,19,20,21
5,4,3,7,8,10,12,88,13,15,16,17,18,19,20,21
5,4,3,7,8,10,12,88,13,15,16,17,18,19,20,21
5,4,3,7,8,10,12,88,13,15,16,17,18,19,20,21
5,4,3,7,8,10,12,88,13,15,16,17,18,19,20,21
5,4,3,7,8,10,12,88,13,15,16,17,18,19,20,21
5,4,3,7,8,10,12,88,13,15,16,17,18,19,20,21
5,4,3,7,8,10,12,88,13,15,16,17,18,19,20,21
5,4,3,7,8,10,12,88,13,15,16,17,18,19,20,21
5,4,3,7,8,10,12,88,13,15,16,17,18,19,20,21
5,4,3,7,8,10,12,88,13,15,16,17,18,19,20,21
5,4,3,7,8,10,12,88,13,15,16,17,18,19,20,21
5,4,3,7,8,10,12,88,13,15,16,17,18,19,20,21
5,4,3,7,8,10,12,88,13,15,16,17,18,19,20,21
5,4,3,7,8,10,12,88,13,15,16,17,18,19,20,21
5,4,3,7,8,10,12,88,13,15,16,17,18,19,20,21
5,4,3,7,8,10,12,88,13,15,16,17,18,19,20,21
5,4,3,7,8,10,12,88,13,15,16,17,18,19,20,21
5,4,3,7,8,10,12,88,13,15,16,17,18,19,20,21
5,4,3,7,8,10,12,88,13,15,16,17,18,19,20,21
5,4,3,7,8,10,12,88,13,15,16,17,18,19,20,21
5,4,3,7,8,10,12,88,13,15,16,17,18,19,20,21
5,4,3,7,8,10,12,88,13,15,16,17,18,19,20,21
5,4,3,7,8,10,12,88,13,15,16,17,18,19,20,21
5,4,3,7,8,10,12,88,13,15,16,17,18,19,20,21
5,4,3,7,8,10,12,88,13,15,16,17,18,19,20,21
5,4,3,7,8,10,12,88,13,15,16,17,18,19,20,21
5,4,3,7,8,10,12,88,13,15,16,17,18,19,20,21
5,4,3,7,8,10,12,88,13,15,16,17,18,19,20,21
5,4,3,7,8,10,12,88,13,15,16,17,18,19,20,21
5,4,3,7,8,10,12,88,13,15,16,17,18,19,20,21
5,4,3,7,8,10,12,88,13,15,16,17,18,19,20,21
5,4,3,7,8,10,12,88,13,15,16,17,18,19,20,21
5,4,3,7,8,10,12,88,13,15,16,17,18,19,20,21
5,4,3,7,8,10,12,88,13,15,16,17,18,19,20,21
5,4,3,7,8,10,12,88,13,15,16,17,18,19,20,21
5,4,3,7,8,10,12,88,13,15,16,17,18,19,20,21
5,4,3,7,8,10,12,88,13,15,16,17,18,19,20,21
5,4,3,7,8,10,12,88,13,15,16,17,18,19,20,21
5,4,3,7,8,10,12,88,13,15,16,17,18,19,20,21
5,4,3,7,8,10,12,88,13,15,16,17,18,19,20,21
5,4,3,7,8,10,12,88,13,15,16,17,18,19,20,21
5,4,3,7,8,10,12,88,13,15,16,17,18,19,20,21
5,4,3,7,8,10,12,88,13,15,16,17,18,19,20,21
5,4,3,7,8,10,12,88,13,15,16,17,18,19,20,21
5,4,3,7,8,10,12,88,13,15,16,17,18,19,20,21
5,4,3,7,8,10,12,88,13,15,16,17,18,19,20,21
5,4,3,7,8,10,12,88,13,15,16,17,18,19,20,21
5,4,3,7,8,10,12,88,13,15,16,17,18,19,20,21
5,4,3,7,8,10,12,88,13,15,16,17,18,19,20,21
5,4,3,7,8,10,12,88,13,15,16,17,18,19,20,21
5,4,3,7,8,10,12,88,13,15,16,17,18,19,20,21
5,4,3,7,8,10,12,88,13,15,16,17,18,19,20,21
5,4,3,7,8,10,12,88,13,15,16,17,18,19,20,21
5,4,3,7,8,10,12,88,13,15,16,17,18,19,20,21
5,4,3,7,8,10,12,88,13,15,16,17,18,19,20,21
5,4,3,7,8,10,12,88,13,15,16,17,18,19,20,21
5,4,3,7,8,10,12,88,13,15,16,17,18,19,20,21
5,4,3,7,8,10,12,88,13,15,16,17,18,19,20,21
5,4,3,7,8,10,12,88,13,15,16,17,18,19,20,21
5,4,3,7,8,10,12,88,13,15,16,17,18,19,20,21
5,4,3,7,8,10,12,88,13,15,16,17,18,19,20,21
5,4,3,7,8,10,12,88,13,15,16,17,18,19,20,21
5,4,3,7,8,10,12,88,13,15,16,17,18,19,20,21
5,4,3,7,8,10,12,88,13,15,16,17,18,19,20,21
5,4,3,7,8,10,12,88,13,15,16,17,18,19,20,21
5,4,3,7,8,10,12,88,13,15,16,17,18,19,20,21
5,4,3,7,8,10,12,88,13,15,16,17,18,19,20,21
5,4,3,7,8,10,12,88,13,15,16,17,18,19,20,21
5,4,3,7,8,10,12,88,13,15,16,17,18,19,20,21
5,4,3,7,8,10,12,88,13,15,16,17,18,19,20,21
5,4,3,7,8,10,12,88,13,15,16,17,18,19,20,21
5,4,3,7,8,10,12,88,13,15,16,17,18,19,20,21
5,4,3,7,8,10,12,88,13,15,16,17,18,19,20,21
5,4,3,7,8,10,12,88,13,15,16,17,18,19,20,21
5,4,3,7,8,10,12,88,13,15,16,17,18,19,20,21
5,4,3,7,8,10,12,88,13,15,16,17,18,19,20,21
5,4,3,7,8,10,12,88,13,15,16,17,18,19,20,21
5,4,3,7,8,10,12,88,13,15,16,17,18,19,20,21
5,4,3,7,8,10,12,88,13,15,16,17,18,19,20,21
5,4,3,7,8,10,12,88,13,15,16,17,18,19,20,21
5,4,3,7,8,10,12,88,13,15,16,17,18,19,20,21
5,4,3,7,8,10,12,88,13,15,16,17,18,19,20,21
5,4,3,7,8,10,12,88,13,15,16,17,18,19,20,21
5,4,3,7,8,10,12,88,13,15,16,17,18,19,20,21
5,4,3,7,8,10,12,88,13,15,16,17,18,19,20,21
5,4,3,7,8,10,12,88,13,15,16,17,18,19,20,21
5,4,3,7,8,10,12,88,13,15,16,17,18,19,20,21
5,4,3,7,8,10,12,88,13,15,16,17,18,19,20,21
5,4,3,7,8,10,12,88,13,15,16,17,18,19,20,21
5,4,3,7,8,10,12,88,13,15,16,17,18,19,20,21
5,4,3,7,8,10,12,88,13,15,16,17,18,19,20,21
5,4,3,7,8,10,12,88,13,15,16,17,18,19,20,21
5,4,3,7,8,10,12,88,13,15,16,17,18,19,20,21
5,4,3,7,8,10,12,88,13,15,16,17,18,19,20,21
5,4,3,7,8,10,12,88,13,15,16,17,18,19,20,21
5,4,3,7,8,10,12,88,13,15,16,17,18,19,20,21
5,4,3,7,8,10,12,88,13,15,16,17,18,19,20,21
5,4,3,7,8,10,12,88,13,15,16,17,18,19,20,21
5,4,3,7,8,10,12,88,13,15,16,17,18,19,20,21
5,4,3,7,8,10,12,88,13,15,16,17,18,19,20,21
5,4,3,7,8,10,12,88,13,15,16,17,18,19,20,21
5,4,3,7,8,10,12,88,13,15,16,17,18,19,20,21
5,4,3,7,8,10,12,88,13,15,16,17,18,19,20,21
5,4,3,7,8,10,12,88,13,15,16,17,18,19,20,21
5,4,3,7,8,10,12,88,13,15,16,17,18,19,20,21
5,4,3,7,8,10,12,88,13,15,16,17,18,19,20,21
5,4,3,7,8,10,12,88,13,15,16,17,18,19,20,21
5,4,3,7,8,10,12,88,13,15,16,17,18,19,20,21
5,4,3,7,8,10,12,88,13,15,16,17,18,19,20,21
5,4,3,7,8,10,12,88,13,15,16,17,18,19,20,21
5,4,3,7,8,10,12,88,13,15,16,17,18,19,20,21
5,4,3,7,8,10,12,88,13,15,16,17,18,19,20,21
5,4,3,7,8,10,12,88,13,15,16,17,18,19,20,21
5,4,3,7,8,10,12,88,13,15,16,17,18,19,20,21
5,4,3,7,8,10,12,88,13,15,16,17,18,19,20,21
5,4,3,7,8,10,12,88,13,15,16,17,18,19,20,21
5,4,3,7,8,10,12,88,13,15,16,17,18,19,20,21
5,4,3,7,8,10,12,88,13,15,16,17,18,19,20,21
5,4,3,7,8,10,12,88,13,15,16,17,18,19,20,21
5,4,3,7,8,10,12,88,13,15,16,17,18,19,20,21
5,4,3,7,8,10,12,88,13,15,16,17,18,19,20,21
5,4,3,7,8,10,12,88,13,15,16,17,18,19,20,21
5,4,3,7,8,10,12,88,13,15,16,17,18,19,20,21
5,4,3,7,8,10,12,88,13,15,16,17,18,19,20,21
5,4,3,7,8,10,12,88,13,15,16,17,18,19,20,21
5,4,3,7,8,10,12,88,13,15,16,17,18,19,20,21
5,4,3,7,8,10,12,88,13,15,16,17,18,19,20,21
5,4,3,7,8,10,12,88,13,15,16,17,18,19,20,21
5,4,3,7,8,10,12,88,13,15,16,17,18,19,20,21
5,4,3,7,8,10,12,88,13,15,16,17,18,19,20,21
5,4,3,7,8,10,12,88,13,15,16,17,18,19,20,21
5,4,3,7,8,10,12,88,13,15,16,17,18,19,20,21
5,4,3,7,8,10,12,88,13,15,16,17,18,19,20,21
5,4,3,7,8,10,12,88,13,15,16,17,18,19,20,21
5,4,3,7,8,10,12,88,13,15,16,17,18,19,20,21
5,4,3,7,8,10,12,88,13,15,16,17,18,19,20,21
5,4,3,7,8,10,12,88,13,15,16,17,18,19,20,21
5,4,3,7,8,10,12,88,13,15,16,17,18,19,20,21
5,4,3,7,8,10,12,88,13,15,16,17,18,19,20,21
5,4,3,7,8,10,12,88,13,15,16,17,18,19,20,21
5,4,3,7,8,10,12,88,13,15,16,17,18,19,20,21
5,4,3,7,8,10,12,88,13,15,16,17,18,19,20,21
5,4,3,7,8,10,12,88,13,15,16,17,18,19,20,21
5,4,3,7,8,10,12,88,13,15,16,17,18,19,20,21
5,4,3,7,8,10,12,88,13,15,16,17,18,19,20,21
5,4,3,7,8,10,12,88,13,15,16,17,18,19,20,21
5,4,3,7,8,10,12,88,13,15,16,17,18,19,20,21
5,4,3,7,8,10,12,88,13,15,16,17,18,19,20,21
5,4,3,7,8,10,12,88,13,15,16,17,18,19,20,21
5,4,3,7,8,10,12,88,13,15,16,17,18,19,20,21
5,4,3,7,8,10,12,88,13,15,16,17,18,19,20,21
5,4,3,7,8,10,12,88,13,15,16,17,18,19,20,21
5,4,3,7,8,10,12,88,13,15,16,17,18,19,20,21
5,4,3,7,8,10,12,88,13,15,16,17,18,19,20,21
5,4,3,7,8,10,12,88,13,15,16,17,18,19,20,21
5,4,3,7,8,10,12,88,13,15,16,17,18,19,20,21
5,4,3,7,8,10,12,88,13,15,16,17,18,19,20,21
5,4,3,7,8,10,12,88,13,15,16,17,18,19,20,21
5,4,3,7,8,10,12,88,13,15,16,17,18,19,20,21
5,4,3,7,8,10,12,88,13,15,16,17,18,19,20,21
5,4,3,7,8,10,12,88,13,15,16,17,18,19,20,21
5,4,3,7,8,10,12,88,13,15,16,17,18,19,20,21
5,4,3,7,8,10,12,88,13,15,16,17,18,19,20,21
5,4,3,7,8,10,12,88,13,15,16,17,18,19,20,21
5,4,3,7,8,10,12,88,13,15,16,17,18,19,20,21
5,4,3,7,8,10,12,88,13,15,16,17,18,19,20,21
5,4,3,7,8,10,12,88,13,15,16,17,18,19,20,21
5,4,3,7,8,10,12,88,13,15,16,17,18,19,20,21
5,4,3,7,8,10,12,88,13,15,16,17,18,19,20,21
5,4,3,7,8,10,12,88,13,15,16,17,18,19,20,21
5,4,3,7,8,10,12,88,13,15,16,17,18,19,20,21
5,4,3,7,8,10,12,88,13,15,16,17,18,19,20,21
5,4,3,7,8,10,12,88,13,15,16,17,18,19,20,21
5,4,3,7,8,10,12,88,13,15,16,17,18,19,20,21
5,4,3,7,8,10,12,88,13,15,16,17,18,19,20,21
5,4,3,7,8,10,12,88,13,15,16,17,18,19,20,21
5,4,3,7,8,10,12,88,13,15,16,17,18,19,20,21
5,4,3,7,8,10,12,88,13,15,16,17,18,19,20,21
5,4,3,7,8,10,12,88,13,15,16,17,18,19,20,21
5,4,3,7,8,10,12,88,13,15,16,17,18,19,20,21
5,4,3,7,8,10,12,88,13,15,16,17,18,19,20,21
5,4,3,7,8,10,12,88,13,15,16,17,18,19,20,21
5,4,3,7,8,10,12,88,13,15,16,17,18,19,20,21
5,4,3,7,8,10,12,88,13,15,16,17,18,19,20,21
5,4,3,7,8,10,12,88,13,15,16,17,18,19,20,21
5,4,3,7,8,10,12,88,13,15,16,17,18,19,20,21
5,4,3,7,8,10,12,88,13,15,16,17,18,19,20,21
5,4,3,7,8,10,12,88,13,15,16,17,18,19,20,21
5,4,3,7,8,10,12,88,13,15,16,17,18,19,20,21
5,4,3,7,8,10,12,88,13,15,16,17,18,19,20,21
5,4,3,7,8,10,12,88,13,15,16,17,18,19,20,21
5,4,3,7,8,10,12,88,13,15,16,17,18,19,20,21
5,4,3,7,8,10,12,88,13,15,16,17,18,19,20,21
5,4,3,7,8,10,12,88,13,15,16,17,18,19,20,21
5,4,3,7,8,10,12,88,13,15,16,17,18,19,20,21
5,4,3,7,8,10,12,88,13,15,16,17,18,19,20,21
5,4,3,7,8,10,12,88,13,15,16,17,18,19,20,21
5,4,3,7,8,10,12,88,13,15,16,17,18,19,20,21
5,4,3,7,8,10,12,88,13,15,16,17,18,19,20,21
5,4,3,7,8,10,12,88,13,15,16,17,18,19,20,21
5,4,3,7,8,10,12,88,13,15,16,17,18,19,20,21
5,4,3,7,8,10,12,88,13,15,16,17,18,19,20,21
5,4,3,7,8,10,12,88,13,15,16,17,18,19,20,21
5,4,3,7,8,10,12,88,13,15,16,17,18,19,20,21
5,4,3,7,8,10,12,88,13,15,16,17,18,19,20,21
5,4,3,7,8,10,12,88,13,15,16,17,18,19,20,21
5,4,3,7,8,10,12,88,13,15,16,17,18,19,20,21
5,4,3,7,8,10,12,88,13,15,16,17,18,19,20,21
5,4,3,7,8,10,12,88,13,15,16,17,18,19,20,21
5,4,3,7,8,10,12,88,13,15,16,17,18,19,20,21
5,4,3,7,8,10,12,88,13,15,16,17,18,19,20,21
5,4,3,7,8,10,12,88,13,15,16,17,18,19,20,21
5,4,3,7,8,10,12,88,13,15,16,17,18,19,20,21
5,4,3,7,8,10,12,88,13,15,16,17,18,19,20,21
5,4,3,7,8,10,12,88,13,15,16,17,18,19,20,21
5,4,3,7,8,10,12,88,13,15,16,17,18,19,20,21
5,4,3,7,8,10,12,88,13,15,16,17,18,19,20,21
5,4,3,7,8,10,12,88,13,15,16,17,18,19,20,21
5,4,3,7,8,10,12,88,13,15,16,17,18,19,20,21
5,4,3,7,8,10,12,88,13,15,16,17,18,19,20,21
5,4,3,7,8,10,12,88,13,15,16,17,18,19,20,21
5,4,3,7,8,10,12,88,13,15,16,17,18,19,20,21
5,4,3,7,8,10,12,88,13,15,16,17,18,19,20,21
5,4,3,7,8,10,12,88,13,15,16,17,18,19,20,21
5,4,3,7,8,10,12,88,13,15,16,17,18,19,20,21
5,4,3,7,8,10,12,88,13,15,16,17,18,19,20,21
5,4,3,7,8,10,12,88,13,15,16,17,18,19,20,21
5,4,3,7,8,10,12,88,13,15,16,17,18,19,20,21
5,4,3,7,8,10,12,88,13,15,16,17,18,19,20,21
5,4,3,7,8,10,12,88,13,15,16,17,18,19,20,21
5,4,3,7,8,10,12,88,13,15,16,17,18,19,20,21
5,4,3,7,8,10,12,88,13,15,16,17,18,19,20,21
5,4,3,7,8,10,12,88,13,15,16,17,18,19,20,21
5,4,3,7,8,10,12,88,13,15,16,17,18,19,20,21
5,4,3,7,8,10,12,88,13,15,16,17,18,19,20,21
5,4,3,7,8,10,12,88,13,15,16,17,18,19,20,21
5,4,3,7,8,10,12,88,13,15,16,17,18,19,20,21
5,4,3,7,8,10,12,88,13,15,16,17,18,19,20,21
5,4,3,7,8,10,12,88,13,15,16,17,18,19,20,21
5,4,3,7,8,10,12,88,13,15,16,17,18,19,20,21
5,4,3,7,8,10,12,88,13,15,16,17,18,19,20,21
5,4,3,7,8,10,12,88,13,15,16,17,18,19,20,21
5,4,3,7,8,10,12,88,13,15,16,17,18,19,20,21
5,4,3,7,8,10,12,88,13,15,16,17,18,19,20,21
5,4,3,7,8,10,12,88,13,15,16,17,18,19,20,21
5,4,3,7,8,10,12,88,13,15,16,17,18,19,20,21
5,4,3,7,8,10,12,88,13,15,16,17,18,19,20,21
5,4,3,7,8,10,12,88,13,15,16,17,18,19,20,21
5,4,3,7,8,10,12,88,13,15,16,17,18,19,20,21
5,4,3,7,8,10,12,88,13,15,16,17,18,19,20,21
5,4,3,7,8,10,12,88,13,15,16,17,18,19,20,21
5,4,3,7,8,10,12,88,13,15,16,17,18,19,20,21
5,4,3,7,8,10,12,88,13,15,16,17,18,19,20,21
5,4,3,7,8,10,12,88,13,15,16,17,18,19,20,21
5,4,3,7,8,10,12,88,13,15,16,17,18,19,20,21
5,4,3,7,8,10,12,88,13,15,16,17,18,19,20,21
5,4,3,7,8,10,12,88,13,15,16,17,18,19,20,21
5,4,3,7,8,10,12,88,13,15,16,17,18,19,20,21
5,4,3,7,8,10,12,88,13,15,16,17,18,19,20,21
5,4,3,7,8,10,12,88,13,15,16,17,18,19,20,21
5,4,3,7,8,10,12,88,13,15,16,17,18,19,20,21
5,4,3,7,8,10,12,88,13,15,16,17,18,19,20,21
5,4,3,7,8,10,12,88,13,15,16,17,18,19,20,21
5,4,3,7,8,10,12,88,13,15,16,17,18,19,20,21
5,4,3,7,8,10,12,88,13,15,16,17,18,19,20,21
5,4,3,7,8,10,12,88,13,15,16,17,18,19,20,21
5,4,3,7,8,10,12,88,13,15,16,17,18,19,20,21
5,4,3,7,8,10,12,88,13,15,16,17,18,19,20,21
5,4,3,7,8,10,12,88,13,15,16,17,18,19,20,21
5,4,3,7,8,10,12,88,13,15,16,17,18,19,20,21
5,4,3,7,8,10,12,88,13,15,16,17,18,19,20,21
5,4,3,7,8,10,12,88,13,15,16,17,18,19,20,21
5,4,3,7,8,10,12,88,13,15,16,17,18,19,20,21
5,4,3,7,8,10,12,88,13,15,16,17,18,19,20,21
5,4,3,7,8,10,12,88,13,15,16,17,18,19,20,21
5,4,3,7,8,10,12,88,13,15,16,17,18,19,20,21
5,4,3,7,8,10,12,88,13,15,16,17,18,19,20,21
5,4,3,7,8,10,12,88,13,15,16,17,18,19,20,21
5,4,3,7,8,10,12,88,13,15,16,17,18,19,20,21
5,4,3,7,8,10,12,88,13,15,16,17,18,19,20,21
5,4,3,7,8,10,12,88,13,15,16,17,18,19,20,21
5,4,3,7,8,10,12,88,13,15,16,17,18,19,20,21
5,4,3,7,8,10,12,88,13,15,16,17,18,19,20,21
5,4,3,7,8,10,12,88,13,15,16,17,18,19,20,21
5,4,3,7,8,10,12,88,13,15,16,17,18,19,20,21
5,4,3,7,8,10,12,88,13,15,16,17,18,19,20,21
5,4,3,7,8,10,12,88,13,15,16,17,18,19,20,21
5,4,3,7,8,10,12,88,13,15,16,17,18,19,20,21
5,4,3,7,8,10,12,88,13,15,16,17,18,19,20,21
5,4,3,7,8,10,12,88,13,15,16,17,18,19,20,21
5,4,3,7,8,10,12,88,13,15,16,17,18,19,20,21
5,4,3,7,8,10,12,88,13,15,16,17,18,19,20,21
5,4,3,7,8,10,12,88,13,15,16,17,18,19,20,21
5,4,3,7,8,10,12,88,13,15,16,17,18,19,20,21
5,4,3,7,8,10,12,88,13,15,16,17,18,19,20,21
5,4,3,7,8,10,12,88,13,15,16,17,18,19,20,21
5,4,3,7,8,10,12,88,13,15,16,17,18,19,20,21
5,4,3,7,8,10,12,88,13,15,16,17,18,19,20,21
5,4,3,7,8,10,12,88,13,15,16,17,18,19,20,21
5,4,3,7,8,10,12,88,13,15,16,17,18,19,20,21
5,4,3,7,8,10,12,88,13,15,16,17,18,19,20,21
5,4,3,7,8,10,12,88,13,15,16,17,18,19,20,21
5,4,3,7,8,10,12,88,13,15,16,17,18,19,20,21
5,4,3,7,8,10,12,88,13,15,16,17,18,19,20,21
5,4,3,7,8,10,12,88,13,15,16,17,18,19,20,21
5,4,3,7,8,10,12,88,13,15,16,17,18,19,20,21
5,4,3,7,8,10,12,88,13,15,16,17,18,19,20,21
5,4,3,7,8,10,12,88,13,15,16,17,18,19,20,21
5,4,3,7,8,10,12,88,13,15,16,17,18,19,20,21
5,4,3,7,8,10,12,88,13,15,16,17,18,19,20,21
5,4,3,7,8,10,12,88,13,15,16,17,18,19,20,21
5,4,3,7,8,10,12,88,13,15,16,17,18,19,20,21
5,4,3,7,8,10,12,88,13,15,16,17,18,19,20,21
5,4,3,7,8,10,12,88,13,15,16,17,18,19,20,21
5,4,3,7,8,10,12,88,13,15,16,17,18,19,20,21
5,4,3,7,8,10,12,88,13,15,16,17,18,19,20,21
5,4,3,7,8,10,12,88,13,15,16,17,18,19,20,21
5,4,3,7,8,10,12,88,13,15,16,17,18,19,20,21
5,4,3,7,8,10,12,88,13,15,16,17,18,19,20,21
5,4,3,7,8,10,12,88,13,15,16,17,18,19,20,21
5,4,3,7,8,10,12,88,13,15,16,17,18,19,20,21
5,4,3,7,8,10,12,88,13,15,16,17,18,19,20,21
5,4,3,7,8,10,12,88,13,15,16,17,18,19,20,21
5,4,3,7,8,10,2,1,15,16,17,18,19,20,21
5,4,3,7,8,10,2,1,15,16,17,18,19,20,21
5,4,3,7,8,10,2,1,15,16,17,18,19,20,21
5,4,3,7,8,10,2,1,15,16,17,18,19,20,21
5,4,3,7,8,10,2,1,15,16,17,18,19,20,21
5,4,3,7,8,10,2,1,15,16,17,18,19,20,21
5,4,3,7,8,10,2,1,15,16,17,18,19,20,21
5,4,3,7,8,10,2,1,15,16,17,18,19,20,21
5,4,3,7,8,10,2,1,15,16,17,18,19,20,21
5,4,3,7,8,10,2,1,15,16,17,18,19,20,21
5,4,3,7,8,10,2,1,15,16,17,18,19,20,21
5,4,3,7,8,10,2,1,15,16,17,18,19,20,21
5,4,3,7,8,10,2,1,15,16,17,18,19,20,21
5,4,3,7,8,10,2,1,15,16,17,18,19,20,21
5,4,3,7,8,10,2,1,15,16,17,18,19,20,21
5,4,3,7,8,10,2,1,15,16,17,18,19,20,21
5,4,3,7,8,10,2,1,15,16,17,18,19,20,21
5,4,3,7,8,10,2,1,15,16,17,18,19,20,21
5,4,3,7,8,10,2,1,15,16,17,18,19,20,21
5,4,3,7,8,10,2,1,15,16,17,18,19,20,21
5,4,3,7,8,10,2,1,15,16,17,18,19,20,21
5,4,3,7,8,10,2,1,15,16,17,18,19,20,21
5,4,3,7,8,10,2,1,15,16,17,18,19,20,21
5,4,3,7,8,10,2,1,15,16,17,18,19,20,21
5,4,3,7,8,10,2,1,15,16,17,18,19,20,21
5,4,3,7,8,10,2,1,15,16,17,18,19,20,21
5,4,3,7,8,10,2,1,15,16,17,18,19,20,21
5,4,3,7,8,10,2,1,15,16,17,18,19,20,21
5,4,3,7,8,10,2,1,15,16,17,18,19,20,21
5,4,3,7,8,10,2,1,15,16,17,18,19,20,21
5,4,3,7,8,10,2,1,15,16,17,18,19,20,21
5,4,3,7,8,10,2,1,15,16,17,18,19,20,21
5,4,3,7,8,10,2,1,15,16,17,18,19,20,21
5,4,3,7,8,10,2,1,15,16,17,18,19,20,21
5,4,3,7,8,10,2,1,15,16,17,18,19,20,21
5,4,3,7,8,10,2,1,15,16,17,18,19,20,21
5,4,3,7,8,10,2,1,15,16,17,18,19,20,21
5,4,3,7,8,10,2,1,15,16,17,18,19,20,21
5,4,3,7,8,10,2,1,15,16,17,18,19,20,21
5,4,3,7,8,10,2,1,15,16,17,18,19,20,21
5,4,3,7,8,10,2,1,15,16,17,18,19,20,21
5,4,3,7,8,10,2,1,15,16,17,18,19,20,21
5,4,3,7,8,10,2,1,15,16,17,18,19,20,21
5,4,3,7,8,10,2,1,15,16,17,18,19,20,21
5,4,3,7,8,10,2,1,15,16,17,18,19,20,21
5,4,3,7,8,10,2,1,15,16,17,18,19,20,21
5,4,3,7,8,10,2,1,15,16,17,18,19,20,21
5,4,3,7,8,10,2,1,15,16,17,18,19,20,21
5,4,3,7,8,10,2,1,15,16,17,18,19,20,21
5,4,3,7,8,10,2,1,15,16,17,18,19,20,21
5,4,3,7,8,10,2,1,15,16,17,18,19,20,21
5,4,3,7,8,10,2,1,15,16,17,18,19,20,21
5,4,3,7,8,10,2,1,15,16,17,18,19,20,21
5,4,3,7,8,10,2,1,15,16,17,18,19,20,21
5,4,3,7,8,10,2,1,15,16,17,18,19,20,21
5,4,3,7,8,10,2,1,15,16,17,18,19,20,21
5,4,3,7,8,10,2,1,15,16,17,18,19,20,21
5,4,3,7,8,10,2,1,15,16,17,18,19,20,21
5,4,3,7,8,10,2,1,15,16,17,18,19,20,21
5,4,3,7,8,10,2,1,15,16,17,18,19,20,21
5,4,3,7,8,10,2,1,15,16,17,18,19,20,21
5,4,3,7,8,10,2,1,15,16,17,18,19,20,21
5,4,3,7,8,10,2,1,15,16,17,18,19,20,21
5,4,3,7,8,10,2,1,15,16,17,18,19,20,21
5,4,3,7,8,10,2,1,15,16,17,18,19,20,21
5,4,3,7,8,10,2,1,15,16,17,18,19,20,21
5,4,3,7,8,10,2,1,15,16,17,18,19,20,21
5,4,3,7,8,10,2,1,15,16,17,18,19,20,21
5,4,3,7,8,10,2,1,15,16,17,18,19,20,21
5,4,3,7,8,10,2,1,15,16,17,18,19,20,21
5,4,3,7,8,10,2,1,15,16,17,18,19,20,21
5,4,3,7,8,10,2,1,15,16,17,18,19,20,21
5,4,3,7,8,10,2,1,15,16,17,18,19,20,21
5,4,3,7,8,10,2,1,15,16,17,18,19,20,21
5,4,3,7,8,10,2,1,15,16,17,18,19,20,21
5,4,3,7,8,10,2,1,15,16,17,18,19,20,21
5,4,3,7,8,10,2,1,15,16,17,18,19,20,21
5,4,3,7,8,10,2,1,15,16,17,18,19,20,21
5,4,3,7,8,10,2,1,15,16,17,18,19,20,21
5,4,3,7,8,10,2,1,15,16,17,18,19,20,21
5,4,3,7,8,10,2,1,15,16,17,18,19,20,21
5,4,3,7,8,10,2,1,15,16,17,18,19,20,21
5,4,3,7,8,10,2,1,15,16,17,18,19,20,21
5,4,3,7,8,10,2,1,15,16,17,18,19,20,21
5,4,3,7,8,10,2,1,15,16,17,18,19,20,21
5,4,3,7,8,10,2,1,15,16,17,18,19,20,21
5,4,3,7,8,10,2,1,15,16,17,18,19,20,21
5,4,3,7,8,10,2,1,15,16,17,18,19,20,21
5,4,3,7,8,10,2,1,15,16,17,18,19,20,21
5,4,3,7,8,10,2,1,15,16,17,18,19,20,21
5,4,3,7,8,10,2,1,15,16,17,18,19,20,21
5,4,3,7,8,10,2,1,15,16,17,18,19,20,21
5,4,3,7,8,10,2,1,15,16,17,18,19,20,21
5,4,3,7,8,10,2,1,15,16,17,18,19,20,21
5,4,3,7,8,10,2,1,15,16,17,18,19,20,21
5,4,3,7,8,10,2,1,15,16,17,18,19,20,21
5,4,3,7,8,10,2,1,15,16,17,18,19,20,21
5,4,3,7,8,10,2,1,15,16,17,18,19,20,21
5,4,3,7,8,10,2,1,15,16,17,18,19,20,21
5,4,3,7,8,10,2,1,15,16,17,18,19,20,21
5,4,3,7,8,10,2,1,15,16,17,18,19,20,21
5,4,3,7,8,10,2,1,15,16,17,18,19,20,21
5,4,3,7,8,10,2,1,15,16,17,18,19,20,21
5,4,3,7,8,10,2,1,15,16,17,18,19,20,21
5,4,3,7,8,10,2,1,15,16,17,18,19,20,21
5,4,3,7,8,10,2,1,15,16,17,18,19,20,21
5,4,3,7,8,10,2,1,15,16,17,18,19,20,21
5,4,3,7,8,10,2,1,15,16,17,18,19,20,21
5,4,3,7,8,10,2,1,15,16,17,18,19,20,21
5,4,3,7,8,10,2,1,15,16,17,18,19,20,21
5,4,3,7,8,10,2,1,15,16,17,18,19,20,21
5,4,3,7,8,10,2,1,15,16,17,18,19,20,21
5,4,3,7,8,10,2,1,15,16,17,18,19,20,21
5,4,3,7,8,10,2,1,15,16,17,18,19,20,21
5,4,3,7,8,10,2,1,15,16,17,18,19,20,21
5,4,3,7,8,10,2,1,15,16,17,18,19,20,21
5,4,3,7,8,10,2,1,15,16,17,18,19,20,21
5,4,3,7,8,10,2,1,15,16,17,18,19,20,21
5,4,3,7,8,10,2,1,15,16,17,18,19,20,21
5,4,3,7,8,10,2,1,15,16,17,18,19,20,21
5,4,3,7,8,10,2,1,15,16,17,18,19,20,21
5,4,3,7,8,10,2,1,15,16,17,18,19,20,21
5,4,3,7,8,10,2,1,15,16,17,18,19,20,21
5,4,3,7,8,10,2,1,15,16,17,18,19,20,21
5,4,3,7,8,10,2,1,15,16,17,18,19,20,21
5,4,3,7,8,10,2,1,15,16,17,18,19,20,21
5,4,3,7,8,10,2,1,15,16,17,18,19,20,21
5,4,3,7,8,10,2,1,15,16,17,18,19,20,21
5,4,3,7,8,10,2,1,15,16,17,18,19,20,21
5,4,3,7,8,10,2,1,15,16,17,18,19,20,21
5,4,3,7,8,10,2,1,15,16,17,18,19,20,21
5,4,3,7,8,10,2,1,15,16,17,18,19,20,21
5,4,3,7,8,10,2,1,15,16,17,18,19,20,21
5,4,3,7,8,10,2,1,15,16,17,18,19,20,21
5,4,3,7,8,10,2,1,15,16,17,18,19,20,21
5,4,3,7,8,10,2,1,15,16,17,18,19,20,21
5,4,3,7,8,10,2,1,15,16,17,18,19,20,21
5,4,3,7,8,10,2,1,15,16,17,18,19,20,21
5,4,3,7,8,10,2,1,15,16,17,18,19,20,21
5,4,3,7,8,10,2,1,15,16,17,18,19,20,21
5,4,3,7,8,10,2,1,15,16,17,18,19,20,21
5,4,3,7,8,10,2,1,15,16,17,18,19,20,21
5,4,3,7,8,10,2,1,15,16,17,18,19,20,21
5,4,3,7,8,10,2,1,15,16,17,18,19,20,21
5,4,3,7,8,10,2,1,15,16,17,18,19,20,21
5,4,3,7,8,10,2,1,15,16,17,18,19,20,21
5,4,3,7,8,10,2,1,15,16,17,18,19,20,21
5,4,3,7,8,10,2,1,15,16,17,18,19,20,21
5,4,3,7,8,10,2,1,15,16,17,18,19,20,21
5,4,3,7,8,10,2,1,15,16,17,18,19,20,21
5,4,3,7,8,10,2,1,15,16,17,18,19,20,21
5,4,3,7,8,10,2,1,15,16,17,18,19,20,21
5,4,3,7,8,10,2,1,15,16,17,18,19,20,21
5,4,3,7,8,10,2,1,15,16,17,18,19,20,21
5,4,3,7,8,10,2,1,15,16,17,18,19,20,21
5,4,3,7,8,10,2,1,15,16,17,18,19,20,21
5,4,3,7,8,10,2,1,15,16,17,18,19,20,21
5,4,3,7,8,10,2,1,15,16,17,18,19,20,21
5,4,3,7,8,10,2,1,15,16,17,18,19,20,21
5,4,3,7,8,10,2,1,15,16,17,18,19,20,21
5,4,3,7,8,10,2,1,15,16,17,18,19,20,21
5,4,3,7,8,10,2,1,15,16,17,18,19,20,21
5,4,3,7,8,10,2,1,15,16,17,18,19,20,21
5,4,3,7,8,10,2,1,15,16,17,18,19,20,21
5,4,3,7,8,10,2,1,15,16,17,18,19,20,21
5,4,3,7,8,10,2,1,15,16,17,18,19,20,21
5,4,3,7,8,10,2,1,15,16,17,18,19,20,21
5,4,3,7,8,10,2,1,15,16,17,18,19,20,21
5,4,3,7,8,10,2,1,15,16,17,18,19,20,21
5,4,3,7,8,10,2,1,15,16,17,18,19,20,21
5,4,3,7,8,10,2,1,15,16,17,18,19,20,21
5,4,3,7,8,10,2,1,15,16,17,18,19,20,21
5,4,3,7,8,10,2,1,15,16,17,18,19,20,21
5,4,3,7,8,10,2,1,15,16,17,18,19,20,21
5,4,3,7,8,10,2,1,15,16,17,18,19,20,21
5,4,3,7,8,10,2,1,15,16,17,18,19,20,21
5,4,3,7,8,10,2,1,15,16,17,18,19,20,21
5,4,3,7,8,10,2,1,15,16,17,18,19,20,21
5,4,3,7,8,10,2,1,15,16,17,18,19,20,21
5,4,3,7,8,10,2,1,15,16,17,18,19,20,21
5,4,3,7,8,10,2,1,15,16,17,18,19,20,21
5,4,3,7,8,10,2,1,15,16,17,18,19,20,21
5,4,3,7,8,10,2,1,15,16,17,18,19,20,21
5,4,3,7,8,10,2,1,15,16,17,18,19,20,21
5,4,3,7,8,10,2,1,15,16,17,18,19,20,21
5,4,3,7,8,10,2,1,15,16,17,18,19,20,21
5,4,3,7,8,10,2,1,15,16,17,18,19,20,21
5,4,3,7,8,10,2,1,15,16,17,18,19,20,21
5,4,3,7,8,10,2,1,15,16,17,18,19,20,21
5,4,3,7,8,10,2,1,15,16,17,18,19,20,21
5,4,3,7,8,10,2,1,15,16,17,18,19,20,21
5,4,3,7,8,10,2,1,15,16,17,18,19,20,21
5,4,3,7,8,10,2,1,15,16,17,18,19,20,21
5,4,3,7,8,10,2,1,15,16,17,18,19,20,21
5,4,3,7,8,10,2,1,15,16,17,18,19,20,21
5,4,3,7,8,10,2,1,15,16,17,18,19,20,21
5,4,3,7,8,10,2,1,15,16,17,18,19,20,21
5,4,3,7,8,10,2,1,15,16,17,18,19,20,21
5,4,3,7,8,10,2,1,15,16,17,18,19,20,21
5,4,3,7,8,10,2,1,15,16,17,18,19,20,21
5,4,3,7,8,10,2,1,15,16,17,18,19,20,21
5,4,3,7,8,10,2,1,15,16,17,18,19,20,21
5,4,3,7,8,10,2,1,15,16,17,18,19,20,21
5,4,3,7,8,10,2,1,15,16,17,18,19,20,21
5,4,3,7,8,10,2,1,15,16,17,18,19,20,21
5,4,3,7,8,10,2,1,15,16,17,18,19,20,21
5,4,3,7,8,10,2,1,15,16,17,18,19,20,21
5,4,3,7,8,10,2,1,15,16,17,18,19,20,21
5,4,3,7,8,10,2,1,15,16,17,18,19,20,21
5,4,3,7,8,10,2,1,15,16,17,18,19,20,21
5,4,3,7,8,10,2,1,15,16,17,18,19,20,21
5,4,3,7,8,10,2,1,15,16,17,18,19,20,21
5,4,3,7,8,10,2,1,15,16,17,18,19,20,21
5,4,3,7,8,10,2,1,15,16,17,18,19,20,21
5,4,3,7,8,10,2,1,15,16,17,18,19,20,21
5,4,3,7,8,10,2,1,15,16,17,18,19,20,21
5,4,3,7,8,10,2,1,15,16,17,18,19,20,21
5,4,3,7,8,10,2,1,15,16,17,18,19,20,21
5,4,3,7,8,10,2,1,15,16,17,18,19,20,21
5,4,3,7,8,10,2,1,15,16,17,18,19,20,21
5,4,3,7,8,10,2,1,15,16,17,18,19,20,21
5,4,3,7,8,10,2,1,15,16,17,18,19,20,21
5,4,3,7,8,10,2,1,15,16,17,18,19,20,21
5,4,3,7,8,10,2,1,15,16,17,18,19,20,21
5,4,3,7,8,10,2,1,15,16,17,18,19,20,21
5,4,3,7,8,10,2,1,15,16,17,18,19,20,21
5,4,3,7,8,10,2,1,15,16,17,18,19,20,21
5,4,3,7,8,10,2,1,15,16,17,18,19,20,21
5,4,3,7,8,10,2,1,15,16,17,18,19,20,21
5,4,3,7,8,10,2,1,15,16,17,18,19,20,21
5,4,3,7,8,10,2,1,15,16,17,18,19,20,21
5,4,3,7,8,10,2,1,15,16,17,18,19,20,21
5,4,3,7,8,10,2,1,15,16,17,18,19,20,21
5,4,3,7,8,10,2,1,15,16,17,18,19,20,21
5,4,3,7,8,10,2,1,15,16,17,18,19,20,21
5,4,3,7,8,10,2,1,15,16,17,18,19,20,21
5,4,3,7,8,10,2,1,15,16,17,18,19,20,21
5,4,3,7,8,10,2,1,15,16,17,18,19,20,21
5,4,3,7,8,10,2,1,15,16,17,18,19,20,21
5,4,3,7,8,10,2,1,15,16,17,18,19,20,21
5,4,3,7,8,10,2,1,15,16,17,18,19,20,21
5,4,3,7,8,10,2,1,15,16,17,18,19,20,21
5,4,3,7,8,10,2,1,15,16,17,18,19,20,21
5,4,3,7,8,10,2,1,15,16,17,18,19,20,21
5,4,3,7,8,10,2,1,15,16,17,18,19,20,21
5,4,3,7,8,10,2,1,15,16,17,18,19,20,21
5,4,3,7,8,10,2,1,15,16,17,18,19,20,21
5,4,3,7,8,10,2,1,15,16,17,18,19,20,21
5,4,3,7,8,10,2,1,15,16,17,18,19,20,21
5,4,3,7,8,10,2,1,15,16,17,18,19,20,21
5,4,3,7,8,10,2,1,15,16,17,18,19,20,21
5,4,3,7,8,10,2,1,15,16,17,18,19,20,21
5,4,3,7,8,10,2,1,15,16,17,18,19,20,21
5,4,3,7,8,10,2,1,15,16,17,18,19,20,21
5,4,3,7,8,10,2,1,15,16,17,18,19,20,21
5,4,3,7,8,10,2,1,15,16,17,18,19,20,21
5,4,3,7,8,9,10,2,1,0,18,19,20,21
5,4,3,7,8,9,10,2,1,0,18,19,20,21
5,4,3,7,8,9,10,2,1,0,18,19,20,21
5,4,3,7,8,9,10,2,1,0,18,19,20,21
5,4,3,7,8,9,10,2,1,0,18,19,20,21
5,4,3,7,8,9,10,2,1,0,18,19,20,21
5,4,3,7,8,9,10,2,1,0,18,19,20,21
5,4,3,7,8,9,10,2,1,0,18,19,20,21
5,4,3,7,8,9,10,2,1,0,18,19,20,21
5,4,3,7,8,9,10,2,1,0,18,19,20,21
5,4,3,7,8,9,10,2,1,0,18,19,20,21
5,4,3,7,8,9,10,2,1,0,18,19,20,21
5,4,3,7,8,9,10,2,1,0,18,19,20,21
5,4,3,7,8,9,10,2,1,0,18,19,20,21
5,4,3,7,8,9,10,2,1,0,18,19,20,21
5,4,3,7,8,9,10,2,1,0,18,19,20,21
5,4,3,7,8,9,10,2,1,0,18,19,20,21
5,4,3,7,8,9,10,2,1,0,18,19,20,21
5,4,3,7,8,9,10,2,1,0,18,19,20,21
5,4,3,7,8,9,10,2,1,0,18,19,20,21
5,4,3,7,8,9,10,2,1,0,18,19,20,21
5,4,3,7,8,9,10,2,1,0,18,19,20,21
5,4,3,7,8,9,10,2,1,0,18,19,20,21
5,4,3,7,8,9,10,2,1,0,18,19,20,21
5,4,3,7,8,9,10,2,1,0,18,19,20,21
5,4,3,7,8,9,10,2,1,0,18,19,20,21
5,4,3,7,8,9,10,2,1,0,18,19,20,21
5,4,3,7,8,9,10,2,1,0,18,19,20,21
5,4,3,7,8,9,10,2,1,0,18,19,20,21
5,4,3,7,8,9,10,2,1,0,18,19,20,21
5,4,3,7,8,9,10,2,1,0,18,19,20,21
5,4,3,7,8,9,10,2,1,0,18,19,20,21
5,4,3,7,8,9,10,2,1,0,18,19,20,21
5,4,3,7,8,9,10,2,1,0,18,19,20,21
5,4,3,7,8,9,10,2,1,0,18,19,20,21
5,4,3,7,8,9,10,2,1,0,18,19,20,21
5,4,3,7,8,9,10,2,1,0,18,19,20,21
5,4,3,7,8,9,10,2,1,0,18,19,20,21
5,4,3,7,8,9,10,2,1,0,18,19,20,21
5,4,3,7,8,9,10,2,1,0,18,19,20,21
5,4,3,7,8,9,10,2,1,0,18,19,20,21
5,4,3,7,8,9,10,2,1,0,18,19,20,21
5,4,3,7,8,9,10,2,1,0,18,19,20,21
5,4,3,7,8,9,10,2,1,0,18,19,20,21
5,4,3,7,8,9,10,2,1,0,18,19,20,21
5,4,3,7,8,9,10,2,1,0,18,19,20,21
5,4,3,7,8,9,10,2,1,0,18,19,20,21
5,4,3,7,8,9,10,2,1,0,18,19,20,21
5,4,3,7,8,9,10,2,1,0,18,19,20,21
5,4,3,7,8,9,10,2,1,0,18,19,20,21
5,4,3,7,8,9,10,2,1,0,18,19,20,21
5,4,3,7,8,9,10,2,1,0,18,19,20,21
5,4,3,7,8,9,10,2,1,0,18,19,20,21
5,4,3,7,8,9,10,2,1,0,18,19,20,21
5,4,3,7,8,9,10,2,1,0,18,19,20,21
5,4,3,7,8,9,10,2,1,0,18,19,20,21
5,4,3,7,8,9,10,2,1,0,18,19,20,21
5,4,3,7,8,9,10,2,1,0,18,19,20,21
5,4,3,7,8,9,10,2,1,0,18,19,20,21
5,4,3,7,8,9,10,2,1,0,18,19,20,21
5,4,3,7,8,9,10,2,1,0,18,19,20,21
5,4,3,7,8,9,10,2,1,0,18,19,20,21
5,4,3,7,8,9,10,2,1,0,18,19,20,21
5,4,3,7,8,9,10,2,1,0,18,19,20,21
5,4,3,7,8,10,12,88,13,15,16,17,18,0,21
5,4,3,7,8,10,12,88,13,15,16,17,18,0,21
5,4,3,7,8,10,12,88,13,15,16,17,18,0,21
5,4,3,7,8,10,12,88,13,15,16,17,18,0,21
5,4,3,7,8,10,12,88,13,15,16,17,18,0,21
5,4,3,7,8,10,12,88,13,15,16,17,18,0,21
5,4,3,7,8,10,12,88,13,15,16,17,18,0,21
5,4,3,7,8,10,12,88,13,15,16,17,18,0,21
5,4,3,7,8,10,12,88,13,15,16,17,18,0,21
5,4,3,7,8,10,12,88,13,15,16,17,18,0,21
5,4,3,7,8,10,12,88,13,15,16,17,18,0,21
5,4,3,7,8,10,12,88,13,15,16,17,18,0,21
5,4,3,7,8,10,12,88,13,15,16,17,18,0,21
5,4,3,7,8,10,12,88,13,15,16,17,18,0,21
5,4,3,7,8,10,12,88,13,15,16,17,18,0,21
5,4,3,7,8,10,12,88,13,15,16,17,18,0,21
5,4,3,7,8,10,12,88,13,15,16,17,18,0,21
5,4,3,7,8,10,12,88,13,15,16,17,18,0,21
5,4,3,7,8,10,12,88,13,15,16,17,18,0,21
5,4,3,7,8,10,12,88,13,15,16,17,18,0,21
5,4,3,7,8,10,12,88,13,15,16,17,18,0,21
5,4,3,7,8,10,12,88,13,15,16,17,18,0,21
5,4,3,7,8,10,12,88,13,15,16,17,18,0,21
5,4,3,7,8,10,12,88,13,15,16,17,18,0,21
5,4,3,7,8,10,12,88,13,15,16,17,18,0,21
5,4,3,7,8,10,12,88,13,15,16,17,18,0,21
5,4,3,7,8,10,12,88,13,15,16,17,18,0,21
5,4,3,7,8,10,12,88,13,15,16,17,18,0,21
5,4,3,7,8,10,12,88,13,15,16,17,18,0,21
5,4,3,7,8,10,12,88,13,15,16,17,18,0,21
5,4,3,7,8,10,12,88,13,15,16,17,18,0,21
5,4,3,7,8,10,12,88,13,15,16,17,18,0,21
5,4,3,7,8,10,12,88,13,15,16,17,18,0,21
5,4,3,7,8,10,12,88,13,15,16,17,18,0,21
5,4,3,7,8,10,12,88,13,15,16,17,18,0,21
5,4,3,7,8,10,12,88,13,15,16,17,18,0,21
5,4,3,7,8,10,12,88,13,15,16,17,18,0,21
5,4,3,7,8,10,12,88,13,15,16,17,18,0,21
5,4,3,7,8,10,12,88,13,15,16,17,18,0,21
5,4,3,7,8,10,12,88,13,15,16,17,18,0,21
5,4,3,7,8,10,12,88,13,15,16,17,18,0,21
5,4,3,7,8,10,12,88,13,15,16,17,18,0,21
5,4,3,7,8,10,12,88,13,15,16,17,18,0,21
5,4,3,7,8,10,12,88,13,15,16,17,18,0,21
5,4,3,7,8,10,12,88,13,15,16,17,18,0,21
5,4,3,7,8,10,12,88,13,15,16,17,18,0,21
5,4,3,7,8,10,12,88,13,15,16,17,18,0,21
5,4,3,7,8,10,12,88,13,15,16,17,18,0,21
5,4,3,7,8,10,12,88,13,15,16,17,18,0,21
5,4,3,7,8,10,12,88,13,15,16,17,18,0,21
5,4,3,7,8,10,12,88,13,15,16,17,18,0,21
5,4,3,7,8,10,12,88,13,15,16,17,18,0,21
5,4,3,7,8,10,12,88,13,15,16,17,18,0,21
5,4,3,7,8,10,12,88,13,15,16,17,18,0,21
5,4,3,7,8,10,12,88,13,15,16,17,18,0,21
5,4,3,7,8,10,12,88,13,15,16,17,18,0,21
5,4,3,7,8,10,12,88,13,15,16,17,18,0,21
5,4,3,7,8,10,12,88,13,15,16,17,18,0,21
5,4,3,7,8,10,12,88,13,15,16,17,18,0,21
5,4,3,7,8,10,12,88,13,15,16,17,18,0,21
5,4,3,7,8,10,12,88,13,15,16,17,18,0,21
5,4,3,7,8,10,12,88,13,15,16,17,18,0,21
5,4,3,7,8,10,12,88,13,15,16,17,18,0,21
5,4,3,7,8,10,12,88,13,15,16,17,18,0,21
5,4,3,7,8,10,12,88,13,15,16,17,18,0,21
5,4,3,7,8,10,12,88,13,15,16,17,18,0,21
5,4,3,7,8,10,12,88,13,15,16,17,18,0,21
5,4,3,7,8,10,12,88,13,15,16,17,18,0,21
5,4,3,7,8,10,12,88,13,15,16,17,18,0,21
5,4,3,7,8,10,12,88,13,15,16,17,18,0,21
5,4,3,7,8,10,12,88,13,15,16,17,18,0,21
5,4,3,7,8,10,12,88,13,15,16,17,18,0,21
5,4,3,7,8,10,12,88,13,15,16,17,18,0,21
5,4,3,7,8,10,12,88,13,15,16,17,18,0,21
5,4,3,7,8,10,12,88,13,15,16,17,18,0,21
5,4,3,7,8,10,12,88,13,15,16,17,18,0,21
5,4,3,7,8,10,12,88,13,15,16,17,18,0,21
5,4,3,7,8,10,12,88,13,15,16,17,18,0,21
5,4,3,7,8,10,12,88,13,15,16,17,18,0,21
5,4,3,7,8,10,12,88,13,15,16,17,18,0,21
5,4,3,7,8,10,12,88,13,15,16,17,18,0,21
5,4,3,7,8,10,12,88,13,15,16,17,18,0,21
5,4,3,7,8,10,12,88,13,15,16,17,18,0,21
5,4,3,7,8,10,12,88,13,15,16,17,18,0,21
5,4,3,7,8,10,12,88,13,15,16,17,18,0,21
5,4,3,7,8,10,12,88,13,15,16,17,18,0,21
5,4,3,7,8,10,12,88,13,15,16,17,18,0,21
5,4,3,7,8,10,12,88,13,15,16,17,18,0,21
5,4,3,7,8,10,12,88,13,15,16,17,18,0,21
5,4,3,7,8,10,12,88,13,15,16,17,18,0,21
5,4,3,7,8,10,12,88,13,15,16,17,18,0,21
5,4,3,7,8,10,12,88,13,15,16,17,18,0,21
5,4,3,7,8,10,12,88,13,15,16,17,18,0,21
5,4,3,7,8,10,12,88,13,15,16,17,18,0,21
5,4,3,7,8,10,12,88,13,15,16,17,18,0,21
5,4,3,7,8,10,12,88,13,15,16,17,18,0,21
5,4,3,7,8,10,12,88,13,15,16,17,18,0,21
5,4,3,7,8,10,12,88,13,15,16,17,18,0,21
5,4,3,7,8,10,12,88,13,15,16,17,18,0,21
5,4,3,7,8,10,12,88,13,15,16,17,18,0,21
5,4,3,7,8,10,12,88,13,15,16,17,18,0,21
5,4,3,7,8,10,12,88,13,15,16,17,18,0,21
5,4,3,7,8,10,12,88,13,15,16,17,18,0,21
5,4,3,7,8,10,12,88,13,15,16,17,18,0,21
5,4,3,7,8,10,12,88,13,15,16,17,18,0,21
5,4,3,7,8,10,12,88,13,15,16,17,18,0,21
5,4,3,7,8,10,12,88,13,15,16,17,18,0,21
5,4,3,7,8,10,12,88,13,15,16,17,18,0,21
5,4,3,7,8,10,12,88,13,15,16,17,18,0,21
5,4,3,7,8,10,12,88,13,15,16,17,18,0,21
5,4,3,7,8,10,12,88,13,15,16,17,18,0,21
5,4,3,7,8,10,12,88,13,15,16,17,18,0,21
5,4,3,7,8,10,12,88,13,15,16,17,18,0,21
5,4,3,7,8,10,12,88,13,15,16,17,18,0,21
5,4,3,7,8,10,12,88,13,15,16,17,18,0,21
5,4,3,7,8,10,12,88,13,15,16,17,18,0,21
5,4,3,7,8,10,12,88,13,15,16,17,18,0,21
5,4,3,7,8,10,12,88,13,15,16,17,18,0,21
5,4,3,7,8,10,12,88,13,15,16,17,18,0,21
5,4,3,7,8,10,12,88,13,15,16,17,18,0,21
5,4,3,7,8,10,12,88,13,15,16,17,18,0,21
5,4,3,7,8,10,12,88,13,15,16,17,18,0,21
5,4,3,7,8,10,12,88,13,15,16,17,18,0,21
5,4,3,7,8,10,12,88,13,15,16,17,18,0,21
5,4,3,7,8,10,12,88,13,15,16,17,18,0,21
5,4,3,7,8,10,12,88,13,15,16,17,18,0,21
5,4,3,7,8,10,12,88,13,15,16,17,18,0,21
5,4,3,7,8,10,12,88,13,15,16,17,18,0,21
5,4,3,7,8,10,12,88,13,15,16,17,18,0,21
5,4,3,7,8,10,12,88,13,15,16,17,18,0,21
5,4,3,7,8,10,12,88,13,15,16,17,18,0,21
5,4,3,7,8,10,12,88,13,15,16,17,18,0,21
5,4,3,7,8,10,12,88,13,15,16,17,18,0,21
5,4,3,7,8,10,12,88,13,15,16,17,18,0,21
5,4,3,7,8,10,12,88,13,15,16,17,18,0,21
5,4,3,7,8,10,12,88,13,15,16,17,18,0,21
5,4,3,7,8,10,12,88,13,15,16,17,18,0,21
5,4,3,7,8,10,12,88,13,15,16,17,18,0,21
5,4,3,7,8,10,12,88,13,15,16,17,18,0,21
5,4,3,7,8,10,12,88,13,15,16,17,18,0,21
5,4,3,7,8,10,12,88,13,15,16,17,18,0,21
5,4,3,7,8,10,12,88,13,15,16,17,18,0,21
5,4,3,7,8,10,12,88,13,15,16,17,18,0,21
5,4,3,7,8,10,12,88,13,15,16,17,18,0,21
5,4,3,7,8,10,12,88,13,15,16,17,18,0,21
5,4,3,7,8,10,12,88,13,15,16,17,18,0,21
5,4,3,7,8,10,12,88,13,15,16,17,18,0,21
5,4,3,7,8,10,12,88,13,15,16,17,18,0,21
5,4,3,7,8,10,12,88,13,15,16,17,18,0,21
5,4,3,7,8,10,12,88,13,15,16,17,18,0,21
5,4,3,7,8,10,12,88,13,15,16,17,18,0,21
5,4,3,7,8,10,12,88,13,15,16,17,18,0,21
5,4,3,7,8,10,12,88,13,15,16,17,18,0,21
5,4,3,7,8,10,12,88,13,15,16,17,18,0,21
5,4,3,7,8,10,12,88,13,15,16,17,18,0,21
5,4,3,7,8,10,12,88,13,15,16,17,18,0,21
5,4,3,7,8,10,12,88,13,15,16,17,18,0,21
5,4,3,7,8,10,12,88,13,15,16,17,18,0,21
5,4,3,7,8,10,12,88,13,15,16,17,18,0,21
5,4,3,7,8,10,12,88,13,15,16,17,18,0,21
5,4,3,7,8,10,12,88,13,15,16,17,18,0,21
5,4,3,7,8,10,12,88,13,15,16,17,18,0,21
5,4,3,7,8,10,12,88,13,15,16,17,18,0,21
5,4,3,7,8,10,12,88,13,15,16,17,18,0,21
5,4,3,7,8,10,12,88,13,15,16,17,18,0,21
5,4,3,7,8,10,12,88,13,15,16,17,18,0,21
5,4,3,7,8,10,12,88,13,15,16,17,18,0,21
5,4,3,7,8,10,12,88,13,15,16,17,18,0,21
5,4,3,7,8,10,12,88,13,15,16,17,18,0,21
5,4,3,7,8,10,12,88,13,15,16,17,18,0,21
5,4,3,7,8,10,12,88,13,15,16,17,18,0,21
5,4,3,7,8,10,12,88,13,15,16,17,18,0,21
5,4,3,7,8,10,12,88,13,15,16,17,18,0,21
5,4,3,7,8,10,12,88,13,15,16,17,18,0,21
5,4,3,7,8,10,12,88,13,15,16,17,18,0,21
5,4,3,7,8,10,12,88,13,15,16,17,18,0,21
5,4,3,7,8,10,12,88,13,15,16,17,18,0,21
5,4,3,7,8,10,12,88,13,15,16,17,18,0,21
5,4,3,7,8,10,12,88,13,15,16,17,18,0,21
5,4,3,7,8,10,12,88,13,15,16,17,18,0,21
5,4,3,7,8,10,12,88,13,15,16,17,18,0,21
5,4,3,7,8,10,12,88,13,15,16,17,18,0,21
5,4,3,7,8,10,12,88,13,15,16,17,18,0,21
5,4,3,7,8,10,12,88,13,15,16,17,18,0,21
5,4,3,7,8,10,12,88,13,15,16,17,18,0,21
5,4,3,7,8,10,12,88,13,15,16,17,18,0,21
5,4,3,7,8,10,12,88,13,15,16,17,18,0,21
5,4,3,7,8,10,12,88,13,15,16,17,18,0,21
5,4,3,7,8,10,12,88,13,15,16,17,18,0,21
5,4,3,7,8,10,12,88,13,15,16,17,18,0,21
5,4,3,7,8,10,12,88,13,15,16,17,18,0,21
5,4,3,7,8,10,12,88,13,15,16,17,18,0,21
5,4,3,7,8,10,12,88,13,15,16,17,18,0,21
5,4,3,7,8,10,12,88,13,15,16,17,18,0,21
5,4,3,7,8,10,12,88,13,15,16,17,18,0,21
5,4,3,7,8,10,12,88,13,15,16,17,18,0,21
5,4,3,7,8,10,12,88,13,15,16,17,18,0,21
5,4,3,7,8,10,12,88,13,15,16,17,18,0,21
5,4,3,7,8,10,12,88,13,15,16,17,18,0,21
5,4,3,7,8,10,12,88,13,15,16,17,18,0,21
5,4,3,7,8,10,12,88,13,15,16,17,18,0,21
5,4,3,7,8,10,12,88,13,15,16,17,18,0,21
5,4,3,7,8,10,12,88,13,15,16,17,18,0,21
5,4,3,7,8,10,12,88,13,15,16,17,18,0,21
5,4,3,7,8,10,12,88,13,15,16,17,18,0,21
5,4,3,7,8,10,12,88,13,15,16,17,18,0,21
5,4,3,7,8,10,12,88,13,15,16,17,18,0,21
5,4,3,7,8,10,12,88,13,15,16,17,18,0,21
5,4,3,7,8,10,12,88,13,15,16,17,18,0,21
5,4,3,7,8,10,12,88,13,15,16,17,18,0,21
5,4,3,7,8,10,12,88,13,15,16,17,18,0,21
5,4,3,7,8,10,12,88,13,15,16,17,18,0,21
5,4,3,7,8,10,12,88,13,15,16,17,18,0,21
5,4,3,7,8,10,12,88,13,15,16,17,18,0,21
5,4,3,7,8,10,12,88,13,15,16,17,18,0,21
5,4,3,7,8,10,12,88,13,15,16,17,18,0,21
5,4,3,7,8,10,12,88,13,15,16,17,18,0,21
5,4,3,7,8,10,12,88,13,15,16,17,18,0,21
5,4,3,7,8,10,12,88,13,15,16,17,18,0,21
5,4,3,7,8,10,12,88,13,15,16,17,18,0,21
5,4,3,7,8,10,12,88,13,15,16,17,18,0,21
5,4,3,7,8,10,12,88,13,15,16,17,18,0,21
5,4,3,7,8,10,12,88,13,15,16,17,18,0,21
5,4,3,7,8,10,12,88,13,15,16,17,18,0,21
5,4,3,7,8,10,12,88,13,15,16,17,18,0,21
5,4,3,7,8,10,12,88,13,15,16,17,18,0,21
5,4,3,7,8,10,12,88,13,15,16,17,18,0,21
5,4,3,7,8,10,12,88,13,15,16,17,18,0,21
5,4,3,7,8,10,12,88,13,15,16,17,18,0,21
5,4,3,7,8,10,12,88,13,15,16,17,18,0,21
5,4,3,7,8,10,12,88,13,15,16,17,18,0,21
5,4,3,7,8,10,12,88,13,15,16,17,18,0,21
5,4,3,7,8,10,12,88,13,15,16,17,18,0,21
5,4,3,7,8,10,12,88,13,15,16,17,18,0,21
5,4,3,7,8,10,12,88,13,15,16,17,18,0,21
5,4,3,7,8,10,12,88,13,15,16,17,18,0,21
5,4,3,7,8,10,12,88,13,15,16,17,18,0,21
5,4,3,7,8,10,12,88,13,15,16,17,18,0,21
5,4,3,7,8,10,12,88,13,15,16,17,18,0,21
5,4,3,7,8,10,12,88,13,15,16,17,18,0,21
5,4,3,7,8,10,12,88,13,15,16,17,18,0,21
5,4,3,7,8,10,12,88,13,15,16,17,18,0,21
5,4,3,7,8,10,12,88,13,15,16,17,18,0,21
5,4,3,7,8,10,12,88,13,15,16,17,18,0,21
5,4,3,7,8,10,12,88,13,15,16,17,18,0,21
5,4,3,7,8,10,12,88,13,15,16,17,18,0,21
5,4,3,7,8,10,12,88,13,15,16,17,18,0,21
5,4,3,7,8,10,12,88,13,15,16,17,18,0,21
5,4,3,7,8,10,12,88,13,15,16,17,18,0,21
5,4,3,7,8,10,12,88,13,15,16,17,18,0,21
5,4,3,7,8,10,12,88,13,15,16,17,18,0,21
5,4,3,7,8,10,12,88,13,15,16,17,18,0,21
5,4,3,7,8,10,12,88,13,15,16,17,18,0,21
5,4,3,7,8,10,12,88,13,15,16,17,18,0,21
5,4,3,7,8,10,12,88,13,15,16,17,18,0,21
5,4,3,7,8,10,12,88,13,15,16,17,18,0,21
5,4,3,7,8,10,12,88,13,15,16,17,18,0,21
5,4,3,7,8,10,12,88,13,15,16,17,18,0,21
5,4,3,7,8,10,12,88,13,15,16,17,18,0,21
5,4,3,7,8,10,12,88,13,15,16,17,18,0,21
5,4,3,7,8,10,12,88,13,15,16,17,18,0,21
5,4,3,7,8,10,12,88,13,15,16,17,18,0,21
5,4,3,7,8,10,12,88,13,15,16,17,18,0,21
5,4,3,7,8,10,12,88,13,15,16,17,18,0,21
5,4,3,7,8,10,12,88,13,15,16,17,18,0,21
5,4,3,7,8,10,12,88,13,15,16,17,18,0,21
5,4,3,7,8,10,12,88,13,15,16,17,18,0,21
5,4,3,7,8,10,12,88,13,15,16,17,18,0,21
5,4,3,7,8,10,12,88,13,15,16,17,18,0,21
5,4,3,7,8,10,12,88,13,15,16,17,18,0,21
5,4,3,7,8,10,12,88,13,15,16,17,18,0,21
5,4,3,7,8,10,12,88,13,15,16,17,18,0,21
5,4,3,7,8,10,12,88,13,15,16,17,18,0,21
5,4,3,7,8,10,12,88,13,15,16,17,18,0,21
5,4,3,7,8,10,12,88,13,15,16,17,18,0,21
5,4,3,7,8,10,12,88,13,15,16,17,18,0,21
5,4,3,7,8,10,12,88,13,15,16,17,18,0,21
5,4,3,7,8,10,12,88,13,15,16,17,18,0,21
5,4,3,7,8,10,12,88,13,15,16,17,18,0,21
5,4,3,7,8,10,12,88,13,15,16,17,18,0,21
5,4,3,7,8,10,12,88,13,15,16,17,18,0,21
5,4,3,7,8,10,12,88,13,15,16,17,18,0,21
5,4,3,7,8,10,12,88,13,15,16,17,18,0,21
5,4,3,7,8,10,12,88,13,15,16,17,18,0,21
5,4,3,7,8,10,12,88,13,15,16,17,18,0,21
5,4,3,7,8,10,12,88,13,15,16,17,18,0,21
5,4,3,7,8,10,12,88,13,15,16,17,18,0,21
5,4,3,7,8,10,12,88,13,15,16,17,18,0,21
5,4,3,7,8,10,12,88,13,15,16,17,18,0,21
5,4,3,7,8,10,12,88,13,15,16,17,18,0,21
5,4,3,7,8,10,12,88,13,15,16,17,18,0,21
5,4,3,7,8,10,12,88,13,15,16,17,18,0,21
5,4,3,7,8,10,12,88,13,15,16,17,18,0,21
5,4,3,7,8,10,12,88,13,15,16,17,18,0,21
5,4,3,7,8,10,12,88,13,15,16,17,18,0,21
5,4,3,7,8,10,12,88,13,15,16,17,18,0,21
5,4,3,7,8,10,12,88,13,15,16,17,18,0,21
5,4,3,7,8,10,12,88,13,15,16,17,18,0,21
5,4,3,7,8,10,12,88,13,15,16,17,18,0,21
5,4,3,7,8,10,12,88,13,15,16,17,18,0,21
5,4,3,7,8,10,12,88,13,15,16,17,18,0,21
5,4,3,7,8,10,12,88,13,15,16,17,18,0,21
5,4,3,7,8,10,12,88,13,15,16,17,18,0,21
5,4,3,7,8,10,12,88,13,15,16,17,18,0,21
5,4,3,7,8,10,12,88,13,15,16,17,18,0,21
5,4,3,7,8,10,12,88,13,15,16,17,18,0,21
5,4,3,7,8,10,12,88,13,15,16,17,18,0,21
5,4,3,7,8,10,12,88,13,15,16,17,18,0,21
5,4,3,7,8,10,12,88,13,15,16,17,18,0,21
5,4,3,7,8,10,12,88,13,15,16,17,18,0,21
5,4,3,7,8,10,12,88,13,15,16,17,18,0,21
5,4,3,7,8,10,12,88,13,15,16,17,18,0,21
5,4,3,7,8,10,12,88,13,15,16,17,18,0,21
5,4,3,7,8,10,12,88,13,15,16,17,18,0,21
5,4,3,7,8,10,12,88,13,15,16,17,18,0,21
5,4,3,7,8,10,12,88,13,15,16,17,18,0,21
5,4,3,7,8,10,12,88,13,15,16,17,18,0,21
5,4,3,7,8,10,12,88,13,15,16,17,18,0,21
5,4,3,7,8,10,12,88,13,15,16,17,18,0,21
5,4,3,7,8,10,12,88,13,15,16,17,18,0,21
5,4,3,7,8,10,12,88,13,15,16,17,18,0,21
5,4,3,7,8,10,12,88,13,15,16,17,18,0,21
5,4,3,7,8,10,12,88,13,15,16,17,18,0,21
5,4,3,7,8,10,12,88,13,15,16,17,18,0,21
5,4,3,7,8,10,12,88,13,15,16,17,18,0,21
5,4,3,7,8,10,12,88,13,15,16,17,18,0,21
5,4,3,7,8,10,12,88,13,15,16,17,18,0,21
5,4,3,7,8,10,12,88,13,15,16,17,18,0,21
5,4,3,7,8,10,12,88,13,15,16,17,18,0,21
5,4,3,7,8,10,12,88,13,15,16,17,18,0,21
5,4,3,7,8,10,12,88,13,15,16,17,18,0,21
5,4,3,7,8,10,12,88,13,15,16,17,18,0,21
5,4,3,7,8,10,12,88,13,15,16,17,18,0,21
5,4,3,7,8,10,12,88,13,15,16,17,18,0,21
5,4,3,7,8,10,12,88,13,15,16,17,18,0,21
5,4,3,7,8,10,12,88,13,15,16,17,18,0,21
5,4,3,7,8,10,12,88,13,15,16,17,18,0,21
5,4,3,7,8,10,12,88,13,15,16,17,18,0,21
5,4,3,7,8,10,12,88,13,15,16,17,18,0,21
5,4,3,7,8,10,12,88,13,15,16,17,18,0,21
5,4,3,7,8,10,12,88,13,15,16,17,18,0,21
5,4,3,7,8,10,12,88,13,15,16,17,18,0,21
5,4,3,7,8,10,12,88,13,15,16,17,18,0,21
5,4,3,7,8,10,12,88,13,15,16,17,18,0,21
5,4,3,7,8,10,12,88,13,15,16,17,18,0,21
5,4,3,7,8,10,12,88,13,15,16,17,18,0,21
5,4,3,7,8,10,12,88,13,15,16,17,18,0,21
5,4,3,7,8,10,12,88,13,15,16,17,18,0,21
5,4,3,7,8,10,12,88,13,15,16,17,18,0,21
5,4,3,7,8,10,12,88,13,15,16,17,18,0,21
5,4,3,7,8,10,12,88,13,15,16,17,18,0,21
5,4,3,7,8,10,12,88,13,15,16,17,18,0,21
5,4,3,7,8,10,12,88,13,15,16,17,18,0,21
5,4,3,7,8,10,12,88,13,15,16,17,18,0,21
5,4,3,7,8,10,12,88,13,15,16,17,18,0,21
5,4,3,7,8,10,12,88,13,15,16,17,18,0,21
5,4,3,7,8,10,12,88,13,15,16,17,18,0,21
5,4,3,7,8,10,12,88,13,15,16,17,18,0,21
5,4,3,7,8,10,12,88,13,15,16,17,18,0,21
5,4,3,7,8,10,12,88,13,15,16,17,18,0,21
5,4,3,7,8,10,12,88,13,15,16,17,18,0,21
5,4,3,7,8,10,12,88,13,15,16,17,18,0,21
5,4,3,7,8,10,12,88,13,15,16,17,18,0,21
5,4,3,7,8,10,12,88,13,15,16,17,18,0,21
5,4,3,7,8,10,12,88,13,15,16,17,18,0,21
5,4,3,7,8,10,12,88,13,15,16,17,18,0,21
5,4,3,7,8,10,12,88,13,15,16,17,18,0,21
5,4,3,7,8,10,12,88,13,15,16,17,18,0,21
5,4,3,7,8,10,12,88,13,15,16,17,18,0,21
5,4,3,7,8,10,12,88,13,15,16,17,18,0,21
5,4,3,7,8,10,12,88,13,15,16,17,18,0,21
5,4,3,7,8,10,12,88,13,15,16,17,18,0,21
5,4,3,7,8,10,12,88,13,15,16,17,18,0,21
5,4,3,7,8,10,12,88,13,15,16,17,18,0,21
5,4,3,7,8,10,12,88,13,15,16,17,18,0,21
5,4,3,7,8,10,12,88,13,15,16,17,18,0,21
5,4,3,7,8,10,12,88,13,15,16,17,18,0,21
5,4,3,7,8,10,12,88,13,15,16,17,18,0,21
5,4,3,7,8,10,12,88,13,15,16,17,18,0,21
5,4,3,7,8,10,12,88,13,15,16,17,18,0,21
5,4,3,7,8,10,12,88,13,15,16,17,18,0,21
5,4,3,7,8,10,12,88,13,15,16,17,18,0,21
5,4,3,7,8,10,12,88,13,15,16,17,18,0,21
5,4,3,7,8,10,12,88,13,15,16,17,18,0,21
5,4,3,7,8,10,12,88,13,15,16,17,18,0,21
5,4,3,7,8,10,12,88,13,15,16,17,18,0,21
5,4,3,7,8,10,12,88,13,15,16,17,18,0,21
5,4,3,7,8,10,12,88,13,15,16,17,18,0,21
5,4,3,7,8,10,12,88,13,15,16,17,18,0,21
5,4,3,7,8,10,12,88,13,15,16,17,18,0,21
5,4,3,7,8,10,12,88,13,15,16,17,18,0,21
5,4,3,7,8,10,12,88,13,15,16,17,18,0,21
5,4,3,7,8,10,12,88,13,15,16,17,18,0,21
5,4,3,7,8,10,12,88,13,15,16,17,18,0,21
5,4,3,7,8,10,12,88,13,15,16,17,18,0,21
5,4,3,7,8,10,12,88,13,15,16,17,18,0,21
5,4,3,7,8,10,12,88,13,15,16,17,18,0,21
5,4,3,7,8,10,12,88,13,15,16,17,18,0,21
5,4,3,7,8,10,12,88,13,15,16,17,18,0,21
5,4,3,7,8,10,12,88,13,15,16,17,18,0,21
5,4,3,7,8,10,12,88,13,15,16,17,18,0,21
5,4,3,7,8,10,12,88,13,15,16,17,18,0,21
5,4,3,7,8,10,12,88,13,15,16,17,18,0,21
5,4,3,7,8,10,12,88,13,15,16,17,18,0,21
5,4,3,7,8,10,12,88,13,15,16,17,18,0,21
5,4,3,7,8,10,12,88,13,15,16,17,18,0,21
5,4,3,7,8,10,12,88,13,15,16,17,18,0,21
5,4,3,7,8,10,12,88,13,15,16,17,18,0,21
5,4,3,7,8,10,12,88,13,15,16,17,18,0,21
5,4,3,7,8,10,12,88,13,15,16,17,18,0,21
5,4,3,7,8,10,12,88,13,15,16,17,18,0,21
5,4,3,7,8,10,12,88,13,15,16,17,18,0,21
5,4,3,7,8,10,12,88,13,15,16,17,18,0,21
5,4,3,7,8,10,12,88,13,15,16,17,18,0,21
5,4,3,7,8,10,12,88,13,15,16,17,18,0,21
5,4,3,7,8,10,12,88,13,15,16,17,18,0,21
5,4,3,7,8,10,12,88,13,15,16,17,18,0,21
5,4,3,7,8,10,12,88,13,15,16,17,18,0,21
5,4,3,7,8,10,12,88,13,15,16,17,18,0,21
5,4,3,7,8,10,12,88,13,15,16,17,18,0,21
5,4,3,7,8,10,12,88,13,15,16,17,18,0,21
5,4,3,7,8,10,12,88,13,15,16,17,18,0,21
5,4,3,7,8,10,12,88,13,15,16,17,18,0,21
5,4,3,7,8,10,12,88,13,15,16,17,18,0,21
5,4,3,7,8,10,12,88,13,15,16,17,18,0,21
5,4,3,7,8,10,12,88,13,15,16,17,18,0,21
5,4,3,7,8,10,12,88,13,15,16,17,18,0,21
5,4,3,7,8,10,12,88,13,15,16,17,18,0,21
5,4,3,7,8,10,12,88,13,15,16,17,18,0,21
5,4,3,7,8,10,12,88,13,15,16,17,18,0,21
5,4,3,7,8,10,12,88,13,15,16,17,18,0,21
5,4,3,7,8,10,12,88,13,15,16,17,18,0,21
5,4,3,7,8,10,12,88,13,15,16,17,18,0,21
5,4,3,7,8,10,12,88,13,15,16,17,18,0,21
5,4,3,7,8,10,12,88,13,15,16,17,18,0,21
5,4,3,7,8,10,12,88,13,15,16,17,18,0,21
5,4,3,7,8,10,12,88,13,15,16,17,18,0,21
5,4,3,7,8,10,12,88,13,15,16,17,18,0,21
5,4,3,7,8,10,12,88,13,15,16,17,18,0,21
5,4,3,7,8,10,12,88,13,15,16,17,18,0,21
5,4,3,7,8,10,12,88,13,15,16,17,18,0,21
5,4,3,7,8,10,12,88,13,15,16,17,18,0,21
5,4,3,7,8,10,12,88,13,15,16,17,18,0,21
5,4,3,7,8,10,12,88,13,15,16,17,18,0,21
5,4,3,7,8,10,12,88,13,15,16,17,18,0,21
5,4,3,7,8,10,12,88,13,15,16,17,18,0,21
5,4,3,7,8,10,12,88,13,15,16,17,18,0,21
5,4,3,7,8,10,12,88,13,15,16,17,18,0,21
5,4,3,7,8,10,12,88,13,15,16,17,18,0,21
5,4,3,7,8,10,12,88,13,15,16,17,18,0,21
5,4,3,7,8,10,12,88,13,15,16,17,18,0,21
5,4,3,7,8,10,12,88,13,15,16,17,18,0,21
5,4,3,7,8,10,12,88,13,15,16,17,18,0,21
5,4,3,7,8,10,12,88,13,15,16,17,18,0,21
5,4,3,7,8,10,12,88,13,15,16,17,18,0,21
5,4,3,7,8,10,12,88,13,15,16,17,18,0,21
5,4,3,7,8,10,12,88,13,15,16,17,18,0,21
5,4,3,7,8,10,12,88,13,15,16,17,18,0,21
5,4,3,7,8,10,12,88,13,15,16,17,18,0,21
5,4,3,7,8,10,12,88,13,15,16,17,18,0,21
5,4,3,7,8,10,12,88,13,15,16,17,18,0,21
5,4,3,7,8,10,12,88,13,15,16,17,18,0,21
5,4,3,7,8,10,12,88,13,15,16,17,18,0,21
5,4,3,7,8,10,12,88,13,15,16,17,18,0,21
5,4,3,7,8,10,12,88,13,15,16,17,18,0,21
5,4,3,7,8,10,12,88,13,15,16,17,18,0,21
5,4,3,7,8,10,12,88,13,15,16,17,18,0,21
5,4,3,7,8,10,12,88,13,15,16,17,18,0,21
5,4,3,7,8,10,12,88,13,15,16,17,18,0,21
5,4,3,7,8,10,12,88,13,15,16,17,18,0,21
5,4,3,7,8,10,12,88,13,15,16,17,18,0,21
5,4,3,7,8,10,12,88,13,15,16,17,18,0,21
5,4,3,7,8,10,12,88,13,15,16,17,18,0,21
5,4,3,7,8,10,12,88,13,15,16,17,18,0,21
5,4,3,7,8,10,12,88,13,15,16,17,18,0,21
5,4,3,7,8,10,12,88,13,15,16,17,18,0,21
5,4,3,7,8,10,12,88,13,15,16,17,18,0,21
5,4,3,7,8,10,12,88,13,15,16,17,18,0,21
5,4,3,7,8,10,12,88,13,15,16,17,18,0,21
5,4,3,7,8,10,12,88,13,15,16,17,18,0,21
5,4,3,7,8,10,12,88,13,15,16,17,18,0,21
5,4,3,7,8,10,12,88,13,15,16,17,18,0,21
5,4,3,7,8,10,12,88,13,15,16,17,18,0,21
5,4,3,7,8,10,12,88,13,15,16,17,18,0,21
5,4,3,7,8,10,12,88,13,15,16,17,18,0,21
5,4,3,7,8,10,12,88,13,15,16,17,18,0,21
5,4,3,7,8,10,12,88,13,15,16,17,18,0,21
5,4,3,7,8,10,12,88,13,15,16,17,18,0,21
5,4,3,7,8,10,12,88,13,15,16,17,18,0,21
5,4,3,7,8,10,12,88,13,15,16,17,18,0,21
5,4,3,7,8,10,12,88,13,15,16,17,18,0,21
5,4,3,7,8,10,12,88,13,15,16,17,18,0,21
5,4,3,7,8,10,12,88,13,15,16,17,18,0,21
5,4,3,7,8,10,12,88,13,15,16,17,18,0,21
5,4,3,7,8,10,12,88,13,15,16,17,18,0,21
5,4,3,7,8,10,12,88,13,15,16,17,18,0,21
5,4,3,7,8,10,12,88,13,15,16,17,18,0,21
5,4,3,7,8,10,12,88,13,15,16,17,18,0,21
5,4,3,7,8,10,12,88,13,15,16,17,18,0,21
5,4,3,7,8,10,12,88,13,15,16,17,18,0,21
5,4,3,7,8,10,12,88,13,15,16,17,18,0,21
5,4,3,7,8,10,12,88,13,15,16,17,18,0,21
5,4,3,7,8,10,12,88,13,15,16,17,18,0,21
5,4,3,7,8,10,12,88,13,15,16,17,18,0,21
5,4,3,7,8,10,12,88,13,15,16,17,18,0,21
5,4,3,7,8,10,12,88,13,15,16,17,18,0,21
5,4,3,7,8,10,12,88,13,15,16,17,18,0,21
5,4,3,7,8,10,12,88,13,15,16,17,18,0,21
5,4,3,7,8,10,12,88,13,15,16,17,18,0,21
5,4,3,7,8,10,12,88,13,15,16,17,18,0,21
5,4,3,7,8,10,12,88,13,15,16,17,18,0,21
5,4,3,7,8,10,12,88,13,15,16,17,18,0,21
5,4,3,2,10,12,88,13,15,16,17,18,19,20,21
5,4,3,2,10,12,88,13,15,16,17,18,19,20,21
5,4,3,2,10,12,88,13,15,16,17,18,19,20,21
5,4,3,2,10,12,88,13,15,16,17,18,19,20,21
5,4,3,2,10,12,88,13,15,16,17,18,19,20,21
5,4,3,2,10,12,88,13,15,16,17,18,19,20,21
5,4,3,2,10,12,88,13,15,16,17,18,19,20,21
5,4,3,2,10,12,88,13,15,16,17,18,19,20,21
5,4,3,2,10,12,88,13,15,16,17,18,19,20,21
5,4,3,2,10,12,88,13,15,16,17,18,19,20,21
5,4,3,2,10,12,88,13,15,16,17,18,19,20,21
5,4,3,2,10,12,88,13,15,16,17,18,19,20,21
5,4,3,2,10,12,88,13,15,16,17,18,19,20,21
5,4,3,2,10,12,88,13,15,16,17,18,19,20,21
5,4,3,2,10,12,88,13,15,16,17,18,19,20,21
5,4,3,2,10,12,88,13,15,16,17,18,19,20,21
5,4,3,2,10,12,88,13,15,16,17,18,19,20,21
5,4,3,2,10,12,88,13,15,16,17,18,19,20,21
5,4,3,2,10,12,88,13,15,16,17,18,19,20,21
5,4,3,2,10,12,88,13,15,16,17,18,19,20,21
5,4,3,2,10,12,88,13,15,16,17,18,19,20,21
5,4,3,2,10,12,88,13,15,16,17,18,19,20,21
5,4,3,2,10,12,88,13,15,16,17,18,19,20,21
5,4,3,2,10,12,88,13,15,16,17,18,19,20,21
5,4,3,2,10,12,88,13,15,16,17,18,19,20,21
5,4,3,2,10,12,88,13,15,16,17,18,19,20,21
5,4,3,2,10,12,88,13,15,16,17,18,19,20,21
5,4,3,2,10,12,88,13,15,16,17,18,19,20,21
5,4,3,2,10,12,88,13,15,16,17,18,19,20,21
5,4,3,2,10,12,88,13,15,16,17,18,19,20,21
5,4,3,2,10,12,88,13,15,16,17,18,19,20,21
5,4,3,2,10,12,88,13,15,16,17,18,19,20,21
5,4,3,2,10,12,88,13,15,16,17,18,19,20,21
5,4,3,2,10,12,88,13,15,16,17,18,19,20,21
5,4,3,2,10,12,88,13,15,16,17,18,19,20,21
5,4,3,2,10,12,88,13,15,16,17,18,19,20,21
5,4,3,2,10,12,88,13,15,16,17,18,19,20,21
5,4,3,2,10,12,88,13,15,16,17,18,19,20,21
5,4,3,2,10,12,88,13,15,16,17,18,19,20,21
5,4,3,2,10,12,88,13,15,16,17,18,19,20,21
5,4,3,2,10,12,88,13,15,16,17,18,19,20,21
5,4,3,2,10,12,88,13,15,16,17,18,19,20,21
5,4,3,2,10,12,88,13,15,16,17,18,19,20,21
5,4,3,2,10,12,88,13,15,16,17,18,19,20,21
5,4,3,2,10,12,88,13,15,16,17,18,19,20,21
5,4,3,2,10,12,88,13,15,16,17,18,19,20,21
5,4,3,2,10,12,88,13,15,16,17,18,19,20,21
5,4,3,2,10,12,88,13,15,16,17,18,19,20,21
5,4,3,2,10,12,88,13,15,16,17,18,19,20,21
5,4,3,2,10,12,88,13,15,16,17,18,19,20,21
5,4,3,2,10,12,88,13,15,16,17,18,19,20,21
5,4,3,2,10,12,88,13,15,16,17,18,19,20,21
5,4,3,2,10,12,88,13,15,16,17,18,19,20,21
5,4,3,2,10,12,88,13,15,16,17,18,19,20,21
5,4,3,2,10,12,88,13,15,16,17,18,19,20,21
5,4,3,2,10,12,88,13,15,16,17,18,19,20,21
5,4,3,2,10,12,88,13,15,16,17,18,19,20,21
5,4,3,2,10,12,88,13,15,16,17,18,19,20,21
5,4,3,2,10,12,88,13,15,16,17,18,19,20,21
5,4,3,2,10,12,88,13,15,16,17,18,19,20,21
5,4,3,2,10,12,88,13,15,16,17,18,19,20,21
5,4,3,2,10,12,88,13,15,16,17,18,19,20,21
5,4,3,2,10,12,88,13,15,16,17,18,19,20,21
5,4,3,2,10,12,88,13,15,16,17,18,19,20,21
5,4,3,2,10,12,88,13,15,16,17,18,19,20,21
5,4,3,2,10,12,88,13,15,16,17,18,19,20,21
5,4,3,2,10,12,88,13,15,16,17,18,19,20,21
5,4,3,2,10,12,88,13,15,16,17,18,19,20,21
5,4,3,2,10,12,88,13,15,16,17,18,19,20,21
5,4,3,2,10,12,88,13,15,16,17,18,19,20,21
5,4,3,2,10,12,88,13,15,16,17,18,19,20,21
5,4,3,2,10,12,88,13,15,16,17,18,19,20,21
5,4,3,2,10,12,88,13,15,16,17,18,19,20,21
5,4,3,2,10,12,88,13,15,16,17,18,19,20,21
5,4,3,2,10,12,88,13,15,16,17,18,19,20,21
5,4,3,2,10,12,88,13,15,16,17,18,19,20,21
5,4,3,2,10,12,88,13,15,16,17,18,19,20,21
5,4,3,2,10,12,88,13,15,16,17,18,19,20,21
5,4,3,2,10,12,88,13,15,16,17,18,19,20,21
5,4,3,2,10,12,88,13,15,16,17,18,19,20,21
5,4,3,2,10,12,88,13,15,16,17,18,19,20,21
5,4,3,2,10,12,88,13,15,16,17,18,19,20,21
5,4,3,2,10,12,88,13,15,16,17,18,19,20,21
5,4,3,2,10,12,88,13,15,16,17,18,19,20,21
5,4,3,2,10,12,88,13,15,16,17,18,19,20,21
5,4,3,2,10,12,88,13,15,16,17,18,19,20,21
5,4,3,2,10,12,88,13,15,16,17,18,19,20,21
5,4,3,2,10,12,88,13,15,16,17,18,19,20,21
5,4,3,2,10,12,88,13,15,16,17,18,19,20,21
5,4,3,2,10,12,88,13,15,16,17,18,19,20,21
5,4,3,2,10,12,88,13,15,16,17,18,19,20,21
5,4,3,2,10,12,88,13,15,16,17,18,19,20,21
5,4,3,2,10,12,88,13,15,16,17,18,19,20,21
5,4,3,2,10,12,88,13,15,16,17,18,19,20,21
5,4,3,2,10,12,88,13,15,16,17,18,19,20,21
5,4,3,2,10,12,88,13,15,16,17,18,19,20,21
5,4,3,2,10,12,88,13,15,16,17,18,19,20,21
5,4,3,2,10,12,88,13,15,16,17,18,19,20,21
5,4,3,2,10,12,88,13,15,16,17,18,19,20,21
5,4,3,2,10,12,88,13,15,16,17,18,19,20,21
5,4,3,2,10,12,88,13,15,16,17,18,19,20,21
5,4,3,2,10,12,88,13,15,16,17,18,19,20,21
5,4,3,2,10,12,88,13,15,16,17,18,19,20,21
5,4,3,2,10,12,88,13,15,16,17,18,19,20,21
5,4,3,2,10,12,88,13,15,16,17,18,19,20,21
5,4,3,2,10,12,88,13,15,16,17,18,19,20,21
5,4,3,2,10,12,88,13,15,16,17,18,19,20,21
5,4,3,2,10,12,88,13,15,16,17,18,19,20,21
5,4,3,2,10,12,88,13,15,16,17,18,19,20,21
5,4,3,2,10,12,88,13,15,16,17,18,19,20,21
5,4,3,2,10,12,88,13,15,16,17,18,19,20,21
5,4,3,2,10,12,88,13,15,16,17,18,19,20,21
5,4,3,2,10,12,88,13,15,16,17,18,19,20,21
5,4,3,2,10,12,88,13,15,16,17,18,19,20,21
5,4,3,2,10,12,88,13,15,16,17,18,19,20,21
5,4,3,2,10,12,88,13,15,16,17,18,19,20,21
5,4,3,2,10,12,88,13,15,16,17,18,19,20,21
5,4,3,2,10,12,88,13,15,16,17,18,19,20,21
5,4,3,2,10,12,88,13,15,16,17,18,19,20,21
5,4,3,2,10,12,88,13,15,16,17,18,19,20,21
5,4,3,2,10,12,88,13,15,16,17,18,19,20,21
5,4,3,2,10,12,88,13,15,16,17,18,19,20,21
5,4,3,2,10,12,88,13,15,16,17,18,19,20,21
5,4,3,2,10,12,88,13,15,16,17,18,19,20,21
5,4,3,2,10,12,88,13,15,16,17,18,19,20,21
5,4,3,2,10,12,88,13,15,16,17,18,19,20,21
5,4,3,2,10,12,88,13,15,16,17,18,19,20,21
5,4,3,2,10,12,88,13,15,16,17,18,19,20,21
5,4,3,2,10,12,88,13,15,16,17,18,19,20,21
5,4,3,2,10,12,88,13,15,16,17,18,19,20,21
5,4,3,2,10,12,88,13,15,16,17,18,19,20,21
5,4,3,2,10,12,88,13,15,16,17,18,19,20,21
5,4,3,2,10,12,88,13,15,16,17,18,19,20,21
5,4,3,2,10,12,88,13,15,16,17,18,19,20,21
5,4,3,2,10,12,88,13,15,16,17,18,19,20,21
5,4,3,2,10,12,88,13,15,16,17,18,19,20,21
5,4,3,2,10,12,88,13,15,16,17,18,19,20,21
5,4,3,2,10,12,88,13,15,16,17,18,19,20,21
5,4,3,2,10,12,88,13,15,16,17,18,19,20,21
5,4,3,2,10,12,88,13,15,16,17,18,19,20,21
5,4,3,2,10,12,88,13,15,16,17,18,19,20,21
5,4,3,2,10,12,88,13,15,16,17,18,19,20,21
5,4,3,2,10,12,88,13,15,16,17,18,19,20,21
5,4,3,2,10,12,88,13,15,16,17,18,19,20,21
5,4,3,2,10,12,88,13,15,16,17,18,19,20,21
5,4,3,2,10,12,88,13,15,16,17,18,19,20,21
5,4,3,2,10,12,88,13,15,16,17,18,19,20,21
5,4,3,2,10,12,88,13,15,16,17,18,19,20,21
5,4,3,2,10,12,88,13,15,16,17,18,19,20,21
5,4,3,2,10,12,88,13,15,16,17,18,19,20,21
5,4,3,2,10,12,88,13,15,16,17,18,19,20,21
5,4,3,2,10,12,88,13,15,16,17,18,19,20,21
5,4,3,2,10,12,88,13,15,16,17,18,19,20,21
5,4,3,2,10,12,88,13,15,16,17,18,19,20,21
5,4,3,2,10,12,88,13,15,16,17,18,19,20,21
5,4,3,2,10,12,88,13,15,16,17,18,19,20,21
5,4,3,2,10,12,88,13,15,16,17,18,19,20,21
5,4,3,2,10,12,88,13,15,16,17,18,19,20,21
5,4,3,2,10,12,88,13,15,16,17,18,19,20,21
5,4,3,2,10,12,88,13,15,16,17,18,19,20,21
5,4,3,2,10,12,88,13,15,16,17,18,19,20,21
5,4,3,2,10,12,88,13,15,16,17,18,19,20,21
5,4,3,2,10,12,88,13,15,16,17,18,19,20,21
5,4,3,2,10,12,88,13,15,16,17,18,19,20,21
5,4,3,2,10,12,88,13,15,16,17,18,19,20,21
5,4,3,2,10,12,88,13,15,16,17,18,19,20,21
5,4,3,2,10,12,88,13,15,16,17,18,19,20,21
5,4,3,2,10,12,88,13,15,16,17,18,19,20,21
5,4,3,2,10,12,88,13,15,16,17,18,19,20,21
5,4,3,2,10,12,88,13,15,16,17,18,19,20,21
5,4,3,2,10,12,88,13,15,16,17,18,19,20,21
5,4,3,2,10,12,88,13,15,16,17,18,19,20,21
5,4,3,2,10,12,88,13,15,16,17,18,19,20,21
5,4,3,2,10,12,88,13,15,16,17,18,19,20,21
5,4,3,2,10,12,88,13,15,16,17,18,19,20,21
5,4,3,2,10,12,88,13,15,16,17,18,19,20,21
5,4,3,2,10,12,88,13,15,16,17,18,19,20,21
5,4,3,2,10,12,88,13,15,16,17,18,19,20,21
5,4,3,2,10,12,88,13,15,16,17,18,19,20,21
5,4,3,2,10,12,88,13,15,16,17,18,19,20,21
5,4,3,2,10,12,88,13,15,16,17,18,19,20,21
5,4,3,2,10,12,88,13,15,16,17,18,19,20,21
5,4,3,2,10,12,88,13,15,16,17,18,19,20,21
5,4,3,2,10,12,88,13,15,16,17,18,19,20,21
5,4,3,2,10,12,88,13,15,16,17,18,19,20,21
5,4,3,2,10,12,88,13,15,16,17,18,19,20,21
5,4,3,2,10,12,88,13,15,16,17,18,19,20,21
5,4,3,2,10,12,88,13,15,16,17,18,19,20,21
5,4,3,2,10,12,88,13,15,16,17,18,19,20,21
5,4,3,2,10,12,88,13,15,16,17,18,19,20,21
5,4,3,2,10,12,88,13,15,16,17,18,19,20,21
5,4,3,2,10,12,88,13,15,16,17,18,19,20,21
5,4,3,2,10,12,88,13,15,16,17,18,19,20,21
5,4,3,2,10,12,88,13,15,16,17,18,19,20,21
5,4,3,2,10,12,88,13,15,16,17,18,19,20,21
5,4,3,2,10,12,88,13,15,16,17,18,19,20,21
5,4,3,2,10,12,88,13,15,16,17,18,19,20,21
5,4,3,2,10,12,88,13,15,16,17,18,19,20,21
5,4,3,2,10,12,88,13,15,16,17,18,19,20,21
5,4,3,2,10,12,88,13,15,16,17,18,19,20,21
5,4,3,2,10,12,88,13,15,16,17,18,19,20,21
5,4,3,2,10,12,88,13,15,16,17,18,19,20,21
5,4,3,2,10,12,88,13,15,16,17,18,19,20,21
5,4,3,2,10,12,88,13,15,16,17,18,19,20,21
5,4,3,2,10,12,88,13,15,16,17,18,19,20,21
5,4,3,2,10,12,88,13,15,16,17,18,19,20,21
5,4,3,2,10,12,88,13,15,16,17,18,19,20,21
5,4,3,2,10,12,88,13,15,16,17,18,19,20,21
5,4,3,2,10,12,88,13,15,16,17,18,19,20,21
5,4,3,2,10,12,88,13,15,16,17,18,19,20,21
5,4,3,2,10,12,88,13,15,16,17,18,19,20,21
5,4,3,2,10,12,88,13,15,16,17,18,19,20,21
5,4,3,2,10,12,88,13,15,16,17,18,19,20,21
5,4,3,2,10,12,88,13,15,16,17,18,19,20,21
5,4,3,2,10,12,88,13,15,16,17,18,19,20,21
5,4,3,2,10,12,88,13,15,16,17,18,19,20,21
5,4,3,2,10,12,88,13,15,16,17,18,19,20,21
5,4,3,2,10,12,88,13,15,16,17,18,19,20,21
5,4,3,2,10,12,88,13,15,16,17,18,19,20,21
5,4,3,2,10,12,88,13,15,16,17,18,19,20,21
5,4,3,2,10,12,88,13,15,16,17,18,19,20,21
5,4,3,2,10,12,88,13,15,16,17,18,19,20,21
5,4,3,2,10,12,88,13,15,16,17,18,19,20,21
5,4,3,2,10,12,88,13,15,16,17,18,19,20,21
5,4,3,2,10,12,88,13,15,16,17,18,19,20,21
5,4,3,2,10,12,88,13,15,16,17,18,19,20,21
5,4,3,2,10,12,88,13,15,16,17,18,19,20,21
5,4,3,2,10,12,88,13,15,16,17,18,19,20,21
5,4,3,2,10,12,88,13,15,16,17,18,19,20,21
5,4,3,2,10,12,88,13,15,16,17,18,19,20,21
5,4,3,2,10,12,88,13,15,16,17,18,19,20,21
5,4,3,2,10,12,88,13,15,16,17,18,19,20,21
5,4,3,2,10,12,88,13,15,16,17,18,19,20,21
5,4,3,2,10,12,88,13,15,16,17,18,19,20,21
5,4,3,2,10,12,88,13,15,16,17,18,19,20,21
5,4,3,2,10,12,88,13,15,16,17,18,19,20,21
5,4,3,2,10,12,88,13,15,16,17,18,19,20,21
5,4,3,2,10,12,88,13,15,16,17,18,19,20,21
5,4,3,2,10,12,88,13,15,16,17,18,19,20,21
5,4,3,2,10,12,88,13,15,16,17,18,19,20,21
5,4,3,2,10,12,88,13,15,16,17,18,19,20,21
5,4,3,2,10,12,88,13,15,16,17,18,19,20,21
5,4,3,2,10,12,88,13,15,16,17,18,19,20,21
5,4,3,2,10,12,88,13,15,16,17,18,19,20,21
5,4,3,2,10,12,88,13,15,16,17,18,19,20,21
5,4,3,2,10,12,88,13,15,16,17,18,19,20,21
5,4,3,2,10,12,88,13,15,16,17,18,19,20,21
5,4,3,2,10,12,88,13,15,16,17,18,19,20,21
5,4,3,2,10,12,88,13,15,16,17,18,19,20,21
5,4,3,2,10,12,88,13,15,16,17,18,19,20,21
5,4,3,2,10,12,88,13,15,16,17,18,19,20,21
5,4,3,2,10,12,88,13,15,16,17,18,19,20,21
5,4,3,2,10,12,88,13,15,16,17,18,19,20,21
5,4,3,2,10,12,88,13,15,16,17,18,19,20,21
5,4,3,2,10,12,88,13,15,16,17,18,19,20,21
5,4,3,2,10,12,88,13,15,16,17,18,19,20,21
5,4,3,2,10,12,88,13,15,16,17,18,19,20,21
5,4,3,2,10,12,88,13,15,16,17,18,19,20,21
5,4,3,2,10,12,88,13,15,16,17,18,19,20,21
5,4,3,2,10,12,88,13,15,16,17,18,19,20,21
5,4,3,2,10,12,88,13,15,16,17,18,19,20,21
5,4,3,2,10,12,88,13,15,16,17,18,19,20,21
5,4,3,2,10,12,88,13,15,16,17,18,19,20,21
5,4,3,2,10,12,88,13,15,16,17,18,19,20,21
5,4,3,2,10,12,88,13,15,16,17,18,19,20,21
5,4,3,2,10,12,88,13,15,16,17,18,19,20,21
5,4,3,2,10,12,88,13,15,16,17,18,19,20,21
5,4,3,2,10,12,88,13,15,16,17,18,19,20,21
5,4,3,2,10,12,88,13,15,16,17,18,19,20,21
5,4,3,2,10,12,88,13,15,16,17,18,19,20,21
5,4,3,2,10,12,88,13,15,16,17,18,19,20,21
5,4,3,2,10,12,88,13,15,16,17,18,19,20,21
5,4,3,2,10,12,88,13,15,16,17,18,19,20,21
5,4,3,2,10,12,88,13,15,16,17,18,19,20,21
5,4,3,2,10,12,88,13,15,16,17,18,19,20,21
5,4,3,2,10,12,88,13,15,16,17,18,19,20,21
5,4,3,2,10,12,88,13,15,16,17,18,19,20,21
5,4,3,2,10,12,88,13,15,16,17,18,19,20,21
5,4,3,2,10,12,88,13,15,16,17,18,19,20,21
5,4,3,2,10,12,88,13,15,16,17,18,19,20,21
5,4,3,2,10,12,88,13,15,16,17,18,19,20,21
5,4,3,2,10,12,88,13,15,16,17,18,19,20,21
5,4,3,2,10,12,88,13,15,16,17,18,19,20,21
5,4,3,2,10,12,88,13,15,16,17,18,19,20,21
5,4,3,2,10,12,88,13,15,16,17,18,19,20,21
5,4,3,2,10,12,88,13,15,16,17,18,19,20,21
5,4,3,2,10,12,88,13,15,16,17,18,19,20,21
5,4,3,2,10,12,88,13,15,16,17,18,19,20,21
5,4,3,2,10,12,88,13,15,16,17,18,19,20,21
5,4,3,2,10,12,88,13,15,16,17,18,19,20,21
5,4,3,2,10,12,88,13,15,16,17,18,19,20,21
5,4,3,2,10,12,88,13,15,16,17,18,19,20,21
5,4,3,2,10,12,88,13,15,16,17,18,19,20,21
5,4,3,2,10,12,88,13,15,16,17,18,19,20,21
5,4,3,2,10,12,88,13,15,16,17,18,19,20,21
5,4,3,2,10,12,88,13,15,16,17,18,19,20,21
5,4,3,2,10,12,88,13,15,16,17,18,19,20,21
5,4,3,2,10,12,88,13,15,16,17,18,19,20,21
5,4,3,2,10,12,88,13,15,16,17,18,19,20,21
5,4,3,2,10,12,88,13,15,16,17,18,19,20,21
5,4,3,2,10,12,88,13,15,16,17,18,19,20,21
5,4,3,2,10,12,88,13,15,16,17,18,19,20,21
5,4,3,2,10,12,88,13,15,16,17,18,19,20,21
5,4,3,2,10,12,88,13,15,16,17,18,19,20,21
5,4,3,2,10,12,88,13,15,16,17,18,19,20,21
5,4,3,2,10,12,88,13,15,16,17,18,19,20,21
5,4,3,2,10,12,88,13,15,16,17,18,19,20,21
5,4,3,2,10,12,88,13,15,16,17,18,19,20,21
5,4,3,2,10,12,88,13,15,16,17,18,19,20,21
5,4,3,2,10,12,88,13,15,16,17,18,19,20,21
5,4,3,2,10,12,88,13,15,16,17,18,19,20,21
5,4,3,2,10,12,88,13,15,16,17,18,19,20,21
5,4,3,2,10,12,88,13,15,16,17,18,19,20,21
5,4,3,2,10,12,88,13,15,16,17,18,19,20,21
5,4,3,2,10,12,88,13,15,16,17,18,19,20,21
5,4,3,2,10,12,88,13,15,16,17,18,19,20,21
5,4,3,2,10,12,88,13,15,16,17,18,19,20,21
5,4,3,2,10,12,88,13,15,16,17,18,19,20,21
5,4,3,2,10,12,88,13,15,16,17,18,19,20,21
5,4,3,2,10,12,88,13,15,16,17,18,19,20,21
5,4,3,2,10,12,88,13,15,16,17,18,19,20,21
5,4,3,2,10,12,88,13,15,16,17,18,19,20,21
5,4,3,2,10,12,88,13,15,16,17,18,19,20,21
5,4,3,2,10,12,88,13,15,16,17,18,19,20,21
5,4,3,2,10,12,88,13,15,16,17,18,19,20,21
5,4,3,2,10,12,88,13,15,16,17,18,19,20,21
5,4,3,2,10,12,88,13,15,16,17,18,19,20,21
5,4,3,2,10,12,88,13,15,16,17,18,19,20,21
5,4,3,2,10,12,88,13,15,16,17,18,19,20,21
5,4,3,2,10,12,88,13,15,16,17,18,19,20,21
5,4,3,2,10,12,88,13,15,16,17,18,19,20,21
5,4,3,2,10,12,88,13,15,16,17,18,19,20,21
5,4,3,2,10,12,88,13,15,16,17,18,19,20,21
5,4,3,2,10,12,88,13,15,16,17,18,19,20,21
5,4,3,2,10,12,88,13,15,16,17,18,19,20,21
5,4,3,2,10,12,88,13,15,16,17,18,19,20,21
5,4,3,2,10,12,88,13,15,16,17,18,19,20,21
5,4,3,2,10,12,88,13,15,16,17,18,19,20,21
5,4,3,2,10,12,88,13,15,16,17,18,19,20,21
5,4,3,2,10,12,88,13,15,16,17,18,19,20,21
5,4,3,2,10,12,88,13,15,16,17,18,19,20,21
5,4,3,2,10,12,88,13,15,16,17,18,19,20,21
5,4,3,2,10,12,88,13,15,16,17,18,19,20,21
5,4,3,2,10,12,88,13,15,16,17,18,19,20,21
5,4,3,2,10,12,88,13,15,16,17,18,19,20,21
5,4,3,2,10,12,88,13,15,16,17,18,19,20,21
5,4,3,2,10,12,88,13,15,16,17,18,19,20,21
5,4,3,2,10,12,88,13,15,16,17,18,19,20,21
5,4,3,2,10,12,88,13,15,16,17,18,19,20,21
5,4,3,2,10,12,88,13,15,16,17,18,19,20,21
5,4,3,2,10,12,88,13,15,16,17,18,19,20,21
5,4,3,2,10,12,88,13,15,16,17,18,19,20,21
5,4,3,2,10,12,88,13,15,16,17,18,19,20,21
5,4,3,2,10,12,88,13,15,16,17,18,19,20,21
5,4,3,2,10,12,88,13,15,16,17,18,19,20,21
5,4,3,2,10,12,88,13,15,16,17,18,19,20,21
5,4,3,2,10,12,88,13,15,16,17,18,19,20,21
5,4,3,2,10,12,88,13,15,16,17,18,19,20,21
5,4,3,2,10,12,88,13,15,16,17,18,19,20,21
5,4,3,2,10,12,88,13,15,16,17,18,19,20,21
5,4,3,2,10,12,88,13,15,16,17,18,19,20,21
5,4,3,2,10,12,88,13,15,16,17,18,19,20,21
5,4,3,2,10,12,88,13,15,16,17,18,19,20,21
5,4,3,2,10,12,88,13,15,16,17,18,19,20,21
5,4,3,2,10,12,88,13,15,16,17,18,19,20,21
5,4,3,2,10,12,88,13,15,16,17,18,19,20,21
5,4,3,2,10,12,88,13,15,16,17,18,19,20,21
5,4,3,2,10,12,88,13,15,16,17,18,19,20,21
5,4,3,2,10,12,88,13,15,16,17,18,19,20,21
5,4,3,2,10,12,88,13,15,16,17,18,19,20,21
5,4,3,2,10,12,88,13,15,16,17,18,19,20,21
5,4,3,2,10,12,88,13,15,16,17,18,19,20,21
5,4,3,2,10,12,88,13,15,16,17,18,19,20,21
5,4,3,2,10,12,88,13,15,16,17,18,19,20,21
5,4,3,2,10,12,88,13,15,16,17,18,19,20,21
5,4,3,2,10,12,88,13,15,16,17,18,19,20,21
5,4,3,2,10,12,88,13,15,16,17,18,19,20,21
5,4,3,2,10,12,88,13,15,16,17,18,19,20,21
5,4,3,2,10,12,88,13,15,16,17,18,19,20,21
5,4,3,2,10,12,88,13,15,16,17,18,19,20,21
5,4,3,2,10,12,88,13,15,16,17,18,19,20,21
5,4,3,2,10,12,88,13,15,16,17,18,19,20,21
5,4,3,2,10,12,88,13,15,16,17,18,19,20,21
5,4,3,2,10,12,88,13,15,16,17,18,19,20,21
5,4,3,2,10,12,88,13,15,16,17,18,19,20,21
5,4,3,2,10,12,88,13,15,16,17,18,19,20,21
5,4,3,2,10,12,88,13,15,16,17,18,19,20,21
5,4,3,2,10,12,88,13,15,16,17,18,19,20,21
5,4,3,2,10,12,88,13,15,16,17,18,19,20,21
5,4,3,2,10,12,88,13,15,16,17,18,19,20,21
5,4,3,2,10,12,88,13,15,16,17,18,19,20,21
5,4,3,2,10,12,88,13,15,16,17,18,19,20,21
5,4,3,2,10,12,88,13,15,16,17,18,19,20,21
5,4,3,2,10,12,88,13,15,16,17,18,19,20,21
5,4,3,2,10,12,88,13,15,16,17,18,19,20,21
5,4,3,2,10,12,88,13,15,16,17,18,19,20,21
5,4,3,2,10,12,88,13,15,16,17,18,19,20,21
5,4,3,2,10,12,88,13,15,16,17,18,19,20,21
5,4,3,2,10,12,88,13,15,16,17,18,19,20,21
5,4,3,2,10,12,88,13,15,16,17,18,19,20,21
5,4,3,2,10,12,88,13,15,16,17,18,19,20,21
5,4,3,2,10,12,88,13,15,16,17,18,19,20,21
5,4,3,2,10,12,88,13,15,16,17,18,19,20,21
5,4,3,2,10,12,88,13,15,16,17,18,19,20,21
5,4,3,2,10,12,88,13,15,16,17,18,19,20,21
5,4,3,2,10,12,88,13,15,16,17,18,19,20,21
5,4,3,2,10,12,88,13,15,16,17,18,19,20,21
5,4,3,2,10,12,88,13,15,16,17,18,19,20,21
5,4,3,2,10,12,88,13,15,16,17,18,19,20,21
5,4,3,2,10,12,88,13,15,16,17,18,19,20,21
5,4,3,2,10,12,88,13,15,16,17,18,19,20,21
5,4,3,2,10,12,88,13,15,16,17,18,19,20,21
5,4,3,2,10,12,88,13,15,16,17,18,19,20,21
5,4,3,2,10,12,88,13,15,16,17,18,19,20,21
5,4,3,2,10,12,88,13,15,16,17,18,19,20,21
5,4,3,2,10,12,88,13,15,16,17,18,19,20,21
5,4,3,2,10,12,88,13,15,16,17,18,19,20,21
5,4,3,2,10,12,88,13,15,16,17,18,19,20,21
5,4,3,2,10,12,88,13,15,16,17,18,19,20,21
5,4,3,2,10,12,88,13,15,16,17,18,19,20,21
5,4,3,2,10,12,88,13,15,16,17,18,19,20,21
5,4,3,2,10,12,88,13,15,16,17,18,19,20,21
5,4,3,2,10,12,88,13,15,16,17,18,19,20,21
5,4,3,2,10,12,88,13,15,16,17,18,19,20,21
5,4,3,2,10,12,88,13,15,16,17,18,19,20,21
5,4,3,2,10,12,88,13,15,16,17,18,19,20,21
5,4,3,2,10,12,88,13,15,16,17,18,19,20,21
5,4,3,2,10,12,88,13,15,16,17,18,19,20,21
5,4,3,2,10,12,88,13,15,16,17,18,19,20,21
5,4,3,2,10,12,88,13,15,16,17,18,19,20,21
5,4,3,2,10,12,88,13,15,16,17,18,19,20,21
5,4,3,2,10,12,88,13,15,16,17,18,19,20,21
5,4,3,2,10,12,88,13,15,16,17,18,19,20,21
5,4,3,2,10,12,88,13,15,16,17,18,19,20,21
5,4,3,2,10,12,88,13,15,16,17,18,19,20,21
5,4,3,2,10,12,88,13,15,16,17,18,19,20,21
5,4,3,2,10,12,88,13,15,16,17,18,19,20,21
5,4,3,2,10,12,88,13,15,16,17,18,19,20,21
5,4,3,2,10,12,88,13,15,16,17,18,19,20,21
5,4,3,2,10,12,88,13,15,16,17,18,19,20,21
5,4,3,2,10,12,88,13,15,16,17,18,19,20,21
5,4,3,2,10,12,88,13,15,16,17,18,19,20,21
5,4,3,2,10,12,88,13,15,16,17,18,19,20,21
5,4,3,2,10,12,88,13,15,16,17,18,19,20,21
5,4,3,2,10,12,88,13,15,16,17,18,19,20,21
5,4,3,2,10,12,88,13,15,16,17,18,19,20,21
5,4,3,2,10,12,88,13,15,16,17,18,19,20,21
5,4,3,2,10,12,88,13,15,16,17,18,19,20,21
5,4,3,2,10,12,88,13,15,16,17,18,19,20,21
5,4,3,2,10,12,88,13,15,16,17,18,19,20,21
5,4,3,2,10,12,88,13,15,16,17,18,19,20,21
5,4,3,2,10,12,88,13,15,16,17,18,19,20,21
5,4,3,2,10,12,88,13,15,16,17,18,19,20,21
5,4,3,2,10,12,88,13,15,16,17,18,19,20,21
5,4,3,2,10,12,88,13,15,16,17,18,19,20,21
5,4,3,2,10,12,88,13,15,16,17,18,19,20,21
5,4,3,2,10,12,88,13,15,16,17,18,19,20,21
5,4,3,2,10,12,88,13,15,16,17,18,19,20,21
5,4,3,2,10,12,88,13,15,16,17,18,19,20,21
5,4,3,2,10,12,88,13,15,16,17,18,19,20,21
5,4,3,2,10,12,88,13,15,16,17,18,19,20,21
5,4,3,2,10,12,88,13,15,16,17,18,19,20,21
5,4,3,2,10,12,88,13,15,16,17,18,19,20,21
5,4,3,2,10,12,88,13,15,16,17,18,19,20,21
5,4,3,2,10,12,88,13,15,16,17,18,19,20,21
5,4,3,2,10,12,88,13,15,16,17,18,19,20,21
5,4,3,2,10,12,88,13,15,16,17,18,19,20,21
5,4,3,2,10,12,88,13,15,16,17,18,19,20,21
5,4,3,2,10,12,88,13,15,16,17,18,19,20,21
5,4,3,2,10,12,88,13,15,16,17,18,19,20,21
5,4,3,2,10,12,88,13,15,16,17,18,19,20,21
5,4,3,2,10,12,88,13,15,16,17,18,19,20,21
5,4,3,2,10,12,88,13,15,16,17,18,19,20,21
5,4,3,2,10,12,88,13,15,16,17,18,19,20,21
5,4,3,2,10,12,88,13,15,16,17,18,19,20,21
5,4,3,2,10,12,88,13,15,16,17,18,19,20,21
5,4,3,2,10,12,88,13,15,16,17,18,19,20,21
5,4,3,2,10,12,88,13,15,16,17,18,19,20,21
5,4,3,2,10,12,88,13,15,16,17,18,19,20,21
5,4,3,2,10,12,88,13,15,16,17,18,19,20,21
5,4,3,2,10,12,88,13,15,16,17,18,19,20,21
5,4,3,2,10,12,88,13,15,16,17,18,19,20,21
5,4,3,2,10,12,88,13,15,16,17,18,19,20,21
5,4,3,2,10,12,88,13,15,16,17,18,19,20,21
5,4,3,2,10,12,88,13,15,16,17,18,19,20,21
5,4,3,2,10,12,88,13,15,16,17,18,19,20,21
5,4,3,2,10,12,88,13,15,16,17,18,19,20,21
5,4,3,2,10,12,88,13,15,16,17,18,19,20,21
5,4,3,2,10,12,88,13,15,16,17,18,19,20,21
5,4,3,2,10,12,88,13,15,16,17,18,19,20,21
5,4,3,2,10,12,88,13,15,16,17,18,19,20,21
5,4,3,2,10,12,88,13,15,16,17,18,19,20,21
5,4,3,2,10,12,88,13,15,16,17,18,19,20,21
5,4,3,2,10,12,88,13,15,16,17,18,19,20,21
5,4,3,2,10,12,88,13,15,16,17,18,19,20,21
5,4,3,2,10,12,88,13,15,16,17,18,19,20,21
5,4,3,2,10,12,88,13,15,16,17,18,19,20,21
5,4,3,2,10,12,88,13,15,16,17,18,19,20,21
5,4,3,2,10,12,88,13,15,16,17,18,19,20,21
5,4,3,2,10,12,88,13,15,16,17,18,19,20,21
5,4,3,2,10,12,88,13,15,16,17,18,19,20,21
5,4,3,2,10,12,88,13,15,16,17,18,19,20,21
5,4,3,2,10,12,88,13,15,16,17,18,19,20,21
5,4,3,2,10,12,88,13,15,16,17,18,19,20,21
5,4,3,2,10,12,88,13,15,16,17,18,19,20,21
5,4,3,2,10,12,88,13,15,16,17,18,19,20,21
5,4,3,2,10,12,88,13,15,16,17,18,19,20,21
5,4,3,2,10,12,88,13,15,16,17,18,19,20,21
5,4,3,2,10,12,88,13,15,16,17,18,19,20,21
5,4,3,2,10,12,88,13,15,16,17,18,19,20,21
5,4,3,2,10,12,88,13,15,16,17,18,19,20,21
5,4,3,2,10,12,88,13,15,16,17,18,19,20,21
5,4,3,7,8,10,2,1,15,16,17,18,0,21
5,4,3,7,8,10,2,1,15,16,17,18,0,21
5,4,3,7,8,10,2,1,15,16,17,18,0,21
5,4,3,7,8,10,2,1,15,16,17,18,0,21
5,4,3,7,8,10,2,1,15,16,17,18,0,21
5,4,3,7,8,10,2,1,15,16,17,18,0,21
5,4,3,7,8,10,2,1,15,16,17,18,0,21
5,4,3,7,8,10,2,1,15,16,17,18,0,21
5,4,3,7,8,10,2,1,15,16,17,18,0,21
5,4,3,7,8,10,2,1,15,16,17,18,0,21
5,4,3,7,8,10,2,1,15,16,17,18,0,21
5,4,3,7,8,10,2,1,15,16,17,18,0,21
5,4,3,7,8,10,2,1,15,16,17,18,0,21
5,4,3,7,8,10,2,1,15,16,17,18,0,21
5,4,3,7,8,10,2,1,15,16,17,18,0,21
5,4,3,7,8,10,2,1,15,16,17,18,0,21
5,4,3,7,8,10,2,1,15,16,17,18,0,21
5,4,3,7,8,10,2,1,15,16,17,18,0,21
5,4,3,7,8,10,2,1,15,16,17,18,0,21
5,4,3,7,8,10,2,1,15,16,17,18,0,21
5,4,3,7,8,10,2,1,15,16,17,18,0,21
5,4,3,7,8,10,2,1,15,16,17,18,0,21
5,4,3,7,8,10,2,1,15,16,17,18,0,21
5,4,3,7,8,10,2,1,15,16,17,18,0,21
5,4,3,7,8,10,2,1,15,16,17,18,0,21
5,4,3,7,8,10,2,1,15,16,17,18,0,21
5,4,3,7,8,10,2,1,15,16,17,18,0,21
5,4,3,7,8,10,2,1,15,16,17,18,0,21
5,4,3,7,8,10,2,1,15,16,17,18,0,21
5,4,3,7,8,10,2,1,15,16,17,18,0,21
5,4,3,7,8,10,2,1,15,16,17,18,0,21
5,4,3,7,8,10,2,1,15,16,17,18,0,21
5,4,3,7,8,10,2,1,15,16,17,18,0,21
5,4,3,7,8,10,2,1,15,16,17,18,0,21
5,4,3,7,8,10,2,1,15,16,17,18,0,21
5,4,3,7,8,10,2,1,15,16,17,18,0,21
5,4,3,7,8,10,2,1,15,16,17,18,0,21
5,4,3,7,8,10,2,1,15,16,17,18,0,21
5,4,3,7,8,10,2,1,15,16,17,18,0,21
5,4,3,7,8,10,2,1,15,16,17,18,0,21
5,4,3,7,8,10,2,1,15,16,17,18,0,21
5,4,3,7,8,10,2,1,15,16,17,18,0,21
5,4,3,7,8,10,2,1,15,16,17,18,0,21
5,4,3,7,8,10,2,1,15,16,17,18,0,21
5,4,3,7,8,10,2,1,15,16,17,18,0,21
5,4,3,7,8,10,2,1,15,16,17,18,0,21
5,4,3,7,8,10,2,1,15,16,17,18,0,21
5,4,3,7,8,10,2,1,15,16,17,18,0,21
5,4,3,7,8,10,2,1,15,16,17,18,0,21
5,4,3,7,8,10,2,1,15,16,17,18,0,21
5,4,3,7,8,10,2,1,15,16,17,18,0,21
5,4,3,7,8,10,2,1,15,16,17,18,0,21
5,4,3,7,8,10,2,1,15,16,17,18,0,21
5,4,3,7,8,10,2,1,15,16,17,18,0,21
5,4,3,7,8,10,2,1,15,16,17,18,0,21
5,4,3,7,8,10,2,1,15,16,17,18,0,21
5,4,3,7,8,10,2,1,15,16,17,18,0,21
5,4,3,7,8,10,2,1,15,16,17,18,0,21
5,4,3,7,8,10,2,1,15,16,17,18,0,21
5,4,3,7,8,10,2,1,15,16,17,18,0,21
5,4,3,7,8,10,2,1,15,16,17,18,0,21
5,4,3,7,8,10,2,1,15,16,17,18,0,21
5,4,3,7,8,10,2,1,15,16,17,18,0,21
5,4,3,7,8,10,2,1,15,16,17,18,0,21
5,4,3,7,8,10,2,1,15,16,17,18,0,21
5,4,3,7,8,10,2,1,15,16,17,18,0,21
5,4,3,7,8,10,2,1,15,16,17,18,0,21
5,4,3,7,8,10,2,1,15,16,17,18,0,21
5,4,3,7,8,10,2,1,15,16,17,18,0,21
5,4,3,7,8,10,2,1,15,16,17,18,0,21
5,4,3,7,8,10,2,1,15,16,17,18,0,21
5,4,3,7,8,10,2,1,15,16,17,18,0,21
5,4,3,7,8,10,2,1,15,16,17,18,0,21
5,4,3,7,8,10,2,1,15,16,17,18,0,21
5,4,3,7,8,10,2,1,15,16,17,18,0,21
5,4,3,7,8,10,2,1,15,16,17,18,0,21
5,4,3,7,8,10,2,1,15,16,17,18,0,21
5,4,3,7,8,10,2,1,15,16,17,18,0,21
5,4,3,7,8,10,2,1,15,16,17,18,0,21
5,4,3,7,8,10,2,1,15,16,17,18,0,21
5,4,3,7,8,10,2,1,15,16,17,18,0,21
5,4,3,7,8,10,2,1,15,16,17,18,0,21
5,4,3,7,8,10,2,1,15,16,17,18,0,21
5,4,3,7,8,10,2,1,15,16,17,18,0,21
5,4,3,7,8,10,2,1,15,16,17,18,0,21
5,4,3,7,8,10,2,1,15,16,17,18,0,21
5,4,3,7,8,10,2,1,15,16,17,18,0,21
5,4,3,7,8,10,2,1,15,16,17,18,0,21
5,4,3,7,8,10,2,1,15,16,17,18,0,21
5,4,3,7,8,10,2,1,15,16,17,18,0,21
5,4,3,7,8,10,2,1,15,16,17,18,0,21
5,4,3,7,8,10,2,1,15,16,17,18,0,21
5,4,3,7,8,10,2,1,15,16,17,18,0,21
5,4,3,7,8,10,2,1,15,16,17,18,0,21
5,4,3,7,8,10,2,1,15,16,17,18,0,21
5,4,3,7,8,10,2,1,15,16,17,18,0,21
5,4,3,7,8,10,2,1,15,16,17,18,0,21
5,4,3,7,8,10,2,1,15,16,17,18,0,21
5,4,3,7,8,10,2,1,15,16,17,18,0,21
5,4,3,7,8,10,2,1,15,16,17,18,0,21
5,4,3,7,8,10,2,1,15,16,17,18,0,21
5,4,3,7,8,10,2,1,15,16,17,18,0,21
5,4,3,7,8,10,2,1,15,16,17,18,0,21
5,4,3,7,8,10,2,1,15,16,17,18,0,21
5,4,3,7,8,10,2,1,15,16,17,18,0,21
5,4,3,7,8,10,2,1,15,16,17,18,0,21
5,4,3,7,8,10,2,1,15,16,17,18,0,21
5,4,3,7,8,10,2,1,15,16,17,18,0,21
5,4,3,7,8,10,2,1,15,16,17,18,0,21
5,4,3,7,8,10,2,1,15,16,17,18,0,21
5,4,3,7,8,10,2,1,15,16,17,18,0,21
5,4,3,7,8,10,2,1,15,16,17,18,0,21
5,4,3,7,8,10,2,1,15,16,17,18,0,21
5,4,3,7,8,10,2,1,15,16,17,18,0,21
5,4,3,7,8,10,2,1,15,16,17,18,0,21
5,4,3,7,8,10,2,1,15,16,17,18,0,21
5,4,3,7,8,10,2,1,15,16,17,18,0,21
5,4,3,7,8,10,2,1,15,16,17,18,0,21
5,4,3,7,8,10,2,1,15,16,17,18,0,21
5,4,3,7,8,10,2,1,15,16,17,18,0,21
5,4,3,7,8,10,2,1,15,16,17,18,0,21
5,4,3,7,8,10,2,1,15,16,17,18,0,21
5,4,3,7,8,10,2,1,15,16,17,18,0,21
5,4,3,7,8,10,2,1,15,16,17,18,0,21
5,4,3,7,8,10,2,1,15,16,17,18,0,21
5,4,3,7,8,10,2,1,15,16,17,18,0,21
5,4,3,7,8,10,2,1,15,16,17,18,0,21
5,4,3,7,8,10,2,1,15,16,17,18,0,21
5,4,3,7,8,10,2,1,15,16,17,18,0,21
5,4,3,7,8,10,2,1,15,16,17,18,0,21
5,4,3,7,8,10,2,1,15,16,17,18,0,21
5,4,3,7,8,10,2,1,15,16,17,18,0,21
5,4,3,7,8,10,2,1,15,16,17,18,0,21
5,4,3,7,8,10,2,1,15,16,17,18,0,21
5,4,3,7,8,10,2,1,15,16,17,18,0,21
5,4,3,7,8,10,2,1,15,16,17,18,0,21
5,4,3,7,8,10,2,1,15,16,17,18,0,21
5,4,3,7,8,10,2,1,15,16,17,18,0,21
5,4,3,7,8,10,2,1,15,16,17,18,0,21
5,4,3,7,8,10,2,1,15,16,17,18,0,21
5,4,3,7,8,10,2,1,15,16,17,18,0,21
5,4,3,7,8,10,2,1,15,16,17,18,0,21
5,4,3,7,8,10,2,1,15,16,17,18,0,21
5,4,3,7,8,10,2,1,15,16,17,18,0,21
5,4,3,7,8,10,2,1,15,16,17,18,0,21
5,4,3,7,8,10,2,1,15,16,17,18,0,21
5,4,3,7,8,10,2,1,15,16,17,18,0,21
5,4,3,7,8,10,2,1,15,16,17,18,0,21
5,4,3,7,8,10,2,1,15,16,17,18,0,21
5,4,3,7,8,10,2,1,15,16,17,18,0,21
5,4,3,7,8,10,2,1,15,16,17,18,0,21
5,4,3,7,8,10,2,1,15,16,17,18,0,21
5,4,3,7,8,10,2,1,15,16,17,18,0,21
5,4,3,7,8,10,2,1,15,16,17,18,0,21
5,4,3,7,8,10,2,1,15,16,17,18,0,21
5,4,3,7,8,10,2,1,15,16,17,18,0,21
5,4,3,7,8,10,2,1,15,16,17,18,0,21
5,4,3,7,8,10,2,1,15,16,17,18,0,21
5,4,3,7,8,10,2,1,15,16,17,18,0,21
5,4,3,7,8,10,2,1,15,16,17,18,0,21
5,4,3,7,8,10,2,1,15,16,17,18,0,21
5,4,3,7,8,10,2,1,15,16,17,18,0,21
5,4,3,7,8,10,2,1,15,16,17,18,0,21
5,4,3,7,8,10,2,1,15,16,17,18,0,21
5,4,3,7,8,10,2,1,15,16,17,18,0,21
5,4,3,7,8,10,2,1,15,16,17,18,0,21
5,4,3,7,8,10,2,1,15,16,17,18,0,21
5,4,3,7,8,10,2,1,15,16,17,18,0,21
5,4,3,7,8,10,2,1,15,16,17,18,0,21
5,4,3,7,8,10,2,1,15,16,17,18,0,21
5,4,3,7,8,10,2,1,15,16,17,18,0,21
5,4,3,7,8,10,2,1,15,16,17,18,0,21
5,4,3,7,8,10,2,1,15,16,17,18,0,21
5,4,3,7,8,10,2,1,15,16,17,18,0,21
5,4,3,7,8,10,2,1,15,16,17,18,0,21
5,4,3,7,8,10,2,1,15,16,17,18,0,21
5,4,3,7,8,10,2,1,15,16,17,18,0,21
5,4,3,7,8,10,2,1,15,16,17,18,0,21
5,4,3,7,8,10,2,1,15,16,17,18,0,21
5,4,3,7,8,10,2,1,15,16,17,18,0,21
5,4,3,7,8,10,2,1,15,16,17,18,0,21
5,4,3,7,8,10,2,1,15,16,17,18,0,21
5,4,3,7,8,10,2,1,15,16,17,18,0,21
5,4,3,7,8,10,2,1,15,16,17,18,0,21
5,4,3,7,8,10,2,1,15,16,17,18,0,21
5,4,3,7,8,10,2,1,15,16,17,18,0,21
5,4,3,7,8,10,2,1,15,16,17,18,0,21
5,4,3,7,8,10,2,1,15,16,17,18,0,21
5,4,3,7,8,10,2,1,15,16,17,18,0,21
5,4,3,7,8,10,2,1,15,16,17,18,0,21
5,4,3,7,8,10,2,1,15,16,17,18,0,21
5,4,3,7,8,10,2,1,15,16,17,18,0,21
5,4,3,7,8,10,2,1,15,16,17,18,0,21
5,4,3,7,8,10,2,1,15,16,17,18,0,21
5,4,3,7,8,10,2,1,15,16,17,18,0,21
5,4,3,7,8,10,2,1,15,16,17,18,0,21
5,4,3,7,8,10,2,1,15,16,17,18,0,21
5,4,3,7,8,10,2,1,15,16,17,18,0,21
5,4,3,7,8,10,2,1,15,16,17,18,0,21
5,4,3,7,8,10,2,1,15,16,17,18,0,21
5,4,3,7,8,10,2,1,15,16,17,18,0,21
5,4,3,7,8,10,2,1,15,16,17,18,0,21
5,4,3,7,8,10,2,1,15,16,17,18,0,21
5,4,3,7,8,10,2,1,15,16,17,18,0,21
5,4,3,7,8,10,2,1,15,16,17,18,0,21
5,4,3,7,8,10,2,1,15,16,17,18,0,21
5,4,3,7,8,10,2,1,15,16,17,18,0,21
5,4,3,7,8,10,2,1,15,16,17,18,0,21
5,4,3,7,8,10,2,1,15,16,17,18,0,21
5,4,3,7,8,10,2,1,15,16,17,18,0,21
5,4,3,7,8,10,2,1,15,16,17,18,0,21
5,4,3,7,8,10,2,1,15,16,17,18,0,21
5,4,3,7,8,10,2,1,15,16,17,18,0,21
5,4,3,7,8,10,2,1,15,16,17,18,0,21
5,4,3,7,8,10,2,1,15,16,17,18,0,21
5,4,3,7,8,10,2,1,15,16,17,18,0,21
5,4,3,7,8,10,2,1,15,16,17,18,0,21
5,4,3,7,8,10,2,1,15,16,17,18,0,21
5,4,3,7,8,10,2,1,15,16,17,18,0,21
5,4,3,7,8,10,2,1,15,16,17,18,0,21
5,4,3,7,8,10,2,1,15,16,17,18,0,21
5,4,3,7,8,10,2,1,15,16,17,18,0,21
5,4,3,7,8,10,2,1,15,16,17,18,0,21
5,4,3,7,8,10,2,1,15,16,17,18,0,21
5,4,3,7,8,10,2,1,15,16,17,18,0,21
5,4,3,7,8,10,2,1,15,16,17,18,0,21
5,4,3,7,8,10,2,1,15,16,17,18,0,21
5,4,3,7,8,10,2,1,15,16,17,18,0,21
5,4,3,7,8,10,2,1,15,16,17,18,0,21
5,4,3,7,8,10,2,1,15,16,17,18,0,21
5,4,3,7,8,10,2,1,15,16,17,18,0,21
5,4,3,7,8,10,2,1,15,16,17,18,0,21
5,4,3,7,8,10,2,1,15,16,17,18,0,21
5,4,3,7,8,10,2,1,15,16,17,18,0,21
5,4,3,7,8,10,2,1,15,16,17,18,0,21
5,4,3,7,8,10,2,1,15,16,17,18,0,21
5,4,3,7,8,10,2,1,15,16,17,18,0,21
5,4,3,7,8,10,2,1,15,16,17,18,0,21
5,4,3,7,8,10,2,1,15,16,17,18,0,21
5,4,3,7,8,10,2,1,15,16,17,18,0,21
5,4,3,7,8,10,2,1,15,16,17,18,0,21
5,4,3,7,8,10,2,1,15,16,17,18,0,21
5,4,3,7,8,10,2,1,15,16,17,18,0,21
5,4,3,7,8,10,2,1,15,16,17,18,0,21
5,4,3,7,8,10,2,1,15,16,17,18,0,21
5,4,3,7,8,10,2,1,15,16,17,18,0,21
5,4,3,7,8,10,2,1,15,16,17,18,0,21
5,4,3,7,8,10,2,1,15,16,17,18,0,21
5,4,3,7,8,10,2,1,15,16,17,18,0,21
5,4,3,7,8,10,2,1,15,16,17,18,0,21
5,4,3,7,8,10,2,1,15,16,17,18,0,21
5,4,3,7,8,10,2,1,15,16,17,18,0,21
5,4,3,7,8,10,2,1,15,16,17,18,0,21
5,4,3,7,8,10,2,1,15,16,17,18,0,21
5,4,3,7,8,10,2,1,15,16,17,18,0,21
5,4,3,7,8,10,2,1,15,16,17,18,0,21
5,4,3,7,8,9,10,12,88,13,15,16,17,18,19,20,21
5,4,3,7,8,9,10,12,88,13,15,16,17,18,19,20,21
5,4,3,7,8,9,10,12,88,13,15,16,17,18,19,20,21
5,4,3,7,8,9,10,12,88,13,15,16,17,18,19,20,21
5,4,3,7,8,9,10,12,88,13,15,16,17,18,19,20,21
5,4,3,7,8,9,10,12,88,13,15,16,17,18,19,20,21
5,4,3,7,8,9,10,12,88,13,15,16,17,18,19,20,21
5,4,3,7,8,9,10,12,88,13,15,16,17,18,19,20,21
5,4,3,7,8,9,10,12,88,13,15,16,17,18,19,20,21
5,4,3,7,8,9,10,12,88,13,15,16,17,18,19,20,21
5,4,3,7,8,9,10,12,88,13,15,16,17,18,19,20,21
5,4,3,7,8,9,10,12,88,13,15,16,17,18,19,20,21
5,4,3,7,8,9,10,12,88,13,15,16,17,18,19,20,21
5,4,3,7,8,9,10,12,88,13,15,16,17,18,19,20,21
5,4,3,7,8,9,10,12,88,13,15,16,17,18,19,20,21
5,4,3,7,8,9,10,12,88,13,15,16,17,18,19,20,21
5,4,3,7,8,9,10,12,88,13,15,16,17,18,19,20,21
5,4,3,7,8,9,10,12,88,13,15,16,17,18,19,20,21
5,4,3,7,8,9,10,12,88,13,15,16,17,18,19,20,21
5,4,3,7,8,9,10,12,88,13,15,16,17,18,19,20,21
5,4,3,7,8,9,10,12,88,13,15,16,17,18,19,20,21
5,4,3,7,8,9,10,12,88,13,15,16,17,18,19,20,21
5,4,3,7,8,9,10,12,88,13,15,16,17,18,19,20,21
5,4,3,7,8,9,10,12,88,13,15,16,17,18,19,20,21
5,4,3,7,8,9,10,12,88,13,15,16,17,18,19,20,21
5,4,3,7,8,9,10,12,88,13,15,16,17,18,19,20,21
5,4,3,7,8,9,10,12,88,13,15,16,17,18,19,20,21
5,4,3,7,8,9,10,12,88,13,15,16,17,18,19,20,21
5,4,3,7,8,9,10,12,88,13,15,16,17,18,19,20,21
5,4,3,7,8,9,10,12,88,13,15,16,17,18,19,20,21
5,4,3,7,8,9,10,12,88,13,15,16,17,18,19,20,21
5,4,3,7,8,9,10,12,88,13,15,16,17,18,19,20,21
5,4,3,7,8,9,10,12,88,13,15,16,17,18,19,20,21
5,4,3,7,8,9,10,12,88,13,15,16,17,18,19,20,21
5,4,3,7,8,9,10,12,88,13,15,16,17,18,19,20,21
5,4,3,7,8,9,10,12,88,13,15,16,17,18,19,20,21
5,4,3,7,8,9,10,12,88,13,15,16,17,18,19,20,21
5,4,3,7,8,9,10,12,88,13,15,16,17,18,19,20,21
5,4,3,7,8,9,10,12,88,13,15,16,17,18,19,20,21
5,4,3,7,8,9,10,12,88,13,15,16,17,18,19,20,21
5,4,3,7,8,9,10,12,88,13,15,16,17,18,19,20,21
5,4,3,7,8,9,10,12,88,13,15,16,17,18,19,20,21
5,4,3,7,8,9,10,12,88,13,15,16,17,18,19,20,21
5,4,3,7,8,9,10,12,88,13,15,16,17,18,19,20,21
5,4,3,7,8,9,10,12,88,13,15,16,17,18,19,20,21
5,4,3,7,8,9,10,12,88,13,15,16,17,18,19,20,21
5,4,3,7,8,9,10,12,88,13,15,16,17,18,19,20,21
5,4,3,7,8,9,10,12,88,13,15,16,17,18,19,20,21
5,4,3,7,8,9,10,12,88,13,15,16,17,18,19,20,21
5,4,3,7,8,9,10,12,88,13,15,16,17,18,19,20,21
5,4,3,7,8,9,10,12,88,13,15,16,17,18,19,20,21
5,4,3,7,8,9,10,12,88,13,15,16,17,18,19,20,21
5,4,3,7,8,9,10,12,88,13,15,16,17,18,19,20,21
5,4,3,7,8,9,10,12,88,13,15,16,17,18,19,20,21
5,4,3,7,8,9,10,12,88,13,15,16,17,18,19,20,21
5,4,3,7,8,9,10,12,88,13,15,16,17,18,19,20,21
5,4,3,7,8,9,10,12,88,13,15,16,17,18,19,20,21
5,4,3,7,8,9,10,12,88,13,15,16,17,18,19,20,21
5,4,3,7,8,9,10,12,88,13,15,16,17,18,19,20,21
5,4,3,7,8,9,10,12,88,13,15,16,17,18,19,20,21
5,4,3,7,8,9,10,12,88,13,15,16,17,18,19,20,21
5,4,3,7,8,9,10,12,88,13,15,16,17,18,19,20,21
5,4,3,7,8,9,10,12,88,13,15,16,17,18,19,20,21
5,4,3,7,8,9,10,12,88,13,15,16,17,18,19,20,21
5,4,3,7,8,9,10,12,88,13,15,16,17,18,19,20,21
5,4,3,7,8,9,10,12,88,13,15,16,17,18,19,20,21
5,4,3,7,8,9,10,12,88,13,15,16,17,18,19,20,21
5,4,3,7,8,9,10,12,88,13,15,16,17,18,19,20,21
5,4,3,7,8,9,10,12,88,13,15,16,17,18,19,20,21
5,4,3,7,8,9,10,12,88,13,15,16,17,18,19,20,21
5,4,3,7,8,9,10,12,88,13,15,16,17,18,19,20,21
5,4,3,7,8,9,10,12,88,13,15,16,17,18,19,20,21
5,4,3,7,8,9,10,12,88,13,15,16,17,18,19,20,21
5,4,3,7,8,9,10,12,88,13,15,16,17,18,19,20,21
5,4,3,7,8,9,10,12,88,13,15,16,17,18,19,20,21
5,4,3,7,8,9,10,12,88,13,15,16,17,18,19,20,21
5,4,3,7,8,9,10,12,88,13,15,16,17,18,19,20,21
5,4,3,7,8,9,10,12,88,13,15,16,17,18,19,20,21
5,4,3,7,8,9,10,12,88,13,15,16,17,18,19,20,21
5,4,3,7,8,9,10,12,88,13,15,16,17,18,19,20,21
5,4,3,7,8,9,10,12,88,13,15,16,17,18,19,20,21
5,4,3,7,8,9,10,12,88,13,15,16,17,18,19,20,21
5,4,3,7,8,9,10,12,88,13,15,16,17,18,19,20,21
5,4,3,7,8,9,10,12,88,13,15,16,17,18,19,20,21
5,4,3,7,8,9,10,12,88,13,15,16,17,18,19,20,21
5,4,3,7,8,9,10,12,88,13,15,16,17,18,19,20,21
5,4,3,7,8,9,10,12,88,13,15,16,17,18,19,20,21
5,4,3,7,8,9,10,12,88,13,15,16,17,18,19,20,21
5,4,3,7,8,9,10,12,88,13,15,16,17,18,19,20,21
5,4,3,7,8,9,10,12,88,13,15,16,17,18,19,20,21
5,4,3,7,8,9,10,12,88,13,15,16,17,18,19,20,21
5,4,3,7,8,9,10,12,88,13,15,16,17,18,19,20,21
5,4,3,7,8,9,10,12,88,13,15,16,17,18,19,20,21
5,4,3,7,8,9,10,12,88,13,15,16,17,18,19,20,21
5,4,3,7,8,9,10,12,88,13,15,16,17,18,19,20,21
5,4,3,7,8,9,10,12,88,13,15,16,17,18,19,20,21
5,4,3,7,8,9,10,12,88,13,15,16,17,18,19,20,21
5,4,3,7,8,9,10,12,88,13,15,16,17,18,19,20,21
5,4,3,7,8,9,10,12,88,13,15,16,17,18,19,20,21
5,4,3,7,8,9,10,12,88,13,15,16,17,18,19,20,21
5,4,3,7,8,9,10,12,88,13,15,16,17,18,19,20,21
5,4,3,7,8,9,10,12,88,13,15,16,17,18,19,20,21
5,4,3,7,8,9,10,12,88,13,15,16,17,18,19,20,21
5,4,3,7,8,9,10,12,88,13,15,16,17,18,19,20,21
5,4,3,7,8,9,10,12,88,13,15,16,17,18,19,20,21
5,4,3,7,8,9,10,12,88,13,15,16,17,18,19,20,21
5,4,3,7,8,9,10,12,88,13,15,16,17,18,19,20,21
5,4,3,7,8,9,10,12,88,13,15,16,17,18,19,20,21
5,4,3,7,8,9,10,12,88,13,15,16,17,18,19,20,21
5,4,3,7,8,9,10,12,88,13,15,16,17,18,19,20,21
5,4,3,7,8,9,10,12,88,13,15,16,17,18,19,20,21
5,4,3,7,8,9,10,12,88,13,15,16,17,18,19,20,21
5,4,3,7,8,9,10,12,88,13,15,16,17,18,19,20,21
5,4,3,7,8,9,10,12,88,13,15,16,17,18,19,20,21
5,4,3,7,8,9,10,12,88,13,15,16,17,18,19,20,21
5,4,3,7,8,9,10,12,88,13,15,16,17,18,19,20,21
5,4,3,7,8,9,10,12,88,13,15,16,17,18,19,20,21
5,4,3,7,8,9,10,12,88,13,15,16,17,18,19,20,21
5,4,3,7,8,9,10,12,88,13,15,16,17,18,19,20,21
5,4,3,7,8,9,10,12,88,13,15,16,17,18,19,20,21
5,4,3,7,8,9,10,12,88,13,15,16,17,18,19,20,21
5,4,3,7,8,9,10,12,88,13,15,16,17,18,19,20,21
5,4,3,7,8,9,10,12,88,13,15,16,17,18,19,20,21
5,4,3,7,8,9,10,12,88,13,15,16,17,18,19,20,21
5,4,3,7,8,9,10,12,88,13,15,16,17,18,19,20,21
5,4,3,7,8,9,10,12,88,13,15,16,17,18,19,20,21
5,4,3,7,8,9,10,12,88,13,15,16,17,18,19,20,21
5,4,3,7,8,9,10,12,88,13,15,16,17,18,19,20,21
5,4,3,7,8,9,10,12,88,13,15,16,17,18,19,20,21
5,4,3,7,8,9,10,12,88,13,15,16,17,18,19,20,21
5,4,3,7,8,9,10,12,88,13,15,16,17,18,19,20,21
5,4,3,7,8,9,10,12,88,13,15,16,17,18,19,20,21
5,4,3,7,8,9,10,12,88,13,15,16,17,18,19,20,21
5,4,3,7,8,9,10,12,88,13,15,16,17,18,19,20,21
5,4,3,7,8,9,10,12,88,13,15,16,17,18,19,20,21
5,4,3,7,8,9,10,12,88,13,15,16,17,18,19,20,21
5,4,3,7,8,9,10,12,88,13,15,16,17,18,19,20,21
5,4,3,7,8,9,10,12,88,13,15,16,17,18,19,20,21
5,4,3,7,8,9,10,12,88,13,15,16,17,18,19,20,21
5,4,3,7,8,9,10,12,88,13,15,16,17,18,19,20,21
5,4,3,7,8,9,10,12,88,13,15,16,17,18,19,20,21
5,4,3,7,8,9,10,12,88,13,15,16,17,18,19,20,21
5,4,3,7,8,9,10,12,88,13,15,16,17,18,19,20,21
5,4,3,7,8,9,10,12,88,13,15,16,17,18,19,20,21
5,4,3,7,8,9,10,12,88,13,15,16,17,18,19,20,21
5,4,3,7,8,9,10,12,88,13,15,16,17,18,19,20,21
5,4,3,7,8,9,10,12,88,13,15,16,17,18,19,20,21
5,4,3,7,8,9,10,12,88,13,15,16,17,18,19,20,21
5,4,3,7,8,9,10,12,88,13,15,16,17,18,19,20,21
5,4,3,7,8,9,10,12,88,13,15,16,17,18,19,20,21
5,4,3,7,8,9,10,12,88,13,15,16,17,18,19,20,21
5,4,3,7,8,9,10,12,88,13,15,16,17,18,19,20,21
5,4,3,7,8,9,10,12,88,13,15,16,17,18,19,20,21
5,4,3,7,8,9,10,12,88,13,15,16,17,18,19,20,21
5,4,3,7,8,9,10,12,88,13,15,16,17,18,19,20,21
5,4,3,7,8,9,10,12,88,13,15,16,17,18,19,20,21
5,4,3,7,8,9,10,12,88,13,15,16,17,18,19,20,21
5,4,3,7,8,9,10,12,88,13,15,16,17,18,19,20,21
5,4,3,7,8,9,10,12,88,13,15,16,17,18,19,20,21
5,4,3,7,8,9,10,12,88,13,15,16,17,18,19,20,21
5,4,3,7,8,9,10,12,88,13,15,16,17,18,19,20,21
5,4,3,7,8,9,10,12,88,13,15,16,17,18,19,20,21
5,4,3,7,8,9,10,12,88,13,15,16,17,18,19,20,21
5,4,3,7,8,9,10,12,88,13,15,16,17,18,19,20,21
5,4,3,7,8,9,10,12,88,13,15,16,17,18,19,20,21
5,4,3,7,8,9,10,12,88,13,15,16,17,18,19,20,21
5,4,3,7,8,9,10,12,88,13,15,16,17,18,19,20,21
5,4,3,7,8,9,10,12,88,13,15,16,17,18,19,20,21
5,4,3,7,8,9,10,12,88,13,15,16,17,18,19,20,21
5,4,3,7,8,9,10,12,88,13,15,16,17,18,19,20,21
5,4,3,7,8,9,10,12,88,13,15,16,17,18,19,20,21
5,4,3,7,8,9,10,12,88,13,15,16,17,18,19,20,21
5,4,3,7,8,9,10,12,88,13,15,16,17,18,19,20,21
5,4,3,7,8,9,10,12,88,13,15,16,17,18,19,20,21
5,4,3,7,8,9,10,12,88,13,15,16,17,18,19,20,21
5,4,3,7,8,9,10,12,88,13,15,16,17,18,19,20,21
5,4,3,7,8,9,10,12,88,13,15,16,17,18,19,20,21
5,4,3,7,8,9,10,12,88,13,15,16,17,18,19,20,21
5,4,3,7,8,9,10,12,88,13,15,16,17,18,19,20,21
5,4,3,7,8,9,10,12,88,13,15,16,17,18,19,20,21
5,4,3,7,8,9,10,12,88,13,15,16,17,18,19,20,21
5,4,3,7,8,9,10,12,88,13,15,16,17,18,19,20,21
5,4,3,7,8,9,10,12,88,13,15,16,17,18,19,20,21
5,4,3,7,8,9,10,12,88,13,15,16,17,18,19,20,21
5,4,3,7,8,9,10,12,88,13,15,16,17,18,19,20,21
5,4,3,7,8,9,10,12,88,13,15,16,17,18,19,20,21
5,4,3,7,8,9,10,12,88,13,15,16,17,18,19,20,21
5,4,3,7,8,9,10,12,88,13,15,16,17,18,19,20,21
5,4,3,7,8,9,10,12,88,13,15,16,17,18,19,20,21
5,4,3,7,8,9,10,12,88,13,15,16,17,18,19,20,21
5,4,3,7,8,9,10,12,88,13,15,16,17,18,19,20,21
5,4,3,7,8,9,10,12,88,13,15,16,17,18,19,20,21
5,4,3,7,8,9,10,12,88,13,15,16,17,18,19,20,21
5,4,3,7,8,9,10,12,88,13,15,16,17,18,19,20,21
5,4,3,7,8,9,10,12,88,13,15,16,17,18,19,20,21
5,4,3,7,8,9,10,12,88,13,15,16,17,18,19,20,21
5,4,3,7,8,9,10,12,88,13,15,16,17,18,19,20,21
5,4,3,7,8,9,10,12,88,13,15,16,17,18,19,20,21
5,4,3,7,8,9,10,12,88,13,15,16,17,18,19,20,21
5,4,3,7,8,9,10,12,88,13,15,16,17,18,19,20,21
5,4,3,7,8,9,10,12,88,13,15,16,17,18,19,20,21
5,4,3,7,8,9,10,12,88,13,15,16,17,18,19,20,21
5,4,3,7,8,9,10,12,88,13,15,16,17,18,19,20,21
5,4,3,7,8,9,10,12,88,13,15,16,17,18,19,20,21
5,4,3,7,8,9,10,12,88,13,15,16,17,18,19,20,21
5,4,3,7,8,9,10,12,88,13,15,16,17,18,19,20,21
5,4,3,7,8,9,10,12,88,13,15,16,17,18,19,20,21
5,4,3,7,8,9,10,12,88,13,15,16,17,18,19,20,21
5,4,3,7,8,9,10,12,88,13,15,16,17,18,19,20,21
5,4,3,7,8,9,10,12,88,13,15,16,17,18,19,20,21
5,4,3,7,8,9,10,12,88,13,15,16,17,18,19,20,21
5,4,3,7,8,9,10,12,88,13,15,16,17,18,19,20,21
5,4,3,7,8,9,10,12,88,13,15,16,17,18,19,20,21
5,4,3,7,8,9,10,12,88,13,15,16,17,18,19,20,21
5,4,3,7,8,9,10,12,88,13,15,16,17,18,19,20,21
5,4,3,7,8,9,10,12,88,13,15,16,17,18,19,20,21
5,4,3,7,8,9,10,12,88,13,15,16,17,18,19,20,21
5,4,3,7,8,9,10,12,88,13,15,16,17,18,19,20,21
5,4,3,7,8,9,10,12,88,13,15,16,17,18,19,20,21
5,4,3,7,8,9,10,12,88,13,15,16,17,18,19,20,21
5,4,3,7,8,9,10,12,88,13,15,16,17,18,19,20,21
5,4,3,7,8,9,10,12,88,13,15,16,17,18,19,20,21
5,4,3,7,8,9,10,12,88,13,15,16,17,18,19,20,21
5,4,3,7,8,9,10,12,88,13,15,16,17,18,19,20,21
5,4,3,7,8,9,10,12,88,13,15,16,17,18,19,20,21
5,4,3,7,8,9,10,12,88,13,15,16,17,18,19,20,21
5,4,3,7,8,9,10,12,88,13,15,16,17,18,19,20,21
5,4,3,7,8,9,10,12,88,13,15,16,17,18,19,20,21
5,4,3,7,8,9,10,12,88,13,15,16,17,18,19,20,21
5,4,3,7,8,9,10,12,88,13,15,16,17,18,19,20,21
5,4,3,7,8,9,10,12,88,13,15,16,17,18,19,20,21
5,4,3,7,8,9,10,12,88,13,15,16,17,18,19,20,21
5,4,3,7,8,9,10,12,88,13,15,16,17,18,19,20,21
5,4,3,7,8,9,10,12,88,13,15,16,17,18,19,20,21
5,4,3,7,8,9,10,12,88,13,15,16,17,18,19,20,21
5,4,3,7,8,9,10,12,88,13,15,16,17,18,19,20,21
5,4,3,7,8,9,10,12,88,13,15,16,17,18,19,20,21
5,4,3,7,8,9,10,12,88,13,15,16,17,18,19,20,21
5,4,3,7,8,9,10,12,88,13,15,16,17,18,19,20,21
5,4,3,7,8,9,10,12,88,13,15,16,17,18,19,20,21
5,4,3,7,8,9,10,12,88,13,15,16,17,18,19,20,21
5,4,3,7,8,9,10,12,88,13,15,16,17,18,19,20,21
5,4,3,7,8,9,10,12,88,13,15,16,17,18,19,20,21
5,4,3,7,8,9,10,12,88,13,15,16,17,18,19,20,21
5,4,3,7,8,9,10,12,88,13,15,16,17,18,19,20,21
5,4,3,7,8,9,10,12,88,13,15,16,17,18,19,20,21
5,4,3,7,8,9,10,12,88,13,15,16,17,18,19,20,21
5,4,3,7,8,9,10,12,88,13,15,16,17,18,19,20,21
5,4,3,7,8,9,10,12,88,13,15,16,17,18,19,20,21
5,4,3,7,8,9,10,12,88,13,15,16,17,18,19,20,21
5,4,3,7,8,9,10,12,88,13,15,16,17,18,19,20,21
5,4,3,7,8,9,10,12,88,13,15,16,17,18,19,20,21
5,4,3,7,8,9,10,12,88,13,15,16,17,18,19,20,21
5,4,3,7,8,9,10,12,88,13,15,16,17,18,19,20,21
5,4,3,7,8,9,10,12,88,13,15,16,17,18,19,20,21
5,4,3,7,8,9,10,12,88,13,15,16,17,18,19,20,21
5,4,3,7,8,9,10,12,88,13,15,16,17,18,19,20,21
5,4,3,7,8,9,10,12,88,13,15,16,17,18,19,20,21
5,4,3,7,8,9,10,12,88,13,15,16,17,18,19,20,21
5,4,3,7,8,9,10,12,88,13,15,16,17,18,19,20,21
5,4,3,7,8,9,10,12,88,13,15,16,17,18,19,20,21
5,4,3,7,8,9,10,12,88,13,15,16,17,18,19,20,21
5,4,3,7,8,9,10,12,88,13,15,16,17,18,19,20,21
5,4,3,7,8,9,10,12,88,13,15,16,17,18,19,20,21
5,4,3,7,8,9,10,12,88,13,15,16,17,18,19,20,21
5,4,3,7,8,9,10,12,88,13,15,16,17,18,19,20,21
5,4,3,7,8,9,10,12,88,13,15,16,17,18,19,20,21
5,4,3,7,8,9,10,12,88,13,15,16,17,18,19,20,21
5,4,3,7,8,9,10,12,88,13,15,16,17,18,19,20,21
5,4,3,7,8,9,10,12,88,13,15,16,17,18,19,20,21
5,4,3,7,8,9,10,12,88,13,15,16,17,18,19,20,21
5,4,3,7,8,9,10,12,88,13,15,16,17,18,19,20,21
5,4,3,7,8,9,10,12,88,13,15,16,17,18,19,20,21
5,4,3,7,8,9,10,12,88,13,15,16,17,18,19,20,21
5,4,3,7,8,9,10,12,88,13,15,16,17,18,19,20,21
5,4,3,7,8,9,10,12,88,13,15,16,17,18,19,20,21
5,4,3,7,8,9,10,12,88,13,15,16,17,18,19,20,21
5,4,3,7,8,9,10,12,88,13,15,16,17,18,19,20,21
5,4,3,7,8,9,10,12,88,13,15,16,17,18,19,20,21
5,4,3,7,8,9,10,12,88,13,15,16,17,18,19,20,21
5,4,3,7,8,9,10,12,88,13,15,16,17,18,19,20,21
5,4,3,7,8,9,10,12,88,13,15,16,17,18,19,20,21
5,4,3,7,8,9,10,12,88,13,15,16,17,18,19,20,21
5,4,3,7,8,9,10,12,88,13,15,16,17,18,19,20,21
5,4,3,7,8,9,10,12,88,13,15,16,17,18,19,20,21
5,4,3,7,8,9,10,12,88,13,15,16,17,18,19,20,21
5,4,3,7,8,9,10,12,88,13,15,16,17,18,19,20,21
5,4,3,7,8,9,10,12,88,13,15,16,17,18,19,20,21
5,4,3,7,8,9,10,12,88,13,15,16,17,18,19,20,21
5,4,3,7,8,9,10,12,88,13,15,16,17,18,19,20,21
5,4,3,7,8,9,10,12,88,13,15,16,17,18,19,20,21
5,4,3,7,8,9,10,12,88,13,15,16,17,18,19,20,21
5,4,3,7,8,9,10,12,88,13,15,16,17,18,19,20,21
5,4,3,7,8,9,10,12,88,13,15,16,17,18,19,20,21
5,4,3,7,8,9,10,12,88,13,15,16,17,18,19,20,21
5,4,3,7,8,9,10,12,88,13,15,16,17,18,19,20,21
5,4,3,7,8,9,10,12,88,13,15,16,17,18,19,20,21
5,4,3,7,8,9,10,12,88,13,15,16,17,18,19,20,21
5,4,3,7,8,9,10,12,88,13,15,16,17,18,19,20,21
5,4,3,7,8,9,10,12,88,13,15,16,17,18,19,20,21
5,4,3,7,8,9,10,12,88,13,15,16,17,18,19,20,21
5,4,3,7,8,9,10,12,88,13,15,16,17,18,19,20,21
5,4,3,7,8,9,10,12,88,13,15,16,17,18,19,20,21
5,4,3,7,8,9,10,12,88,13,15,16,17,18,19,20,21
5,4,3,7,8,9,10,12,88,13,15,16,17,18,19,20,21
5,4,3,7,8,9,10,12,88,13,15,16,17,18,19,20,21
5,4,3,7,8,9,10,12,88,13,15,16,17,18,19,20,21
5,4,3,7,8,9,10,12,88,13,15,16,17,18,19,20,21
5,4,3,7,8,9,10,12,88,13,15,16,17,18,19,20,21
5,4,3,7,8,9,10,12,88,13,15,16,17,18,19,20,21
5,4,3,7,8,9,10,12,88,13,15,16,17,18,19,20,21
5,4,3,7,8,9,10,12,88,13,15,16,17,18,19,20,21
5,4,3,7,8,9,10,12,88,13,15,16,17,18,19,20,21
5,4,3,7,8,9,10,12,88,13,15,16,17,18,19,20,21
5,4,3,7,8,9,10,12,88,13,15,16,17,18,19,20,21
5,4,3,7,8,9,10,12,88,13,15,16,17,18,19,20,21
5,4,3,7,8,9,10,12,88,13,15,16,17,18,19,20,21
5,4,3,7,8,9,10,12,88,13,15,16,17,18,19,20,21
5,4,3,7,8,9,10,12,88,13,15,16,17,18,19,20,21
5,4,3,7,8,9,10,12,88,13,15,16,17,18,19,20,21
5,4,3,7,8,9,10,12,88,13,15,16,17,18,19,20,21
5,4,3,7,8,9,10,12,88,13,15,16,17,18,19,20,21
5,4,3,7,8,9,10,12,88,13,15,16,17,18,19,20,21
5,4,3,7,8,9,10,12,88,13,15,16,17,18,19,20,21
5,4,3,7,8,9,10,12,88,13,15,16,17,18,19,20,21
5,4,3,7,8,9,10,12,88,13,15,16,17,18,19,20,21
5,4,3,7,8,9,10,12,88,13,15,16,17,18,19,20,21
5,4,3,7,8,9,10,12,88,13,15,16,17,18,19,20,21
5,4,3,7,8,9,10,12,88,13,15,16,17,18,19,20,21
5,4,3,7,8,9,10,12,88,13,15,16,17,18,19,20,21
5,4,3,7,8,9,10,12,88,13,15,16,17,18,19,20,21
5,4,3,7,8,9,10,12,88,13,15,16,17,18,19,20,21
5,4,3,7,8,9,10,12,88,13,15,16,17,18,19,20,21
5,4,3,7,8,9,10,12,88,13,15,16,17,18,19,20,21
5,4,3,7,8,9,10,12,88,13,15,16,17,18,19,20,21
5,4,3,7,8,9,10,12,88,13,15,16,17,18,19,20,21
5,4,3,7,8,9,10,12,88,13,15,16,17,18,19,20,21
5,4,3,7,8,9,10,12,88,13,15,16,17,18,19,20,21
5,4,3,7,8,9,10,12,88,13,15,16,17,18,19,20,21
5,4,3,7,8,9,10,12,88,13,15,16,17,18,19,20,21
5,4,3,7,8,9,10,12,88,13,15,16,17,18,19,20,21
5,4,3,7,8,9,10,12,88,13,15,16,17,18,19,20,21
5,4,3,7,8,9,10,12,88,13,15,16,17,18,19,20,21
5,4,3,7,8,9,10,12,88,13,15,16,17,18,19,20,21
5,4,3,7,8,9,10,12,88,13,15,16,17,18,19,20,21
5,4,3,7,8,9,10,12,88,13,15,16,17,18,19,20,21
5,4,3,7,8,9,10,12,88,13,15,16,17,18,19,20,21
5,4,3,7,8,9,10,12,88,13,15,16,17,18,19,20,21
5,4,3,7,8,9,10,12,88,13,15,16,17,18,19,20,21
5,4,3,7,8,9,10,12,88,13,15,16,17,18,19,20,21
5,4,3,7,8,9,10,12,88,13,15,16,17,18,19,20,21
5,4,3,7,8,9,10,12,88,13,15,16,17,18,19,20,21
5,4,3,7,8,9,10,12,88,13,15,16,17,18,19,20,21
5,4,3,7,8,9,10,12,88,13,15,16,17,18,19,20,21
5,4,3,7,8,9,10,12,88,13,15,16,17,18,19,20,21
5,4,3,7,8,9,10,12,88,13,15,16,17,18,19,20,21
5,4,3,7,8,9,10,12,88,13,15,16,17,18,19,20,21
5,4,3,7,8,9,10,12,88,13,15,16,17,18,19,20,21
5,4,3,7,8,9,10,12,88,13,15,16,17,18,19,20,21
5,4,3,7,8,9,10,12,88,13,15,16,17,18,19,20,21
5,4,3,7,8,9,10,12,88,13,15,16,17,18,19,20,21
5,4,3,7,8,9,10,12,88,13,15,16,17,18,19,20,21
5,4,3,7,8,9,10,12,88,13,15,16,17,18,19,20,21
5,4,3,7,8,9,10,12,88,13,15,16,17,18,19,20,21
5,4,3,7,8,9,10,12,88,13,15,16,17,18,19,20,21
5,4,3,7,8,9,10,12,88,13,15,16,17,18,19,20,21
5,4,3,7,8,9,10,12,88,13,15,16,17,18,19,20,21
5,4,3,7,8,9,10,12,88,13,15,16,17,18,19,20,21
5,4,3,7,8,9,10,12,88,13,15,16,17,18,19,20,21
5,4,3,7,8,9,10,12,88,13,15,16,17,18,19,20,21
5,4,3,7,8,9,10,12,88,13,15,16,17,18,19,20,21
5,4,3,7,8,9,10,12,88,13,15,16,17,18,19,20,21
5,4,3,7,8,9,10,12,88,13,15,16,17,18,19,20,21
5,4,3,7,8,9,10,12,88,13,15,16,17,18,19,20,21
5,4,3,7,8,9,10,12,88,13,15,16,17,18,19,20,21
5,4,3,7,8,9,10,12,88,13,15,16,17,18,19,20,21
5,4,3,7,8,9,10,12,88,13,15,16,17,18,19,20,21
5,4,3,7,8,9,10,12,88,13,15,16,17,18,19,20,21
5,4,3,7,8,9,10,12,88,13,15,16,17,18,19,20,21
5,4,3,7,8,9,10,12,88,13,15,16,17,18,19,20,21
5,4,3,7,8,9,10,12,88,13,15,16,17,18,19,20,21
5,4,3,7,8,9,10,12,88,13,15,16,17,18,19,20,21
5,4,3,7,8,9,10,12,88,13,15,16,17,18,19,20,21
5,4,3,7,8,9,10,12,88,13,15,16,17,18,19,20,21
5,4,3,7,8,9,10,12,88,13,15,16,17,18,19,20,21
5,4,3,7,8,9,10,12,88,13,15,16,17,18,19,20,21
5,4,3,7,8,9,10,12,88,13,15,16,17,18,19,20,21
5,4,3,7,8,9,10,12,88,13,15,16,17,18,19,20,21
5,4,3,7,8,9,10,12,88,13,15,16,17,18,19,20,21
5,4,3,7,8,9,10,12,88,13,15,16,17,18,19,20,21
5,4,3,7,8,9,10,12,88,13,15,16,17,18,19,20,21
5,4,3,7,8,9,10,12,88,13,15,16,17,18,19,20,21
5,4,3,7,8,9,10,12,88,13,15,16,17,18,19,20,21
5,4,3,7,8,9,10,12,88,13,15,16,17,18,19,20,21
5,4,3,7,8,9,10,12,88,13,15,16,17,18,19,20,21
5,4,3,7,8,9,10,12,88,13,15,16,17,18,19,20,21
5,4,3,7,8,9,10,12,88,13,15,16,17,18,19,20,21
5,4,3,7,8,9,10,12,88,13,15,16,17,18,19,20,21
5,4,3,7,8,9,10,12,88,13,15,16,17,18,19,20,21
5,4,3,7,8,9,10,12,88,13,15,16,17,18,19,20,21
5,4,3,7,8,9,10,12,88,13,15,16,17,18,19,20,21
5,4,3,7,8,9,10,12,88,13,15,16,17,18,19,20,21
5,4,3,7,8,9,10,12,88,13,15,16,17,18,19,20,21
5,4,3,7,8,9,10,12,88,13,15,16,17,18,19,20,21
5,4,3,7,8,9,10,12,88,13,15,16,17,18,19,20,21
5,4,3,7,8,9,10,12,88,13,15,16,17,18,19,20,21
5,4,3,7,8,9,10,12,88,13,15,16,17,18,19,20,21
5,4,3,7,8,9,10,12,88,13,15,16,17,18,19,20,21
5,4,3,7,8,9,10,12,88,13,15,16,17,18,19,20,21
5,4,3,7,8,9,10,12,88,13,15,16,17,18,19,20,21
5,4,3,7,8,9,10,12,88,13,15,16,17,18,19,20,21
5,4,3,7,8,9,10,12,88,13,15,16,17,18,19,20,21
5,4,3,7,8,9,10,12,88,13,15,16,17,18,19,20,21
5,4,3,7,8,9,10,12,88,13,15,16,17,18,19,20,21
5,4,3,7,8,9,10,12,88,13,15,16,17,18,19,20,21
5,4,3,7,8,9,10,12,88,13,15,16,17,18,19,20,21
5,4,3,7,8,9,10,12,88,13,15,16,17,18,19,20,21
5,4,3,7,8,9,10,12,88,13,15,16,17,18,19,20,21
5,4,3,7,8,9,10,12,88,13,15,16,17,18,19,20,21
5,4,3,7,8,9,10,12,88,13,15,16,17,18,19,20,21
5,4,3,7,8,9,10,12,88,13,15,16,17,18,19,20,21
5,4,3,7,8,9,10,12,88,13,15,16,17,18,19,20,21
5,4,3,7,8,9,10,12,88,13,15,16,17,18,19,20,21
5,4,3,7,8,9,10,12,88,13,15,16,17,18,19,20,21
5,4,3,7,8,9,10,12,88,13,15,16,17,18,19,20,21
5,4,3,7,8,9,10,12,88,13,15,16,17,18,19,20,21
5,4,3,7,8,9,10,12,88,13,15,16,17,18,19,20,21
5,4,3,7,8,9,10,12,88,13,15,16,17,18,19,20,21
5,4,3,7,8,9,10,12,88,13,15,16,17,18,19,20,21
5,4,3,7,8,9,10,12,88,13,15,16,17,18,19,20,21
5,4,3,7,8,9,10,12,88,13,15,16,17,18,19,20,21
5,4,3,7,8,9,10,12,88,13,15,16,17,18,19,20,21
5,4,3,7,8,9,10,12,88,13,15,16,17,18,19,20,21
5,4,3,7,8,9,10,12,88,13,15,16,17,18,19,20,21
5,4,3,7,8,9,10,12,88,13,15,16,17,18,19,20,21
5,4,3,7,8,9,10,12,88,13,15,16,17,18,19,20,21
5,4,3,7,8,9,10,12,88,13,15,16,17,18,19,20,21
5,4,3,7,8,9,10,12,88,13,15,16,17,18,19,20,21
5,4,3,7,8,9,10,12,88,13,15,16,17,18,19,20,21
5,4,3,7,8,9,10,12,88,13,15,16,17,18,19,20,21
5,4,3,7,8,9,10,12,88,13,15,16,17,18,19,20,21
5,4,3,7,8,9,10,12,88,13,15,16,17,18,19,20,21
5,4,3,7,8,9,10,12,88,13,15,16,17,18,19,20,21
5,4,3,7,8,9,10,12,88,13,15,16,17,18,19,20,21
5,4,3,7,8,9,10,12,88,13,15,16,17,18,19,20,21
5,4,3,7,8,9,10,12,88,13,15,16,17,18,19,20,21
5,4,3,7,8,9,10,12,88,13,15,16,17,18,19,20,21
5,4,3,7,8,9,10,12,88,13,15,16,17,18,19,20,21
5,4,3,7,8,9,10,12,88,13,15,16,17,18,19,20,21
5,4,3,7,8,9,10,12,88,13,15,16,17,18,19,20,21
5,4,3,7,8,9,10,12,88,13,15,16,17,18,19,20,21
5,4,3,7,8,9,10,12,88,13,15,16,17,18,19,20,21
5,4,3,7,8,9,10,12,88,13,15,16,17,18,19,20,21
5,4,3,7,8,9,10,12,88,13,15,16,17,18,19,20,21
5,4,3,7,8,9,10,12,88,13,15,16,17,18,19,20,21
5,4,3,7,8,9,10,12,88,13,15,16,17,18,19,20,21
5,4,3,7,8,9,10,12,88,13,15,16,17,18,19,20,21
5,4,3,7,8,9,10,12,88,13,15,16,17,18,19,20,21
5,4,3,7,8,9,10,12,88,13,15,16,17,18,19,20,21
5,4,3,7,8,9,10,12,88,13,15,16,17,18,19,20,21
5,4,3,7,8,9,10,12,88,13,15,16,17,18,19,20,21
5,4,3,7,8,9,10,12,88,13,15,16,17,18,19,20,21
5,4,3,7,8,9,10,12,88,13,15,16,17,18,19,20,21
5,4,3,7,8,9,10,12,88,13,15,16,17,18,19,20,21
5,4,3,7,8,9,10,12,88,13,15,16,17,18,19,20,21
5,4,3,7,8,9,10,12,88,13,15,16,17,18,19,20,21
5,4,3,7,8,9,10,12,88,13,15,16,17,18,19,20,21
5,4,3,7,8,9,10,12,88,13,15,16,17,18,19,20,21
5,4,3,7,8,9,10,12,88,13,15,16,17,18,19,20,21
5,4,3,7,8,9,10,12,88,13,15,16,17,18,19,20,21
5,4,3,7,8,9,10,12,88,13,15,16,17,18,19,20,21
5,4,3,7,8,9,10,12,88,13,15,16,17,18,19,20,21
5,4,3,7,8,9,10,12,88,13,15,16,17,18,19,20,21
5,4,3,7,8,9,10,12,88,13,15,16,17,18,19,20,21
5,4,3,7,8,9,10,12,88,13,15,16,17,18,19,20,21
5,4,3,7,8,9,10,12,88,13,15,16,17,18,19,20,21
5,4,3,7,8,9,10,12,88,13,15,16,17,18,19,20,21
5,4,3,7,8,9,10,12,88,13,15,16,17,18,19,20,21
5,4,3,7,8,9,10,12,88,13,15,16,17,18,19,20,21
5,4,3,7,8,9,10,12,88,13,15,16,17,18,19,20,21
5,4,3,7,8,9,10,12,88,13,15,16,17,18,19,20,21
5,4,3,7,8,9,10,12,88,13,15,16,17,18,19,20,21
5,4,3,7,8,9,10,12,88,13,15,16,17,18,19,20,21
5,4,3,7,8,9,10,12,88,13,15,16,17,18,19,20,21
5,4,3,7,8,9,10,12,88,13,15,16,17,18,19,20,21
5,4,3,7,8,9,10,12,88,13,15,16,17,18,19,20,21
5,4,3,7,8,9,10,12,88,13,15,16,17,18,19,20,21
5,4,3,7,8,9,10,12,88,13,15,16,17,18,19,20,21
5,4,3,7,8,9,10,12,88,13,15,16,17,18,19,20,21
5,4,3,7,8,9,10,12,88,13,15,16,17,18,19,20,21
5,4,3,7,8,9,10,12,88,13,15,16,17,18,19,20,21
5,4,3,7,8,9,10,12,88,13,15,16,17,18,19,20,21
5,4,3,7,8,9,10,12,88,13,15,16,17,18,19,20,21
5,4,3,7,8,9,10,12,88,13,15,16,17,18,19,20,21
5,4,3,7,8,9,10,12,88,13,15,16,17,18,19,20,21
5,4,3,7,8,9,10,12,88,13,15,16,17,18,19,20,21
5,4,3,7,8,9,10,12,88,13,15,16,17,18,19,20,21
5,4,3,7,8,9,10,12,88,13,15,16,17,18,19,20,21
5,4,3,7,8,9,10,12,88,13,15,16,17,18,19,20,21
5,4,3,7,8,9,10,12,88,13,15,16,17,18,19,20,21
5,4,3,7,8,9,10,12,88,13,15,16,17,18,19,20,21
5,4,3,7,8,9,10,12,88,13,15,16,17,18,19,20,21
5,4,3,7,8,9,10,12,88,13,15,16,17,18,19,20,21
5,4,3,7,8,9,10,12,88,13,15,16,17,18,19,20,21
5,4,3,7,8,9,10,12,88,13,15,16,17,18,19,20,21
5,4,3,7,8,9,10,12,88,13,15,16,17,18,19,20,21
5,4,3,7,8,9,10,12,88,13,15,16,17,18,19,20,21
5,4,3,7,8,9,10,12,88,13,15,16,17,18,19,20,21
5,4,3,7,8,9,10,12,88,13,15,16,17,18,19,20,21
5,4,3,7,8,9,10,12,88,13,15,16,17,18,19,20,21
5,4,3,7,8,9,10,12,88,13,15,16,17,18,19,20,21
5,4,3,7,8,9,10,12,88,13,15,16,17,18,19,20,21
5,4,3,7,8,9,10,12,88,13,15,16,17,18,19,20,21
5,4,3,7,8,9,10,12,88,13,15,16,17,18,19,20,21
5,4,3,7,8,9,10,12,88,13,15,16,17,18,19,20,21
5,4,3,7,8,9,10,12,88,13,15,16,17,18,19,20,21
5,4,3,7,8,9,10,12,88,13,15,16,17,18,19,20,21
5,4,3,7,8,9,10,12,88,13,15,16,17,18,19,20,21
5,4,3,7,8,9,10,12,88,13,15,16,17,18,19,20,21
5,4,3,7,8,9,10,12,88,13,15,16,17,18,19,20,21
5,4,3,7,8,9,10,12,88,13,15,16,17,18,19,20,21
5,4,3,7,8,9,10,12,88,13,15,16,17,18,19,20,21
5,4,3,7,8,9,10,12,88,13,15,16,17,18,19,20,21
5,4,3,7,8,9,10,12,88,13,15,16,17,18,19,20,21
5,4,3,7,8,9,10,12,88,13,15,16,17,18,19,20,21
5,4,3,7,8,9,10,12,88,13,15,16,17,18,19,20,21
5,4,3,7,8,9,10,12,88,13,15,16,17,18,19,20,21
5,4,3,7,8,9,10,12,88,13,15,16,17,18,19,20,21
5,4,3,7,8,9,10,12,88,13,15,16,17,18,19,20,21
5,4,3,7,8,9,10,12,88,13,15,16,17,18,19,20,21
5,4,3,7,8,9,10,12,88,13,15,16,17,18,19,20,21
5,4,3,7,8,9,10,12,88,13,15,16,17,18,19,20,21
5,4,3,7,8,9,10,12,88,13,15,16,17,18,19,20,21
5,4,3,7,8,9,10,12,88,13,15,16,17,18,19,20,21
5,4,3,7,8,9,10,12,88,13,15,16,17,18,19,20,21
5,4,3,7,8,9,10,12,88,13,15,16,17,18,19,20,21
5,4,3,7,8,9,10,12,88,13,15,16,17,18,19,20,21
5,4,3,7,8,9,10,12,88,13,15,16,17,18,19,20,21
5,4,3,7,8,9,10,12,88,13,15,16,17,18,19,20,21
5,4,3,7,8,9,10,12,88,13,15,16,17,18,19,20,21
5,4,3,7,8,9,10,12,88,13,15,16,17,18,19,20,21
5,4,3,7,8,9,10,12,88,13,15,16,17,18,19,20,21
5,4,3,7,8,9,10,12,88,13,15,16,17,18,19,20,21
5,4,3,7,8,9,10,12,88,13,15,16,17,18,19,20,21
5,4,3,7,8,9,10,12,88,13,15,16,17,18,19,20,21
5,4,3,7,8,9,10,12,88,13,15,16,17,18,19,20,21
5,4,3,7,8,9,10,12,88,13,15,16,17,18,19,20,21
5,4,3,7,8,9,10,12,88,13,15,16,17,18,19,20,21
5,4,3,7,8,9,10,12,88,13,15,16,17,18,19,20,21
5,4,3,7,8,9,10,12,88,13,15,16,17,18,19,20,21
5,4,3,7,8,9,10,12,88,13,15,16,17,18,19,20,21
5,4,3,7,8,9,10,12,88,13,15,16,17,18,19,20,21
5,4,3,7,8,9,10,12,88,13,15,16,17,18,19,20,21
5,4,3,7,8,9,10,12,88,13,15,16,17,18,19,20,21
5,4,3,7,8,9,10,12,88,13,15,16,17,18,19,20,21
5,4,3,7,8,9,10,12,88,13,15,16,17,18,19,20,21
5,4,3,7,8,9,10,12,88,13,15,16,17,18,19,20,21
5,4,3,7,8,9,10,12,88,13,15,16,17,18,19,20,21
5,4,3,7,8,9,10,12,88,13,15,16,17,18,19,20,21
5,4,3,7,8,9,10,12,88,13,15,16,17,18,19,20,21
5,4,3,7,8,9,10,12,88,13,15,16,17,18,19,20,21
5,4,3,7,8,9,10,12,88,13,15,16,17,18,19,20,21
5,4,3,7,8,9,10,12,88,13,15,16,17,18,19,20,21
5,4,3,7,8,9,10,12,88,13,15,16,17,18,19,20,21
5,4,3,7,8,9,10,12,88,13,15,16,17,18,19,20,21
5,4,3,7,8,9,10,12,88,13,15,16,17,18,19,20,21
5,4,3,7,8,9,10,12,88,13,15,16,17,18,19,20,21
5,4,3,7,8,9,10,12,88,13,15,16,17,18,19,20,21
5,4,3,7,8,9,10,12,88,13,15,16,17,18,19,20,21
5,4,3,7,8,9,10,12,88,13,15,16,17,18,19,20,21
5,4,3,7,8,9,10,12,88,13,15,16,17,18,19,20,21
5,4,3,7,8,9,10,12,88,13,15,16,17,18,19,20,21
5,4,3,7,8,9,10,12,88,13,15,16,17,18,19,20,21
5,4,3,7,8,9,10,12,88,13,15,16,17,18,19,20,21
5,4,3,7,8,9,10,12,88,13,15,16,17,18,19,20,21
5,4,3,7,8,9,10,12,88,13,15,16,17,18,19,20,21
5,4,3,7,8,9,10,12,88,13,15,16,17,18,19,20,21
5,4,3,7,8,9,10,12,88,13,15,16,17,18,19,20,21
5,4,3,7,8,9,10,12,88,13,15,16,17,18,19,20,21
5,4,3,7,8,9,10,12,88,13,15,16,17,18,19,20,21
5,4,3,7,8,9,10,12,88,13,15,16,17,18,19,20,21
5,4,3,7,8,9,10,12,88,13,15,16,17,18,19,20,21
5,4,3,7,8,9,10,12,88,13,15,16,17,18,19,20,21
5,4,3,7,8,9,10,12,88,13,15,16,17,18,19,20,21
5,4,3,7,8,9,10,12,88,13,15,16,17,18,19,20,21
5,4,3,7,8,9,10,12,88,13,15,16,17,18,19,20,21
5,4,3,7,8,9,10,12,88,13,15,16,17,18,19,20,21
5,4,3,7,8,9,10,12,88,13,15,16,17,18,19,20,21
5,4,3,7,8,9,10,12,88,13,15,16,17,18,19,20,21
5,4,3,7,8,9,10,12,88,13,15,16,17,18,19,20,21
5,4,3,7,8,9,10,12,88,13,15,16,17,18,19,20,21
5,4,3,7,8,9,10,12,88,13,15,16,17,18,19,20,21
5,4,3,7,8,9,10,12,88,13,15,16,17,18,19,20,21
5,4,3,7,8,9,10,12,88,13,15,16,17,18,19,20,21
5,4,3,7,8,9,10,12,88,13,15,16,17,18,19,20,21
5,4,3,7,8,9,10,12,88,13,15,16,17,18,19,20,21
5,4,3,7,8,9,10,12,88,13,15,16,17,18,19,20,21
5,4,3,7,8,9,10,12,88,13,15,16,17,18,19,20,21
5,4,3,7,8,9,10,12,88,13,15,16,17,18,19,20,21
5,4,3,7,8,9,10,12,88,13,15,16,17,18,19,20,21
5,4,3,7,8,9,10,12,88,13,15,16,17,18,19,20,21
5,4,3,7,8,9,10,12,88,13,15,16,17,18,19,20,21
5,4,3,7,8,9,10,12,88,13,15,16,17,18,19,20,21
5,4,3,7,8,9,10,12,88,13,15,16,17,18,19,20,21
5,4,3,7,8,9,10,12,88,13,15,16,17,18,19,20,21
5,4,3,7,8,9,10,12,88,13,15,16,17,18,19,20,21
5,4,3,7,8,9,10,12,88,13,15,16,17,18,19,20,21
5,4,3,7,8,9,10,12,88,13,15,16,17,18,19,20,21
5,4,3,7,8,9,10,12,88,13,15,16,17,18,19,20,21
5,4,3,7,8,9,10,12,88,13,15,16,17,18,19,20,21
5,4,3,7,8,9,10,12,88,13,15,16,17,18,19,20,21
5,4,3,7,8,9,10,12,88,13,15,16,17,18,19,20,21
5,4,3,7,8,9,10,12,88,13,15,16,17,18,19,20,21
5,4,3,7,8,9,10,12,88,13,15,16,17,18,19,20,21
5,4,3,7,8,9,10,12,88,13,15,16,17,18,19,20,21
5,4,3,7,8,9,10,12,88,13,15,16,17,18,19,20,21
5,4,3,7,8,9,10,12,88,13,15,16,17,18,19,20,21
5,4,3,7,8,9,10,12,88,13,15,16,17,18,19,20,21
5,4,3,7,8,9,10,12,88,13,15,16,17,18,19,20,21
5,4,3,7,8,9,10,12,88,13,15,16,17,18,19,20,21
5,4,3,7,8,9,10,12,88,13,15,16,17,18,19,20,21
5,4,3,7,8,9,10,12,88,13,15,16,17,18,19,20,21
5,4,3,7,8,9,10,12,88,13,15,16,17,18,19,20,21
5,4,3,7,8,9,10,12,88,13,15,16,17,18,19,20,21
5,4,3,7,8,9,10,12,88,13,15,16,17,18,19,20,21
5,4,3,7,8,9,10,12,88,13,15,16,17,18,19,20,21
5,4,3,7,8,9,10,12,88,13,15,16,17,18,19,20,21
5,4,3,7,8,9,10,12,88,13,15,16,17,18,19,20,21
5,4,3,7,8,9,10,12,88,13,15,16,17,18,19,20,21
5,4,3,7,8,9,10,12,88,13,15,16,17,18,19,20,21
5,4,3,7,8,9,10,12,88,13,15,16,17,18,19,20,21
5,4,3,7,8,9,10,12,88,13,15,16,17,18,19,20,21
5,4,3,7,8,9,10,12,88,13,15,16,17,18,19,20,21
5,4,3,7,8,9,10,12,88,13,15,16,17,18,19,20,21
5,4,3,7,8,9,10,12,88,13,15,16,17,18,19,20,21
5,4,3,7,8,9,10,12,88,13,15,16,17,18,19,20,21
5,4,3,7,8,9,10,12,88,13,15,16,17,18,19,20,21
5,4,3,7,8,9,10,12,88,13,15,16,17,18,19,20,21
5,4,3,7,8,9,10,12,88,13,15,16,17,18,19,20,21
5,4,3,7,8,9,10,12,88,13,15,16,17,18,19,20,21
5,4,3,7,8,9,10,12,88,13,15,16,17,18,19,20,21
5,4,3,7,8,9,10,12,88,13,15,16,17,18,19,20,21
5,4,3,7,8,9,10,12,88,13,15,16,17,18,19,20,21
5,4,3,7,8,9,10,12,88,13,15,16,17,18,19,20,21
5,4,3,7,8,9,10,12,88,13,15,16,17,18,19,20,21
5,4,3,7,8,9,10,12,88,13,15,16,17,18,19,20,21
5,4,3,7,8,9,10,12,88,13,15,16,17,18,19,20,21
5,4,3,7,8,9,10,12,88,13,15,16,17,18,19,20,21
5,4,3,7,8,9,10,12,88,13,15,16,17,18,19,20,21
5,4,3,7,8,9,10,12,88,13,15,16,17,18,19,20,21
5,4,3,7,8,9,10,12,88,13,15,16,17,18,19,20,21
5,4,3,7,8,9,10,12,88,13,15,16,17,18,19,20,21
5,4,3,7,8,9,10,12,88,13,15,16,17,18,19,20,21
5,4,3,7,8,9,10,12,88,13,15,16,17,18,19,20,21
5,4,3,7,8,9,10,12,88,13,15,16,17,18,19,20,21
5,4,3,7,8,9,10,12,88,13,15,16,17,18,19,20,21
5,4,3,7,8,9,10,12,88,13,15,16,17,18,19,20,21
5,4,3,7,8,9,10,12,88,13,15,16,17,18,19,20,21
5,4,3,7,8,9,10,12,88,13,15,16,17,18,19,20,21
5,4,3,7,8,9,10,12,88,13,15,16,17,18,19,20,21
5,4,3,7,8,9,10,12,88,13,15,16,17,18,19,20,21
5,4,3,7,8,9,10,12,88,13,15,16,17,18,19,20,21
5,4,3,7,8,9,10,12,88,13,15,16,17,18,19,20,21
5,4,3,7,8,9,10,12,88,13,15,16,17,18,19,20,21
5,4,3,7,8,9,10,12,88,13,15,16,17,18,19,20,21
5,4,3,7,8,9,10,12,88,13,15,16,17,18,19,20,21
5,4,3,7,8,9,10,12,88,13,15,16,17,18,19,20,21
5,4,3,7,8,9,10,12,88,13,15,16,17,18,19,20,21
5,4,3,7,8,9,10,12,88,13,15,16,17,18,19,20,21
5,4,3,7,8,9,10,12,88,13,15,16,17,18,19,20,21
5,4,3,7,8,9,10,12,88,13,15,16,17,18,19,20,21
5,4,3,7,8,9,10,12,88,13,15,16,17,18,19,20,21
5,4,3,7,8,9,10,12,88,13,15,16,17,18,19,20,21
5,4,3,7,8,9,10,12,88,13,15,16,17,18,19,20,21
5,4,3,7,8,9,10,12,88,13,15,16,17,18,19,20,21
5,4,3,7,8,9,10,12,88,13,15,16,17,18,19,20,21
5,4,3,7,8,9,10,12,88,13,15,16,17,18,19,20,21
5,4,3,7,8,9,10,12,88,13,15,16,17,18,19,20,21
5,4,3,7,8,9,10,12,88,13,15,16,17,18,19,20,21
5,4,3,7,8,9,10,12,88,13,15,16,17,18,19,20,21
5,4,3,7,8,9,10,12,88,13,15,16,17,18,19,20,21
5,4,3,7,8,9,10,12,88,13,15,16,17,18,19,20,21
5,4,3,7,8,9,10,12,88,13,15,16,17,18,19,20,21
5,4,3,7,8,9,10,12,88,13,15,16,17,18,19,20,21
5,4,3,7,8,9,10,12,88,13,15,16,17,18,19,20,21
5,4,3,7,8,9,10,12,88,13,15,16,17,18,19,20,21
5,4,3,7,8,9,10,12,88,13,15,16,17,18,19,20,21
5,4,3,7,8,9,10,12,88,13,15,16,17,18,19,20,21
5,4,3,7,8,9,10,12,88,13,15,16,17,18,19,20,21
5,4,3,7,8,9,10,12,88,13,15,16,17,18,19,20,21
5,4,3,7,8,9,10,12,88,13,15,16,17,18,19,20,21
5,4,3,7,8,9,10,12,88,13,15,16,17,18,19,20,21
5,4,3,7,8,9,10,12,88,13,15,16,17,18,19,20,21
5,4,3,7,8,9,10,12,88,13,15,16,17,18,19,20,21
5,4,3,7,8,9,10,12,88,13,15,16,17,18,19,20,21
5,4,3,7,8,9,10,12,88,13,15,16,17,18,19,20,21
5,4,3,7,8,9,10,12,88,13,15,16,17,18,19,20,21
5,4,3,7,8,9,10,12,88,13,15,16,17,18,19,20,21
5,4,3,7,8,9,10,12,88,13,15,16,17,18,19,20,21
5,4,3,7,8,9,10,12,88,13,15,16,17,18,19,20,21
5,4,3,7,8,9,10,12,88,13,15,16,17,18,19,20,21
5,4,3,7,8,9,10,12,88,13,15,16,17,18,19,20,21
5,4,3,7,8,9,10,12,88,13,15,16,17,18,19,20,21
5,4,3,7,8,9,10,12,88,13,15,16,17,18,19,20,21
5,4,3,7,8,9,10,12,88,13,15,16,17,18,19,20,21
5,4,3,7,8,9,10,12,88,13,15,16,17,18,19,20,21
5,4,3,7,8,9,10,12,88,13,15,16,17,18,19,20,21
5,4,3,7,8,9,10,12,88,13,15,16,17,18,19,20,21
5,4,3,7,8,9,10,12,88,13,15,16,17,18,19,20,21
5,4,3,7,8,9,10,12,88,13,15,16,17,18,19,20,21
5,4,3,7,8,9,10,12,88,13,15,16,17,18,19,20,21
5,4,3,7,8,9,10,12,88,13,15,16,17,18,19,20,21
5,4,3,7,8,9,10,12,88,13,15,16,17,18,19,20,21
5,4,3,7,8,9,10,12,88,13,15,16,17,18,19,20,21
5,4,3,7,8,9,10,12,88,13,15,16,17,18,19,20,21
5,4,3,7,8,9,10,12,88,13,15,16,17,18,19,20,21
5,4,3,7,8,9,10,12,88,13,15,16,17,18,19,20,21
5,4,3,7,8,9,10,12,88,13,15,16,17,18,19,20,21
5,4,3,7,8,9,10,12,88,13,15,16,17,18,19,20,21
5,4,3,7,8,9,10,12,88,13,15,16,17,18,19,20,21
5,4,3,7,8,9,10,12,88,13,15,16,17,18,19,20,21
5,4,3,7,8,9,10,12,88,13,15,16,17,18,19,20,21
5,4,3,7,8,9,10,12,88,13,15,16,17,18,19,20,21
5,4,3,7,8,9,10,12,88,13,15,16,17,18,19,20,21
5,4,3,7,8,9,10,12,88,13,15,16,17,18,19,20,21
5,4,3,7,8,9,10,12,88,13,15,16,17,18,19,20,21
5,4,3,7,8,9,10,12,88,13,15,16,17,18,19,20,21
5,4,3,7,8,9,10,12,88,13,15,16,17,18,19,20,21
5,4,3,7,8,9,10,12,88,13,15,16,17,18,19,20,21
5,4,3,7,8,9,10,12,88,13,15,16,17,18,19,20,21
5,4,3,7,8,9,10,12,88,13,15,16,17,18,19,20,21
5,4,3,7,8,9,10,12,88,13,15,16,17,18,19,20,21
5,4,3,7,8,9,10,12,88,13,15,16,17,18,19,20,21
5,4,3,7,8,9,10,12,88,13,15,16,17,18,19,20,21
5,4,3,7,8,9,10,12,88,13,15,16,17,18,19,20,21
5,4,3,7,8,9,10,12,88,13,15,16,17,18,19,20,21
5,4,3,7,8,9,10,12,88,13,15,16,17,18,19,20,21
5,4,3,7,8,9,10,12,88,13,15,16,17,18,19,20,21
5,4,3,7,8,9,10,12,88,13,15,16,17,18,19,20,21
5,4,3,7,8,9,10,12,88,13,15,16,17,18,19,20,21
5,4,3,7,8,9,10,12,88,13,15,16,17,18,19,20,21
5,4,3,7,8,9,10,12,88,13,15,16,17,18,19,20,21
5,4,3,7,8,9,10,12,88,13,15,16,17,18,19,20,21
5,4,3,7,8,9,10,12,88,13,15,16,17,18,19,20,21
5,4,3,7,8,9,10,12,88,13,15,16,17,18,19,20,21
5,4,3,7,8,9,10,12,88,13,15,16,17,18,19,20,21
5,4,3,7,8,9,10,12,88,13,15,16,17,18,19,20,21
5,4,3,7,8,9,10,12,88,13,15,16,17,18,19,20,21
5,4,3,7,8,9,10,12,88,13,15,16,17,18,19,20,21
5,4,3,7,8,9,10,12,88,13,15,16,17,18,19,20,21
5,4,3,7,8,9,10,12,88,13,15,16,17,18,19,20,21
5,4,3,7,8,9,10,12,88,13,15,16,17,18,19,20,21
5,4,3,7,8,9,10,12,88,13,15,16,17,18,19,20,21
5,4,3,7,8,9,10,12,88,13,15,16,17,18,19,20,21
5,4,3,7,8,9,10,12,88,13,15,16,17,18,19,20,21
5,4,3,7,8,9,10,12,88,13,15,16,17,18,19,20,21
5,4,3,7,8,9,10,12,88,13,15,16,17,18,19,20,21
5,4,3,7,8,9,10,12,88,13,15,16,17,18,19,20,21
5,4,3,7,8,9,10,12,88,13,15,16,17,18,19,20,21
5,4,3,7,8,9,10,12,88,13,15,16,17,18,19,20,21
5,4,3,7,8,9,10,12,88,13,15,16,17,18,19,20,21
5,4,3,7,8,9,10,12,88,13,15,16,17,18,19,20,21
5,4,3,7,8,9,10,12,88,13,15,16,17,18,19,20,21
5,4,3,7,8,9,10,12,88,13,15,16,17,18,19,20,21
5,4,3,7,8,9,10,12,88,13,15,16,17,18,19,20,21
5,4,3,7,8,9,10,12,88,13,15,16,17,18,19,20,21
5,4,3,7,8,9,10,12,88,13,15,16,17,18,19,20,21
5,4,3,7,8,9,10,12,88,13,15,16,17,18,19,20,21
5,4,3,7,8,9,10,12,88,13,15,16,17,18,19,20,21
5,4,3,7,8,9,10,12,88,13,15,16,17,18,19,20,21
5,4,3,7,8,9,10,12,88,13,15,16,17,18,19,20,21
5,4,3,7,8,9,10,12,88,13,15,16,17,18,19,20,21
5,4,3,7,8,9,10,12,88,13,15,16,17,18,19,20,21
5,4,3,7,8,9,10,12,88,13,15,16,17,18,19,20,21
5,4,3,7,8,9,10,12,88,13,15,16,17,18,19,20,21
5,4,3,7,8,9,10,12,88,13,15,16,17,18,19,20,21
5,4,3,7,8,9,10,12,88,13,15,16,17,18,19,20,21
5,4,3,7,8,9,10,12,88,13,15,16,17,18,19,20,21
5,4,3,7,8,9,10,12,88,13,15,16,17,18,19,20,21
5,4,3,7,8,9,10,12,88,13,15,16,17,18,19,20,21
5,4,3,7,8,9,10,12,88,13,15,16,17,18,19,20,21
5,4,3,7,8,9,10,12,88,13,15,16,17,18,19,20,21
5,4,3,7,8,9,10,12,88,13,15,16,17,18,19,20,21
5,4,3,7,8,9,10,12,88,13,15,16,17,18,19,20,21
5,4,3,7,8,9,10,12,88,13,15,16,17,18,19,20,21
5,4,3,7,8,9,10,12,88,13,15,16,17,18,19,20,21
5,4,3,7,8,9,10,12,88,13,15,16,17,18,19,20,21
5,4,3,7,8,9,10,12,88,13,15,16,17,18,19,20,21
5,4,3,7,8,9,10,12,88,13,15,16,17,18,19,20,21
5,4,3,7,8,9,10,12,88,13,15,16,17,18,19,20,21
5,4,3,7,8,9,10,12,88,13,15,16,17,18,19,20,21
5,4,3,7,8,9,10,12,88,13,15,16,17,18,19,20,21
5,4,3,7,8,9,10,12,88,13,15,16,17,18,19,20,21
5,4,3,7,8,9,10,12,88,13,15,16,17,18,19,20,21
5,4,3,7,8,9,10,12,88,13,15,16,17,18,19,20,21
5,4,3,7,8,9,10,12,88,13,15,16,17,18,19,20,21
5,4,3,7,8,9,10,12,88,13,15,16,17,18,19,20,21
5,4,3,7,8,9,10,12,88,13,15,16,17,18,19,20,21
5,4,3,7,8,9,10,12,88,13,15,16,17,18,19,20,21
5,4,3,7,8,9,10,12,88,13,15,16,17,18,19,20,21
5,4,3,7,8,9,10,12,88,13,15,16,17,18,19,20,21
5,4,3,7,8,9,10,12,88,13,15,16,17,18,19,20,21
5,4,3,7,8,9,10,12,88,13,15,16,17,18,19,20,21
5,4,3,7,8,9,10,12,88,13,15,16,17,18,19,20,21
5,4,3,7,8,9,10,12,88,13,15,16,17,18,19,20,21
5,4,3,7,8,9,10,12,88,13,15,16,17,18,19,20,21
5,4,3,7,8,9,10,12,88,13,15,16,17,18,19,20,21
5,4,3,7,8,9,10,12,88,13,15,16,17,18,19,20,21
5,4,3,7,8,9,10,12,88,13,15,16,17,18,19,20,21
5,4,3,7,8,9,10,12,88,13,15,16,17,18,19,20,21
5,4,3,7,8,9,10,12,88,13,15,16,17,18,19,20,21
5,4,3,7,8,9,10,12,88,13,15,16,17,18,19,20,21
5,4,3,7,8,9,10,12,88,13,15,16,17,18,19,20,21
5,4,3,7,8,9,10,12,88,13,15,16,17,18,19,20,21
5,4,3,7,8,9,10,12,88,13,15,16,17,18,19,20,21
5,4,3,7,8,9,10,12,88,13,15,16,17,18,19,20,21
5,4,3,7,8,9,10,12,88,13,15,16,17,18,19,20,21
5,4,3,7,8,9,10,12,88,13,15,16,17,18,19,20,21
5,4,3,7,8,9,10,12,88,13,15,16,17,18,19,20,21
5,4,3,7,8,9,10,12,88,13,15,16,17,18,19,20,21
5,4,3,7,8,9,10,12,88,13,15,16,17,18,19,20,21
5,4,3,7,8,9,10,12,88,13,15,16,17,18,19,20,21
5,4,3,7,8,9,10,12,88,13,15,16,17,18,19,20,21
5,4,3,7,8,9,10,12,88,13,15,16,17,18,19,20,21
5,4,3,7,8,9,10,12,88,13,15,16,17,18,19,20,21
5,4,3,7,8,9,10,12,88,13,15,16,17,18,19,20,21
5,4,3,7,8,9,10,12,88,13,15,16,17,18,19,20,21
5,4,3,7,8,9,10,12,88,13,15,16,17,18,19,20,21
5,4,3,7,8,9,10,12,88,13,15,16,17,18,19,20,21
5,4,3,7,8,9,10,12,88,13,15,16,17,18,19,20,21
5,4,3,7,8,9,10,12,88,13,15,16,17,18,19,20,21
5,4,3,7,8,9,10,12,88,13,15,16,17,18,19,20,21
5,4,3,7,8,9,10,12,88,13,15,16,17,18,19,20,21
5,4,3,7,8,9,10,12,88,13,15,16,17,18,19,20,21
5,4,3,7,8,9,10,12,88,13,15,16,17,18,19,20,21
5,4,3,7,8,9,10,12,88,13,15,16,17,18,19,20,21
5,4,3,7,8,9,10,12,88,13,15,16,17,18,19,20,21
5,4,3,7,8,9,10,12,88,13,15,16,17,18,19,20,21
5,4,3,7,8,9,10,12,88,13,15,16,17,18,19,20,21
5,4,3,7,8,9,10,12,88,13,15,16,17,18,19,20,21
5,4,3,7,8,9,10,12,88,13,15,16,17,18,19,20,21
5,4,3,7,8,9,10,12,88,13,15,16,17,18,19,20,21
5,4,3,7,8,9,10,12,88,13,15,16,17,18,19,20,21
5,4,3,7,8,9,10,12,88,13,15,16,17,18,19,20,21
5,4,3,7,8,9,10,12,88,13,15,16,17,18,19,20,21
5,4,3,7,8,9,10,12,88,13,15,16,17,18,19,20,21
5,4,3,7,8,9,10,12,88,13,15,16,17,18,19,20,21
5,4,3,7,8,9,10,12,88,13,15,16,17,18,19,20,21
5,4,3,7,8,9,10,12,88,13,15,16,17,18,19,20,21
5,4,3,7,8,9,10,12,88,13,15,16,17,18,19,20,21
5,4,3,7,8,9,10,12,88,13,15,16,17,18,19,20,21
5,4,3,7,8,9,10,12,88,13,15,16,17,18,19,20,21
5,4,3,7,8,9,10,12,88,13,15,16,17,18,19,20,21
5,4,3,7,8,9,10,12,88,13,15,16,17,18,19,20,21
5,4,3,7,8,9,10,12,88,13,15,16,17,18,19,20,21
5,4,3,7,8,9,10,12,88,13,15,16,17,18,19,20,21
5,4,3,7,8,9,10,12,88,13,15,16,17,18,19,20,21
5,4,3,7,8,9,10,12,88,13,15,16,17,18,19,20,21
5,4,3,7,8,9,10,12,88,13,15,16,17,18,19,20,21
5,4,3,7,8,9,10,12,88,13,15,16,17,18,19,20,21
5,4,3,7,8,9,10,12,88,13,15,16,17,18,19,20,21
5,4,3,7,8,9,10,12,88,13,15,16,17,18,19,20,21
5,4,3,7,8,9,10,12,88,13,15,16,17,18,19,20,21
5,4,3,7,8,9,10,12,88,13,15,16,17,18,19,20,21
5,4,3,7,8,9,10,12,88,13,15,16,17,18,19,20,21
5,4,3,7,8,9,10,12,88,13,15,16,17,18,19,20,21
5,4,3,7,8,9,10,12,88,13,15,16,17,18,19,20,21
5,4,3,7,8,9,10,12,88,13,15,16,17,18,19,20,21
5,4,3,7,8,9,10,12,88,13,15,16,17,18,19,20,21
5,4,3,7,8,9,10,12,88,13,15,16,17,18,19,20,21
5,4,3,7,8,9,10,12,88,13,15,16,17,18,19,20,21
5,4,3,7,8,9,10,12,88,13,15,16,17,18,19,20,21
5,4,3,7,8,9,10,12,88,13,15,16,17,18,19,20,21
5,4,3,7,8,9,10,12,88,13,15,16,17,18,19,20,21
5,4,3,7,8,9,10,12,88,13,15,16,17,18,19,20,21
5,4,3,7,8,9,10,12,88,13,15,16,17,18,19,20,21
5,4,3,7,8,9,10,12,88,13,15,16,17,18,19,20,21
5,4,3,7,8,9,10,12,88,13,15,16,17,18,19,20,21
5,4,3,7,8,9,10,12,88,13,15,16,17,18,19,20,21
5,4,3,7,8,9,10,12,88,13,15,16,17,18,19,20,21
5,4,3,7,8,9,10,12,88,13,15,16,17,18,19,20,21
5,4,3,7,8,9,10,12,88,13,15,16,17,18,19,20,21
5,4,3,7,8,9,10,12,88,13,15,16,17,18,19,20,21
5,4,3,7,8,9,10,12,88,13,15,16,17,18,19,20,21
5,4,3,7,8,9,10,12,88,13,15,16,17,18,19,20,21
5,4,3,7,8,9,10,12,88,13,15,16,17,18,19,20,21
5,4,3,7,8,9,10,12,88,13,15,16,17,18,19,20,21
5,4,3,7,8,9,10,12,88,13,15,16,17,18,19,20,21
5,4,3,7,8,9,10,12,88,13,15,16,17,18,19,20,21
5,4,3,7,8,9,10,12,88,13,15,16,17,18,19,20,21
5,4,3,7,8,9,10,12,88,13,15,16,17,18,19,20,21
5,4,3,7,8,9,10,12,88,13,15,16,17,18,19,20,21
5,4,3,7,8,9,10,12,88,13,15,16,17,18,19,20,21
5,4,3,7,8,9,10,12,88,13,15,16,17,18,19,20,21
5,4,3,7,8,9,10,12,88,13,15,16,17,18,19,20,21
5,4,3,7,8,9,10,12,88,13,15,16,17,18,19,20,21
5,4,3,7,8,9,10,12,88,13,15,16,17,18,19,20,21
5,4,3,7,8,9,10,12,88,13,15,16,17,18,19,20,21
5,4,3,7,8,9,10,12,88,13,15,16,17,18,19,20,21
5,4,3,7,8,9,10,12,88,13,15,16,17,18,19,20,21
5,4,3,7,8,9,10,12,88,13,15,16,17,18,19,20,21
5,4,3,7,8,9,10,12,88,13,15,16,17,18,19,20,21
5,4,3,7,8,9,10,12,88,13,15,16,17,18,19,20,21
5,4,3,7,8,9,10,12,88,13,15,16,17,18,19,20,21
5,4,3,7,8,9,10,12,88,13,15,16,17,18,19,20,21
5,4,3,7,8,9,10,12,88,13,15,16,17,18,19,20,21
5,4,3,7,8,9,10,12,88,13,15,16,17,18,19,20,21
5,4,3,7,8,9,10,12,88,13,15,16,17,18,19,20,21
5,4,3,7,8,9,10,12,88,13,15,16,17,18,19,20,21
5,4,3,7,8,9,10,12,88,13,15,16,17,18,19,20,21
5,4,3,7,8,9,10,12,88,13,15,16,17,18,19,20,21
5,4,3,7,8,9,10,12,88,13,15,16,17,18,19,20,21
5,4,3,7,8,9,10,12,88,13,15,16,17,18,19,20,21
5,4,3,7,8,9,10,12,88,13,15,16,17,18,19,20,21
5,4,3,7,8,9,10,12,88,13,15,16,17,18,19,20,21
5,4,3,7,8,9,10,12,88,13,15,16,17,18,19,20,21
5,4,3,7,8,9,10,12,88,13,15,16,17,18,19,20,21
5,4,3,7,8,9,10,12,88,13,15,16,17,18,19,20,21
5,4,3,7,8,9,10,12,88,13,15,16,17,18,19,20,21
5,4,3,7,8,9,10,12,88,13,15,16,17,18,19,20,21
5,4,3,7,8,9,10,12,88,13,15,16,17,18,19,20,21
5,4,3,7,8,9,10,12,88,13,15,16,17,18,19,20,21
5,4,3,7,8,9,10,12,88,13,15,16,17,18,19,20,21
5,4,3,7,8,9,10,12,88,13,15,16,17,18,19,20,21
5,4,3,7,8,9,10,12,88,13,15,16,17,18,19,20,21
5,4,3,7,8,9,10,12,88,13,15,16,17,18,19,20,21
5,4,3,7,8,9,10,12,88,13,15,16,17,18,19,20,21
5,4,3,7,8,9,10,12,88,13,15,16,17,18,19,20,21
5,4,3,7,8,9,10,12,88,13,15,16,17,18,19,20,21
5,4,3,7,8,9,10,12,88,13,15,16,17,18,19,20,21
5,4,3,7,8,9,10,12,88,13,15,16,17,18,19,20,21
5,4,3,7,8,9,10,12,88,13,15,16,17,18,19,20,21
5,4,3,7,8,9,10,12,88,13,15,16,17,18,19,20,21
5,4,3,7,8,9,10,12,88,13,15,16,17,18,19,20,21
5,4,3,7,8,9,10,12,88,13,15,16,17,18,19,20,21
5,4,3,7,8,9,10,12,88,13,15,16,17,18,19,20,21
5,4,3,7,8,9,10,12,88,13,15,16,17,18,19,20,21
5,4,3,7,8,9,10,12,88,13,15,16,17,18,19,20,21
5,4,3,7,8,9,10,12,88,13,15,16,17,18,19,20,21
5,4,3,7,8,9,10,12,88,13,15,16,17,18,19,20,21
5,4,3,7,8,9,10,12,88,13,15,16,17,18,19,20,21
5,4,3,7,8,9,10,12,88,13,15,16,17,18,19,20,21
5,4,3,7,8,9,10,12,88,13,15,16,17,18,19,20,21
5,4,3,7,8,9,10,12,88,13,15,16,17,18,19,20,21
5,4,3,7,8,9,10,12,88,13,15,16,17,18,19,20,21
5,4,3,7,8,9,10,12,88,13,15,16,17,18,19,20,21
5,4,3,7,8,9,10,12,88,13,15,16,17,18,19,20,21
5,4,3,7,8,9,10,12,88,13,15,16,17,18,19,20,21
5,4,3,7,8,9,10,12,88,13,15,16,17,18,19,20,21
5,4,3,7,8,9,10,12,88,13,15,16,17,18,19,20,21
5,4,3,7,8,9,10,12,88,13,15,16,17,18,19,20,21
5,4,3,7,8,9,10,12,88,13,15,16,17,18,19,20,21
5,4,3,7,8,9,10,12,88,13,15,16,17,18,19,20,21
5,4,3,7,8,9,10,12,88,13,15,16,17,18,19,20,21
5,4,3,7,8,9,10,12,88,13,15,16,17,18,19,20,21
5,4,3,7,8,9,10,12,88,13,15,16,17,18,19,20,21
5,4,3,7,8,9,10,12,88,13,15,16,17,18,19,20,21
5,4,3,7,8,9,10,12,88,13,15,16,17,18,19,20,21
5,4,3,7,8,9,10,12,88,13,15,16,17,18,19,20,21
5,4,3,7,8,9,10,12,88,13,15,16,17,18,19,20,21
5,4,3,7,8,9,10,12,88,13,15,16,17,18,19,20,21
5,4,3,7,8,9,10,12,88,13,15,16,17,18,19,20,21
5,4,3,7,8,9,10,12,88,13,15,16,17,18,19,20,21
5,4,3,7,8,9,10,12,88,13,15,16,17,18,19,20,21
5,4,3,7,8,9,10,12,88,13,15,16,17,18,19,20,21
5,4,3,7,8,9,10,12,88,13,15,16,17,18,19,20,21
5,4,3,7,8,9,10,12,88,13,15,16,17,18,19,20,21
5,4,3,7,8,9,10,12,88,13,15,16,17,18,19,20,21
5,4,3,7,8,9,10,12,88,13,15,16,17,18,19,20,21
5,4,3,7,8,9,10,12,88,13,15,16,17,18,19,20,21
5,4,3,7,8,9,10,12,88,13,15,16,17,18,19,20,21
5,4,3,7,8,9,10,12,88,13,15,16,17,18,19,20,21
5,4,3,7,8,9,10,12,88,13,15,16,17,18,19,20,21
5,4,3,7,8,9,10,12,88,13,15,16,17,18,19,20,21
5,4,3,7,8,9,10,12,88,13,15,16,17,18,19,20,21
5,4,3,7,8,9,10,12,88,13,15,16,17,18,19,20,21
5,4,3,7,8,9,10,12,88,13,15,16,17,18,19,20,21
5,4,3,7,8,9,10,12,88,13,15,16,17,18,19,20,21
5,4,3,7,8,9,10,12,88,13,15,16,17,18,19,20,21
5,4,3,7,8,9,10,12,88,13,15,16,17,18,19,20,21
5,4,3,7,8,9,10,12,88,13,15,16,17,18,19,20,21
5,4,3,7,8,9,10,12,88,13,15,16,17,18,19,20,21
5,4,3,7,8,9,10,12,88,13,15,16,17,18,19,20,21
5,4,3,7,8,9,10,12,88,13,15,16,17,18,19,20,21
5,4,3,7,8,9,10,12,88,13,15,16,17,18,19,20,21
5,4,3,7,8,9,10,12,88,13,15,16,17,18,19,20,21
5,4,3,7,8,9,10,12,88,13,15,16,17,18,19,20,21
5,4,3,7,8,9,10,12,88,13,15,16,17,18,19,20,21
5,4,3,7,8,9,10,12,88,13,15,16,17,18,19,20,21
5,4,3,7,8,9,10,12,88,13,15,16,17,18,19,20,21
5,4,3,7,8,9,10,12,88,13,15,16,17,18,19,20,21
5,4,3,7,8,9,10,12,88,13,15,16,17,18,19,20,21
5,4,3,7,8,9,10,12,88,13,15,16,17,18,19,20,21
5,4,3,7,8,9,10,12,88,13,15,16,17,18,19,20,21
5,4,3,7,8,9,10,12,88,13,15,16,17,18,19,20,21
5,4,3,7,8,9,10,12,88,13,15,16,17,18,19,20,21
5,4,3,7,8,9,10,12,88,13,15,16,17,18,19,20,21
5,4,3,7,8,9,10,12,88,13,15,16,17,18,19,20,21
5,4,3,7,8,9,10,12,88,13,15,16,17,18,19,20,21
5,4,3,7,8,9,10,12,88,13,15,16,17,18,19,20,21
5,4,3,7,8,9,10,12,88,13,15,16,17,18,19,20,21
5,4,3,7,8,9,10,12,88,13,15,16,17,18,19,20,21
5,4,3,7,8,9,10,12,88,13,15,16,17,18,19,20,21
5,4,3,7,8,9,10,12,88,13,15,16,17,18,19,20,21
5,4,3,7,8,9,10,12,88,13,15,16,17,18,19,20,21
5,4,3,7,8,9,10,12,88,13,15,16,17,18,19,20,21
5,4,3,7,8,9,10,12,88,13,15,16,17,18,19,20,21
5,4,3,7,8,9,10,12,88,13,15,16,17,18,19,20,21
5,4,3,7,8,9,10,12,88,13,15,16,17,18,19,20,21
5,4,3,7,8,9,10,12,88,13,15,16,17,18,19,20,21
5,4,3,7,8,9,10,12,88,13,15,16,17,18,19,20,21
5,4,3,7,8,9,10,12,88,13,15,16,17,18,19,20,21
5,4,3,7,8,9,10,12,88,13,15,16,17,18,19,20,21
5,4,3,7,8,9,10,12,88,13,15,16,17,18,19,20,21
5,4,3,7,8,9,10,12,88,13,15,16,17,18,19,20,21
5,4,3,7,8,9,10,12,88,13,15,16,17,18,19,20,21
5,4,3,7,8,9,10,12,88,13,15,16,17,18,19,20,21
5,4,3,7,8,9,10,12,88,13,15,16,17,18,19,20,21
5,4,3,7,8,9,10,12,88,13,15,16,17,18,19,20,21
5,4,3,7,8,9,10,12,88,13,15,16,17,18,19,20,21
5,4,3,7,8,9,10,12,88,13,15,16,17,18,19,20,21
5,4,3,7,8,9,10,12,88,13,15,16,17,18,19,20,21
5,4,3,7,8,9,10,12,88,13,15,16,17,18,19,20,21
5,4,3,7,8,9,10,12,88,13,15,16,17,18,19,20,21
5,4,3,7,8,9,10,2,1,15,16,17,18,19,20,21
5,4,3,7,8,9,10,2,1,15,16,17,18,19,20,21
5,4,3,7,8,9,10,2,1,15,16,17,18,19,20,21
5,4,3,7,8,9,10,2,1,15,16,17,18,19,20,21
5,4,3,7,8,9,10,2,1,15,16,17,18,19,20,21
5,4,3,7,8,9,10,2,1,15,16,17,18,19,20,21
5,4,3,7,8,9,10,2,1,15,16,17,18,19,20,21
5,4,3,7,8,9,10,2,1,15,16,17,18,19,20,21
5,4,3,7,8,9,10,2,1,15,16,17,18,19,20,21
5,4,3,7,8,9,10,2,1,15,16,17,18,19,20,21
5,4,3,7,8,9,10,2,1,15,16,17,18,19,20,21
5,4,3,7,8,9,10,2,1,15,16,17,18,19,20,21
5,4,3,7,8,9,10,2,1,15,16,17,18,19,20,21
5,4,3,7,8,9,10,2,1,15,16,17,18,19,20,21
5,4,3,7,8,9,10,2,1,15,16,17,18,19,20,21
5,4,3,7,8,9,10,2,1,15,16,17,18,19,20,21
5,4,3,7,8,9,10,2,1,15,16,17,18,19,20,21
5,4,3,7,8,9,10,2,1,15,16,17,18,19,20,21
5,4,3,7,8,9,10,2,1,15,16,17,18,19,20,21
5,4,3,7,8,9,10,2,1,15,16,17,18,19,20,21
5,4,3,7,8,9,10,2,1,15,16,17,18,19,20,21
5,4,3,7,8,9,10,2,1,15,16,17,18,19,20,21
5,4,3,7,8,9,10,2,1,15,16,17,18,19,20,21
5,4,3,7,8,9,10,2,1,15,16,17,18,19,20,21
5,4,3,7,8,9,10,2,1,15,16,17,18,19,20,21
5,4,3,7,8,9,10,2,1,15,16,17,18,19,20,21
5,4,3,7,8,9,10,2,1,15,16,17,18,19,20,21
5,4,3,7,8,9,10,2,1,15,16,17,18,19,20,21
5,4,3,7,8,9,10,2,1,15,16,17,18,19,20,21
5,4,3,7,8,9,10,2,1,15,16,17,18,19,20,21
5,4,3,7,8,9,10,2,1,15,16,17,18,19,20,21
5,4,3,7,8,9,10,2,1,15,16,17,18,19,20,21
5,4,3,7,8,9,10,2,1,15,16,17,18,19,20,21
5,4,3,7,8,9,10,2,1,15,16,17,18,19,20,21
5,4,3,7,8,9,10,2,1,15,16,17,18,19,20,21
5,4,3,7,8,9,10,2,1,15,16,17,18,19,20,21
5,4,3,7,8,9,10,2,1,15,16,17,18,19,20,21
5,4,3,7,8,9,10,2,1,15,16,17,18,19,20,21
5,4,3,7,8,9,10,2,1,15,16,17,18,19,20,21
5,4,3,7,8,9,10,2,1,15,16,17,18,19,20,21
5,4,3,7,8,9,10,2,1,15,16,17,18,19,20,21
5,4,3,7,8,9,10,2,1,15,16,17,18,19,20,21
5,4,3,7,8,9,10,2,1,15,16,17,18,19,20,21
5,4,3,7,8,9,10,2,1,15,16,17,18,19,20,21
5,4,3,7,8,9,10,2,1,15,16,17,18,19,20,21
5,4,3,7,8,9,10,2,1,15,16,17,18,19,20,21
5,4,3,7,8,9,10,2,1,15,16,17,18,19,20,21
5,4,3,7,8,9,10,2,1,15,16,17,18,19,20,21
5,4,3,7,8,9,10,2,1,15,16,17,18,19,20,21
5,4,3,7,8,9,10,2,1,15,16,17,18,19,20,21
5,4,3,7,8,9,10,2,1,15,16,17,18,19,20,21
5,4,3,7,8,9,10,2,1,15,16,17,18,19,20,21
5,4,3,7,8,9,10,2,1,15,16,17,18,19,20,21
5,4,3,7,8,9,10,2,1,15,16,17,18,19,20,21
5,4,3,7,8,9,10,2,1,15,16,17,18,19,20,21
5,4,3,7,8,9,10,2,1,15,16,17,18,19,20,21
5,4,3,7,8,9,10,2,1,15,16,17,18,19,20,21
5,4,3,7,8,9,10,2,1,15,16,17,18,19,20,21
5,4,3,7,8,9,10,2,1,15,16,17,18,19,20,21
5,4,3,7,8,9,10,2,1,15,16,17,18,19,20,21
5,4,3,7,8,9,10,2,1,15,16,17,18,19,20,21
5,4,3,7,8,9,10,2,1,15,16,17,18,19,20,21
5,4,3,7,8,9,10,2,1,15,16,17,18,19,20,21
5,4,3,7,8,9,10,2,1,15,16,17,18,19,20,21
5,4,3,7,8,9,10,2,1,15,16,17,18,19,20,21
5,4,3,7,8,9,10,2,1,15,16,17,18,19,20,21
5,4,3,7,8,9,10,2,1,15,16,17,18,19,20,21
5,4,3,7,8,9,10,2,1,15,16,17,18,19,20,21
5,4,3,7,8,9,10,2,1,15,16,17,18,19,20,21
5,4,3,7,8,9,10,2,1,15,16,17,18,19,20,21
5,4,3,7,8,9,10,2,1,15,16,17,18,19,20,21
5,4,3,7,8,9,10,2,1,15,16,17,18,19,20,21
5,4,3,7,8,9,10,2,1,15,16,17,18,19,20,21
5,4,3,7,8,9,10,2,1,15,16,17,18,19,20,21
5,4,3,7,8,9,10,2,1,15,16,17,18,19,20,21
5,4,3,7,8,9,10,2,1,15,16,17,18,19,20,21
5,4,3,7,8,9,10,2,1,15,16,17,18,19,20,21
5,4,3,7,8,9,10,2,1,15,16,17,18,19,20,21
5,4,3,7,8,9,10,2,1,15,16,17,18,19,20,21
5,4,3,7,8,9,10,2,1,15,16,17,18,19,20,21
5,4,3,7,8,9,10,2,1,15,16,17,18,19,20,21
5,4,3,7,8,9,10,2,1,15,16,17,18,19,20,21
5,4,3,7,8,9,10,2,1,15,16,17,18,19,20,21
5,4,3,7,8,9,10,2,1,15,16,17,18,19,20,21
5,4,3,7,8,9,10,2,1,15,16,17,18,19,20,21
5,4,3,7,8,9,10,2,1,15,16,17,18,19,20,21
5,4,3,7,8,9,10,2,1,15,16,17,18,19,20,21
5,4,3,7,8,9,10,2,1,15,16,17,18,19,20,21
5,4,3,7,8,9,10,2,1,15,16,17,18,19,20,21
5,4,3,7,8,9,10,2,1,15,16,17,18,19,20,21
5,4,3,7,8,9,10,2,1,15,16,17,18,19,20,21
5,4,3,7,8,9,10,2,1,15,16,17,18,19,20,21
5,4,3,7,8,9,10,2,1,15,16,17,18,19,20,21
5,4,3,7,8,9,10,2,1,15,16,17,18,19,20,21
5,4,3,7,8,9,10,2,1,15,16,17,18,19,20,21
5,4,3,7,8,9,10,2,1,15,16,17,18,19,20,21
5,4,3,7,8,9,10,2,1,15,16,17,18,19,20,21
5,4,3,7,8,9,10,2,1,15,16,17,18,19,20,21
5,4,3,7,8,9,10,2,1,15,16,17,18,19,20,21
5,4,3,7,8,9,10,2,1,15,16,17,18,19,20,21
5,4,3,7,8,9,10,2,1,15,16,17,18,19,20,21
5,4,3,7,8,9,10,2,1,15,16,17,18,19,20,21
5,4,3,7,8,9,10,2,1,15,16,17,18,19,20,21
5,4,3,7,8,9,10,2,1,15,16,17,18,19,20,21
5,4,3,7,8,9,10,2,1,15,16,17,18,19,20,21
5,4,3,7,8,9,10,2,1,15,16,17,18,19,20,21
5,4,3,7,8,9,10,2,1,15,16,17,18,19,20,21
5,4,3,7,8,9,10,2,1,15,16,17,18,19,20,21
5,4,3,7,8,9,10,2,1,15,16,17,18,19,20,21
5,4,3,7,8,9,10,2,1,15,16,17,18,19,20,21
5,4,3,7,8,9,10,2,1,15,16,17,18,19,20,21
5,4,3,7,8,9,10,2,1,15,16,17,18,19,20,21
5,4,3,7,8,9,10,2,1,15,16,17,18,19,20,21
5,4,3,7,8,9,10,2,1,15,16,17,18,19,20,21
5,4,3,7,8,9,10,2,1,15,16,17,18,19,20,21
5,4,3,7,8,9,10,2,1,15,16,17,18,19,20,21
5,4,3,7,8,9,10,2,1,15,16,17,18,19,20,21
5,4,3,7,8,9,10,2,1,15,16,17,18,19,20,21
5,4,3,7,8,9,10,2,1,15,16,17,18,19,20,21
5,4,3,7,8,9,10,2,1,15,16,17,18,19,20,21
5,4,3,7,8,9,10,2,1,15,16,17,18,19,20,21
5,4,3,7,8,9,10,2,1,15,16,17,18,19,20,21
5,4,3,7,8,9,10,2,1,15,16,17,18,19,20,21
5,4,3,7,8,9,10,2,1,15,16,17,18,19,20,21
5,4,3,7,8,9,10,2,1,15,16,17,18,19,20,21
5,4,3,7,8,9,10,2,1,15,16,17,18,19,20,21
5,4,3,7,8,9,10,2,1,15,16,17,18,19,20,21
5,4,3,7,8,9,10,2,1,15,16,17,18,19,20,21
5,4,3,7,8,9,10,2,1,15,16,17,18,19,20,21
5,4,3,7,8,9,10,2,1,15,16,17,18,19,20,21
5,4,3,7,8,9,10,2,1,15,16,17,18,19,20,21
5,4,3,7,8,9,10,2,1,15,16,17,18,19,20,21
5,4,3,7,8,9,10,2,1,15,16,17,18,19,20,21
5,4,3,7,8,9,10,2,1,15,16,17,18,19,20,21
5,4,3,7,8,9,10,2,1,15,16,17,18,19,20,21
5,4,3,7,8,9,10,2,1,15,16,17,18,19,20,21
5,4,3,7,8,9,10,2,1,15,16,17,18,19,20,21
5,4,3,7,8,9,10,2,1,15,16,17,18,19,20,21
5,4,3,7,8,9,10,2,1,15,16,17,18,19,20,21
5,4,3,7,8,9,10,2,1,15,16,17,18,19,20,21
5,4,3,7,8,9,10,2,1,15,16,17,18,19,20,21
5,4,3,7,8,9,10,2,1,15,16,17,18,19,20,21
5,4,3,7,8,9,10,2,1,15,16,17,18,19,20,21
5,4,3,7,8,9,10,2,1,15,16,17,18,19,20,21
5,4,3,7,8,9,10,2,1,15,16,17,18,19,20,21
5,4,3,7,8,9,10,2,1,15,16,17,18,19,20,21
5,4,3,7,8,9,10,2,1,15,16,17,18,19,20,21
5,4,3,7,8,9,10,2,1,15,16,17,18,19,20,21
5,4,3,7,8,9,10,2,1,15,16,17,18,19,20,21
5,4,3,7,8,9,10,2,1,15,16,17,18,19,20,21
5,4,3,7,8,9,10,2,1,15,16,17,18,19,20,21
5,4,3,7,8,9,10,2,1,15,16,17,18,19,20,21
5,4,3,7,8,9,10,2,1,15,16,17,18,19,20,21
5,4,3,7,8,9,10,2,1,15,16,17,18,19,20,21
5,4,3,7,8,9,10,2,1,15,16,17,18,19,20,21
5,4,3,7,8,9,10,2,1,15,16,17,18,19,20,21
5,4,3,7,8,9,10,2,1,15,16,17,18,19,20,21
5,4,3,7,8,9,10,2,1,15,16,17,18,19,20,21
5,4,3,7,8,9,10,2,1,15,16,17,18,19,20,21
5,4,3,7,8,9,10,2,1,15,16,17,18,19,20,21
5,4,3,7,8,9,10,2,1,15,16,17,18,19,20,21
5,4,3,7,8,9,10,2,1,15,16,17,18,19,20,21
5,4,3,7,8,9,10,2,1,15,16,17,18,19,20,21
5,4,3,7,8,9,10,2,1,15,16,17,18,19,20,21
5,4,3,7,8,9,10,2,1,15,16,17,18,19,20,21
5,4,3,7,8,9,10,2,1,15,16,17,18,19,20,21
5,4,3,7,8,9,10,2,1,15,16,17,18,19,20,21
5,4,3,7,8,9,10,2,1,15,16,17,18,19,20,21
5,4,3,7,8,9,10,2,1,15,16,17,18,19,20,21
5,4,3,7,8,9,10,2,1,15,16,17,18,19,20,21
5,4,3,7,8,9,10,2,1,15,16,17,18,19,20,21
5,4,3,7,8,9,10,2,1,15,16,17,18,19,20,21
5,4,3,7,8,9,10,2,1,15,16,17,18,19,20,21
5,4,3,7,8,9,10,2,1,15,16,17,18,19,20,21
5,4,3,7,8,9,10,2,1,15,16,17,18,19,20,21
5,4,3,7,8,9,10,2,1,15,16,17,18,19,20,21
5,4,3,7,8,9,10,2,1,15,16,17,18,19,20,21
5,4,3,7,8,9,10,2,1,15,16,17,18,19,20,21
5,4,3,7,8,9,10,2,1,15,16,17,18,19,20,21
5,4,3,7,8,9,10,2,1,15,16,17,18,19,20,21
5,4,3,7,8,9,10,2,1,15,16,17,18,19,20,21
5,4,3,7,8,9,10,2,1,15,16,17,18,19,20,21
5,4,3,7,8,9,10,2,1,15,16,17,18,19,20,21
5,4,3,7,8,9,10,2,1,15,16,17,18,19,20,21
5,4,3,7,8,9,10,2,1,15,16,17,18,19,20,21
5,4,3,7,8,9,10,2,1,15,16,17,18,19,20,21
5,4,3,7,8,9,10,2,1,15,16,17,18,19,20,21
5,4,3,7,8,9,10,2,1,15,16,17,18,19,20,21
5,4,3,7,8,9,10,2,1,15,16,17,18,19,20,21
5,4,3,7,8,9,10,2,1,15,16,17,18,19,20,21
5,4,3,7,8,9,10,2,1,15,16,17,18,19,20,21
5,4,3,7,8,9,10,2,1,15,16,17,18,19,20,21
5,4,3,7,8,9,10,2,1,15,16,17,18,19,20,21
5,4,3,7,8,9,10,2,1,15,16,17,18,19,20,21
5,4,3,7,8,9,10,2,1,15,16,17,18,19,20,21
5,4,3,7,8,9,10,2,1,15,16,17,18,19,20,21
5,4,3,7,8,9,10,2,1,15,16,17,18,19,20,21
5,4,3,7,8,9,10,2,1,15,16,17,18,19,20,21
5,4,3,7,8,9,10,2,1,15,16,17,18,19,20,21
5,4,3,7,8,9,10,2,1,15,16,17,18,19,20,21
5,4,3,7,8,9,10,2,1,15,16,17,18,19,20,21
5,4,3,7,8,9,10,2,1,15,16,17,18,19,20,21
5,4,3,7,8,9,10,2,1,15,16,17,18,19,20,21
5,4,3,7,8,9,10,2,1,15,16,17,18,19,20,21
5,4,3,7,8,9,10,2,1,15,16,17,18,19,20,21
5,4,3,7,8,9,10,2,1,15,16,17,18,19,20,21
5,4,3,7,8,9,10,2,1,15,16,17,18,19,20,21
5,4,3,7,8,9,10,2,1,15,16,17,18,19,20,21
5,4,3,7,8,9,10,2,1,15,16,17,18,19,20,21
5,4,3,7,8,9,10,2,1,15,16,17,18,19,20,21
5,4,3,7,8,9,10,2,1,15,16,17,18,19,20,21
5,4,3,7,8,9,10,2,1,15,16,17,18,19,20,21
5,4,3,7,8,9,10,2,1,15,16,17,18,19,20,21
5,4,3,7,8,9,10,2,1,15,16,17,18,19,20,21
5,4,3,7,8,9,10,2,1,15,16,17,18,19,20,21
5,4,3,7,8,9,10,2,1,15,16,17,18,19,20,21
5,4,3,7,8,9,10,2,1,15,16,17,18,19,20,21
5,4,3,7,8,9,10,2,1,15,16,17,18,19,20,21
5,4,3,7,8,9,10,2,1,15,16,17,18,19,20,21
5,4,3,7,8,9,10,2,1,15,16,17,18,19,20,21
5,4,3,7,8,9,10,2,1,15,16,17,18,19,20,21
5,4,3,7,8,9,10,2,1,15,16,17,18,19,20,21
5,4,3,7,8,9,10,2,1,15,16,17,18,19,20,21
5,4,3,7,8,9,10,2,1,15,16,17,18,19,20,21
5,4,3,7,8,9,10,2,1,15,16,17,18,19,20,21
5,4,3,7,8,9,10,2,1,15,16,17,18,19,20,21
5,4,3,7,8,9,10,2,1,15,16,17,18,19,20,21
5,4,3,7,8,9,10,2,1,15,16,17,18,19,20,21
5,4,3,7,8,9,10,2,1,15,16,17,18,19,20,21
5,4,3,7,8,9,10,2,1,15,16,17,18,19,20,21
5,4,3,7,8,9,10,2,1,15,16,17,18,19,20,21
5,4,3,7,8,9,10,2,1,15,16,17,18,19,20,21
5,4,3,7,8,9,10,2,1,15,16,17,18,19,20,21
5,4,3,7,8,9,10,2,1,15,16,17,18,19,20,21
5,4,3,7,8,9,10,2,1,15,16,17,18,19,20,21
5,4,3,7,8,9,10,2,1,15,16,17,18,19,20,21
5,4,3,7,8,9,10,2,1,15,16,17,18,19,20,21
5,4,3,7,8,9,10,2,1,15,16,17,18,19,20,21
5,4,3,7,8,9,10,2,1,15,16,17,18,19,20,21
5,4,3,7,8,9,10,2,1,15,16,17,18,19,20,21
5,4,3,7,8,9,10,2,1,15,16,17,18,19,20,21
5,4,3,7,8,9,10,2,1,15,16,17,18,19,20,21
5,4,3,7,8,9,10,2,1,15,16,17,18,19,20,21
5,4,3,7,8,9,10,2,1,15,16,17,18,19,20,21
5,4,3,7,8,9,10,2,1,15,16,17,18,19,20,21
5,4,3,7,8,9,10,2,1,15,16,17,18,19,20,21
5,4,3,7,8,9,10,2,1,15,16,17,18,19,20,21
5,4,3,7,8,9,10,2,1,15,16,17,18,19,20,21
5,4,3,7,8,9,10,2,1,15,16,17,18,19,20,21
5,4,3,7,8,9,10,2,1,15,16,17,18,19,20,21
5,4,3,7,8,9,10,2,1,15,16,17,18,19,20,21
5,4,3,7,8,9,10,2,1,15,16,17,18,19,20,21
5,4,3,7,8,9,10,2,1,15,16,17,18,19,20,21
5,4,3,7,8,9,10,2,1,15,16,17,18,19,20,21
5,4,3,7,8,9,10,2,1,15,16,17,18,19,20,21
5,4,3,7,8,9,10,2,1,15,16,17,18,19,20,21
5,4,3,7,8,9,10,2,1,15,16,17,18,19,20,21
5,4,3,7,8,9,10,2,1,15,16,17,18,19,20,21
5,4,3,7,8,9,10,2,1,15,16,17,18,19,20,21
5,4,3,7,8,9,10,2,1,15,16,17,18,19,20,21
5,4,3,7,8,9,10,2,1,15,16,17,18,19,20,21
5,4,3,7,8,9,10,2,1,15,16,17,18,19,20,21
5,4,3,7,8,9,10,2,1,15,16,17,18,19,20,21
5,4,3,7,8,9,10,2,1,15,16,17,18,19,20,21
5,4,3,7,8,9,10,2,1,15,16,17,18,19,20,21
5,4,3,7,8,9,10,2,1,15,16,17,18,19,20,21
5,4,3,7,8,9,10,2,1,15,16,17,18,19,20,21
5,4,3,7,8,9,10,2,1,15,16,17,18,19,20,21
5,4,3,7,8,9,10,2,1,15,16,17,18,19,20,21
5,4,3,7,8,9,10,2,1,15,16,17,18,19,20,21
5,4,3,7,8,9,10,2,1,15,16,17,18,19,20,21
5,4,3,7,8,9,10,2,1,15,16,17,18,19,20,21
5,4,3,7,8,9,10,2,1,15,16,17,18,19,20,21
5,4,3,7,8,9,10,2,1,15,16,17,18,19,20,21
5,4,3,7,8,9,10,2,1,15,16,17,18,19,20,21
5,4,3,7,8,9,10,2,1,15,16,17,18,19,20,21
5,4,3,7,8,9,10,2,1,15,16,17,18,19,20,21
5,4,3,7,8,9,10,2,1,15,16,17,18,19,20,21
5,4,3,7,8,9,10,2,1,15,16,17,18,19,20,21
5,4,3,7,8,9,10,2,1,15,16,17,18,19,20,21
5,4,3,7,8,9,10,2,1,15,16,17,18,19,20,21
5,4,3,7,8,9,10,2,1,15,16,17,18,19,20,21
5,4,3,7,8,9,10,2,1,15,16,17,18,19,20,21
5,4,3,7,8,9,10,2,1,15,16,17,18,19,20,21
5,4,3,7,8,9,10,2,1,15,16,17,18,19,20,21
5,4,3,7,8,9,10,2,1,15,16,17,18,19,20,21
5,4,3,7,8,9,10,2,1,15,16,17,18,19,20,21
5,4,3,7,8,9,10,2,1,15,16,17,18,19,20,21
5,4,3,7,8,9,10,2,1,15,16,17,18,19,20,21
5,4,3,7,8,9,10,2,1,15,16,17,18,19,20,21
5,4,3,7,8,9,10,2,1,15,16,17,18,19,20,21
5,4,3,7,8,9,10,2,1,15,16,17,18,19,20,21
5,4,3,7,8,9,10,2,1,15,16,17,18,19,20,21
5,4,3,7,8,9,10,2,1,15,16,17,18,19,20,21
5,4,3,7,8,9,10,2,1,15,16,17,18,19,20,21
5,4,3,7,8,9,10,2,1,15,16,17,18,19,20,21
5,4,3,7,8,9,10,2,1,15,16,17,18,19,20,21
5,4,3,7,8,9,10,2,1,15,16,17,18,19,20,21
5,4,3,7,8,9,10,2,1,15,16,17,18,19,20,21
5,4,3,7,8,9,10,2,1,15,16,17,18,19,20,21
5,4,3,7,8,9,10,2,1,15,16,17,18,19,20,21
5,4,3,7,8,9,10,2,1,15,16,17,18,19,20,21
5,4,3,7,8,9,10,2,1,15,16,17,18,19,20,21
5,4,3,7,8,9,10,2,1,15,16,17,18,19,20,21
5,4,3,7,8,9,10,2,1,15,16,17,18,19,20,21
5,4,3,7,8,9,10,2,1,15,16,17,18,19,20,21
5,4,3,7,8,9,10,2,1,15,16,17,18,19,20,21
5,4,3,7,8,9,10,2,1,15,16,17,18,19,20,21
5,4,3,7,8,9,10,2,1,15,16,17,18,19,20,21
5,4,3,7,8,9,10,2,1,15,16,17,18,19,20,21
5,4,3,7,8,9,10,2,1,15,16,17,18,19,20,21
5,4,3,7,8,9,10,2,1,15,16,17,18,19,20,21
5,4,3,7,8,9,10,2,1,15,16,17,18,19,20,21
5,4,3,7,8,9,10,2,1,15,16,17,18,19,20,21
5,4,3,7,8,9,10,2,1,15,16,17,18,19,20,21
5,4,3,7,8,9,10,2,1,15,16,17,18,19,20,21
5,4,3,7,8,9,10,2,1,15,16,17,18,19,20,21
5,4,3,7,8,9,10,2,1,15,16,17,18,19,20,21
5,4,3,7,8,9,10,2,1,15,16,17,18,19,20,21
5,4,3,7,8,9,10,2,1,15,16,17,18,19,20,21
5,4,3,7,8,9,10,2,1,15,16,17,18,19,20,21
5,4,3,7,8,9,10,2,1,15,16,17,18,19,20,21
5,4,3,7,8,9,10,2,1,15,16,17,18,19,20,21
5,4,3,7,8,9,10,2,1,15,16,17,18,19,20,21
5,4,3,7,8,9,10,2,1,15,16,17,18,19,20,21
5,4,3,7,8,9,10,2,1,15,16,17,18,19,20,21
5,4,3,7,8,9,10,2,1,15,16,17,18,19,20,21
5,4,3,7,8,9,10,2,1,15,16,17,18,19,20,21
5,4,3,7,8,9,10,2,1,15,16,17,18,19,20,21
5,4,3,7,8,9,10,2,1,15,16,17,18,19,20,21
5,4,3,7,8,9,10,2,1,15,16,17,18,19,20,21
5,4,3,7,8,9,10,2,1,15,16,17,18,19,20,21
5,4,3,7,8,9,10,2,1,15,16,17,18,19,20,21
5,4,3,7,8,9,10,2,1,15,16,17,18,19,20,21
5,4,3,7,8,9,10,2,1,15,16,17,18,19,20,21
5,4,3,7,8,9,10,2,1,15,16,17,18,19,20,21
5,4,3,7,8,9,10,2,1,15,16,17,18,19,20,21
5,4,3,7,8,9,10,2,1,15,16,17,18,19,20,21
5,4,3,7,8,9,10,2,1,15,16,17,18,19,20,21
5,4,3,7,8,9,10,2,1,15,16,17,18,19,20,21
5,4,3,7,8,9,10,2,1,15,16,17,18,19,20,21
5,4,3,7,8,9,10,2,1,15,16,17,18,19,20,21
5,4,3,7,8,9,10,2,1,15,16,17,18,19,20,21
5,4,3,7,8,9,10,2,1,15,16,17,18,19,20,21
5,4,3,7,8,9,10,2,1,15,16,17,18,19,20,21
5,4,3,7,8,9,10,2,1,15,16,17,18,19,20,21
5,4,3,7,8,9,10,2,1,15,16,17,18,19,20,21
5,4,3,7,8,9,10,2,1,15,16,17,18,19,20,21
5,4,3,7,8,9,10,2,1,15,16,17,18,19,20,21
5,4,3,7,8,9,10,2,1,15,16,17,18,19,20,21
5,4,3,7,8,9,10,2,1,15,16,17,18,19,20,21
5,4,3,7,8,9,10,2,1,15,16,17,18,19,20,21
5,4,3,7,8,9,10,2,1,15,16,17,18,19,20,21
5,4,3,7,8,9,10,2,1,15,16,17,18,19,20,21
5,4,3,7,8,9,10,2,1,15,16,17,18,19,20,21
5,4,3,7,8,9,10,2,1,15,16,17,18,19,20,21
5,4,3,7,8,9,10,2,1,15,16,17,18,19,20,21
5,4,3,7,8,9,10,2,1,15,16,17,18,19,20,21
5,4,3,7,8,9,10,2,1,15,16,17,18,19,20,21
5,4,3,7,8,9,10,2,1,15,16,17,18,19,20,21
5,4,3,7,8,9,10,2,1,15,16,17,18,19,20,21
5,4,3,7,8,9,10,2,1,15,16,17,18,19,20,21
5,4,3,7,8,9,10,2,1,15,16,17,18,19,20,21
5,4,3,7,8,9,10,2,1,15,16,17,18,19,20,21
5,4,3,7,8,9,10,2,1,15,16,17,18,19,20,21
5,4,3,7,8,9,10,2,1,15,16,17,18,19,20,21
5,4,3,7,8,9,10,2,1,15,16,17,18,19,20,21
5,4,3,7,8,9,10,2,1,15,16,17,18,19,20,21
5,4,3,7,8,9,10,2,1,15,16,17,18,19,20,21
5,4,3,7,8,9,10,2,1,15,16,17,18,19,20,21
5,4,3,7,8,9,10,2,1,15,16,17,18,19,20,21
5,4,3,7,8,9,10,2,1,15,16,17,18,19,20,21
5,4,3,7,8,9,10,2,1,15,16,17,18,19,20,21
5,4,3,7,8,9,10,2,1,15,16,17,18,19,20,21
5,4,3,7,8,9,10,2,1,15,16,17,18,19,20,21
5,4,3,7,8,9,10,2,1,15,16,17,18,19,20,21
5,4,3,7,8,9,10,2,1,15,16,17,18,19,20,21
5,4,3,7,8,9,10,2,1,15,16,17,18,19,20,21
5,4,3,7,8,9,10,2,1,15,16,17,18,19,20,21
5,4,3,7,8,9,10,2,1,15,16,17,18,19,20,21
5,4,3,7,8,9,10,2,1,15,16,17,18,19,20,21
5,4,3,7,8,9,10,2,1,15,16,17,18,19,20,21
5,4,3,7,8,9,10,2,1,15,16,17,18,19,20,21
5,4,3,7,8,9,10,2,1,15,16,17,18,19,20,21
5,4,3,7,8,9,10,2,1,15,16,17,18,19,20,21
5,4,3,7,8,9,10,2,1,15,16,17,18,19,20,21
5,4,3,7,8,9,10,2,1,15,16,17,18,19,20,21
5,4,3,7,8,9,10,2,1,15,16,17,18,19,20,21
5,4,3,7,8,9,10,2,1,15,16,17,18,19,20,21
5,4,3,7,8,9,10,2,1,15,16,17,18,19,20,21
5,4,3,7,8,9,10,2,1,15,16,17,18,19,20,21
5,4,3,7,8,9,10,2,1,15,16,17,18,19,20,21
5,4,3,7,8,9,10,2,1,15,16,17,18,19,20,21
5,4,3,7,8,9,10,2,1,15,16,17,18,19,20,21
5,4,3,7,8,9,10,2,1,15,16,17,18,19,20,21
5,4,3,7,8,9,10,2,1,15,16,17,18,19,20,21
5,4,3,7,8,9,10,2,1,15,16,17,18,19,20,21
5,4,3,7,8,9,10,2,1,15,16,17,18,19,20,21
5,4,3,7,8,9,10,2,1,15,16,17,18,19,20,21
5,4,3,7,8,9,10,2,1,15,16,17,18,19,20,21
5,4,3,7,8,9,10,2,1,15,16,17,18,19,20,21
5,4,3,7,8,9,10,2,1,15,16,17,18,19,20,21
5,4,3,7,8,9,10,2,1,15,16,17,18,19,20,21
5,4,3,7,8,9,10,2,1,15,16,17,18,19,20,21
5,4,3,7,8,9,10,2,1,15,16,17,18,19,20,21
5,4,3,7,8,9,10,2,1,15,16,17,18,19,20,21
5,4,3,7,8,9,10,2,1,15,16,17,18,19,20,21
5,4,3,7,8,9,10,2,1,15,16,17,18,19,20,21
5,4,3,7,8,9,10,2,1,15,16,17,18,19,20,21
5,4,3,7,8,9,10,2,1,15,16,17,18,19,20,21
5,4,3,7,8,9,10,2,1,15,16,17,18,19,20,21
5,4,3,7,8,9,10,2,1,15,16,17,18,19,20,21
5,4,3,7,8,9,10,2,1,15,16,17,18,19,20,21
5,4,3,7,8,9,10,2,1,15,16,17,18,19,20,21
5,4,3,7,8,9,10,2,1,15,16,17,18,19,20,21
5,4,3,7,8,9,10,2,1,15,16,17,18,19,20,21
5,4,3,7,8,9,10,2,1,15,16,17,18,19,20,21
5,4,3,7,8,9,10,2,1,15,16,17,18,19,20,21
5,4,3,7,8,9,10,2,1,15,16,17,18,19,20,21
5,4,3,7,8,9,10,2,1,15,16,17,18,19,20,21
5,4,3,7,8,9,10,2,1,15,16,17,18,19,20,21
5,4,3,7,8,9,10,2,1,15,16,17,18,19,20,21
5,4,3,7,8,9,10,2,1,15,16,17,18,19,20,21
5,4,3,7,8,9,10,2,1,15,16,17,18,19,20,21
5,4,3,7,8,9,10,2,1,15,16,17,18,19,20,21
5,4,3,7,8,9,10,2,1,15,16,17,18,19,20,21
5,4,3,7,8,9,10,2,1,15,16,17,18,19,20,21
5,4,3,7,8,9,10,2,1,15,16,17,18,19,20,21
5,4,3,7,8,9,10,2,1,15,16,17,18,19,20,21
5,4,3,7,8,9,10,2,1,15,16,17,18,19,20,21
5,4,3,7,8,9,10,2,1,15,16,17,18,19,20,21
5,4,3,7,8,9,10,2,1,15,16,17,18,19,20,21
5,4,3,7,8,9,10,2,1,15,16,17,18,19,20,21
5,4,3,7,8,9,10,2,1,15,16,17,18,19,20,21
5,4,3,7,8,9,10,2,1,15,16,17,18,19,20,21
5,4,3,7,8,9,10,2,1,15,16,17,18,19,20,21
5,4,3,7,8,9,10,2,1,15,16,17,18,19,20,21
5,4,3,7,8,9,10,2,1,15,16,17,18,19,20,21
5,4,3,7,8,9,10,2,1,15,16,17,18,19,20,21
5,4,3,7,8,9,10,2,1,15,16,17,18,19,20,21
5,4,3,7,8,9,10,2,1,15,16,17,18,19,20,21
5,4,3,7,8,9,10,2,1,15,16,17,18,19,20,21
5,4,3,7,8,9,10,2,1,15,16,17,18,19,20,21
5,4,3,7,8,9,10,2,1,15,16,17,18,19,20,21
5,4,3,7,8,9,10,2,1,15,16,17,18,19,20,21
5,4,3,7,8,9,10,2,1,15,16,17,18,19,20,21
5,4,3,7,8,9,10,2,1,15,16,17,18,19,20,21
5,4,3,7,8,9,10,2,1,15,16,17,18,19,20,21
5,4,3,7,8,9,10,2,1,15,16,17,18,19,20,21
5,4,3,7,8,9,10,2,1,15,16,17,18,19,20,21
5,4,3,7,8,9,10,2,1,15,16,17,18,19,20,21
5,4,3,7,8,9,10,2,1,15,16,17,18,19,20,21
5,4,3,7,8,9,10,2,1,15,16,17,18,19,20,21
5,4,3,7,8,9,10,2,1,15,16,17,18,19,20,21
5,4,3,7,8,9,10,2,1,15,16,17,18,19,20,21
5,4,3,7,8,9,10,2,1,15,16,17,18,19,20,21
5,4,3,7,8,9,10,2,1,15,16,17,18,19,20,21
5,4,3,7,8,9,10,2,1,15,16,17,18,19,20,21
5,4,3,7,8,9,10,2,1,15,16,17,18,19,20,21
5,4,3,7,8,9,10,2,1,15,16,17,18,19,20,21
5,4,3,7,8,9,10,2,1,15,16,17,18,19,20,21
5,4,3,7,8,9,10,2,1,15,16,17,18,19,20,21
5,4,3,7,8,9,10,2,1,15,16,17,18,19,20,21
5,4,3,7,8,9,10,2,1,15,16,17,18,19,20,21
5,4,3,7,8,9,10,2,1,15,16,17,18,19,20,21
5,4,3,7,8,9,10,2,1,15,16,17,18,19,20,21
5,4,3,7,8,9,10,2,1,15,16,17,18,19,20,21
5,4,3,7,8,9,10,2,1,15,16,17,18,19,20,21
5,4,3,7,8,9,10,2,1,15,16,17,18,19,20,21
5,4,3,7,8,9,10,2,1,15,16,17,18,19,20,21
5,4,3,7,8,9,10,2,1,15,16,17,18,19,20,21
5,4,3,7,8,9,10,2,1,15,16,17,18,19,20,21
5,4,3,7,8,9,10,2,1,15,16,17,18,19,20,21
5,4,3,7,8,9,10,2,1,15,16,17,18,19,20,21
5,4,3,7,8,9,10,2,1,15,16,17,18,19,20,21
5,4,3,7,8,9,10,2,1,15,16,17,18,19,20,21
5,4,3,7,8,9,10,2,1,15,16,17,18,19,20,21
5,4,3,7,8,9,10,2,1,15,16,17,18,19,20,21
5,4,3,7,8,9,10,2,1,15,16,17,18,19,20,21
5,4,3,7,8,9,10,2,1,15,16,17,18,19,20,21
5,4,3,7,8,9,10,2,1,15,16,17,18,19,20,21
5,4,3,7,8,9,10,2,1,15,16,17,18,19,20,21
5,4,3,7,8,9,10,2,1,15,16,17,18,19,20,21
5,4,3,7,8,9,10,2,1,15,16,17,18,19,20,21
5,4,3,7,8,9,10,2,1,15,16,17,18,19,20,21
5,4,3,7,8,9,10,2,1,15,16,17,18,19,20,21
5,4,3,7,8,9,10,2,1,15,16,17,18,19,20,21
5,4,3,7,8,9,10,2,1,15,16,17,18,19,20,21
5,4,3,7,8,9,10,2,1,15,16,17,18,19,20,21
5,4,3,7,8,9,10,2,1,15,16,17,18,19,20,21
5,4,3,7,8,9,10,2,1,15,16,17,18,19,20,21
5,4,3,7,8,9,10,2,1,15,16,17,18,19,20,21
5,4,3,7,8,9,10,2,1,15,16,17,18,19,20,21
5,4,3,7,8,9,10,2,1,15,16,17,18,19,20,21
5,4,3,7,8,9,10,2,1,15,16,17,18,19,20,21
5,4,3,7,8,9,10,2,1,15,16,17,18,19,20,21
5,4,3,7,8,9,10,2,1,15,16,17,18,19,20,21
5,4,3,7,8,9,10,2,1,15,16,17,18,19,20,21
5,4,3,7,8,9,10,2,1,15,16,17,18,19,20,21
5,4,3,7,8,9,10,2,1,15,16,17,18,19,20,21
5,4,3,7,8,9,10,2,1,15,16,17,18,19,20,21
5,4,3,7,8,9,10,2,1,15,16,17,18,19,20,21
5,4,3,7,8,9,10,2,1,15,16,17,18,19,20,21
5,4,3,7,8,9,10,2,1,15,16,17,18,19,20,21
5,4,3,7,8,9,10,2,1,15,16,17,18,19,20,21
5,4,3,7,8,9,10,2,1,15,16,17,18,19,20,21
5,4,3,7,8,9,10,2,1,15,16,17,18,19,20,21
5,4,3,7,8,9,10,2,1,15,16,17,18,19,20,21
5,4,3,7,8,9,10,2,1,15,16,17,18,19,20,21
5,4,3,7,8,9,10,2,1,15,16,17,18,19,20,21
5,4,3,7,8,9,10,2,1,15,16,17,18,19,20,21
5,4,3,7,8,9,10,2,1,15,16,17,18,19,20,21
5,4,3,2,10,12,88,13,15,16,17,18,0,21
5,4,3,2,10,12,88,13,15,16,17,18,0,21
5,4,3,2,10,12,88,13,15,16,17,18,0,21
5,4,3,2,10,12,88,13,15,16,17,18,0,21
5,4,3,2,10,12,88,13,15,16,17,18,0,21
5,4,3,2,10,12,88,13,15,16,17,18,0,21
5,4,3,2,10,12,88,13,15,16,17,18,0,21
5,4,3,2,10,12,88,13,15,16,17,18,0,21
5,4,3,2,10,12,88,13,15,16,17,18,0,21
5,4,3,2,10,12,88,13,15,16,17,18,0,21
5,4,3,2,10,12,88,13,15,16,17,18,0,21
5,4,3,2,10,12,88,13,15,16,17,18,0,21
5,4,3,2,10,12,88,13,15,16,17,18,0,21
5,4,3,2,10,12,88,13,15,16,17,18,0,21
5,4,3,2,10,12,88,13,15,16,17,18,0,21
5,4,3,2,10,12,88,13,15,16,17,18,0,21
5,4,3,2,10,12,88,13,15,16,17,18,0,21
5,4,3,2,10,12,88,13,15,16,17,18,0,21
5,4,3,2,10,12,88,13,15,16,17,18,0,21
5,4,3,2,10,12,88,13,15,16,17,18,0,21
5,4,3,2,10,12,88,13,15,16,17,18,0,21
5,4,3,2,10,12,88,13,15,16,17,18,0,21
5,4,3,2,10,12,88,13,15,16,17,18,0,21
5,4,3,2,10,12,88,13,15,16,17,18,0,21
5,4,3,2,10,12,88,13,15,16,17,18,0,21
5,4,3,2,10,12,88,13,15,16,17,18,0,21
5,4,3,2,10,12,88,13,15,16,17,18,0,21
5,4,3,2,10,12,88,13,15,16,17,18,0,21
5,4,3,2,10,12,88,13,15,16,17,18,0,21
5,4,3,2,10,12,88,13,15,16,17,18,0,21
5,4,3,2,10,12,88,13,15,16,17,18,0,21
5,4,3,2,10,12,88,13,15,16,17,18,0,21
5,4,3,2,10,12,88,13,15,16,17,18,0,21
5,4,3,2,10,12,88,13,15,16,17,18,0,21
5,4,3,2,10,12,88,13,15,16,17,18,0,21
5,4,3,2,10,12,88,13,15,16,17,18,0,21
5,4,3,2,10,12,88,13,15,16,17,18,0,21
5,4,3,2,10,12,88,13,15,16,17,18,0,21
5,4,3,2,10,12,88,13,15,16,17,18,0,21
5,4,3,2,10,12,88,13,15,16,17,18,0,21
5,4,3,2,10,12,88,13,15,16,17,18,0,21
5,4,3,2,10,12,88,13,15,16,17,18,0,21
5,4,3,2,10,12,88,13,15,16,17,18,0,21
5,4,3,2,10,12,88,13,15,16,17,18,0,21
5,4,3,2,10,12,88,13,15,16,17,18,0,21
5,4,3,2,10,12,88,13,15,16,17,18,0,21
5,4,3,2,10,12,88,13,15,16,17,18,0,21
5,4,3,2,10,12,88,13,15,16,17,18,0,21
5,4,3,2,10,12,88,13,15,16,17,18,0,21
5,4,3,2,10,12,88,13,15,16,17,18,0,21
5,4,3,2,10,12,88,13,15,16,17,18,0,21
5,4,3,2,10,12,88,13,15,16,17,18,0,21
5,4,3,2,10,12,88,13,15,16,17,18,0,21
5,4,3,2,10,12,88,13,15,16,17,18,0,21
5,4,3,2,10,12,88,13,15,16,17,18,0,21
5,4,3,2,10,12,88,13,15,16,17,18,0,21
5,4,3,2,10,12,88,13,15,16,17,18,0,21
5,4,3,2,10,12,88,13,15,16,17,18,0,21
5,4,3,2,10,12,88,13,15,16,17,18,0,21
5,4,3,2,10,12,88,13,15,16,17,18,0,21
5,4,3,2,10,12,88,13,15,16,17,18,0,21
5,4,3,2,10,12,88,13,15,16,17,18,0,21
5,4,3,2,10,12,88,13,15,16,17,18,0,21
5,4,3,2,10,12,88,13,15,16,17,18,0,21
5,4,3,2,10,12,88,13,15,16,17,18,0,21
5,4,3,2,10,12,88,13,15,16,17,18,0,21
5,4,3,2,10,12,88,13,15,16,17,18,0,21
5,4,3,2,10,12,88,13,15,16,17,18,0,21
5,4,3,2,10,12,88,13,15,16,17,18,0,21
5,4,3,2,10,12,88,13,15,16,17,18,0,21
5,4,3,2,10,12,88,13,15,16,17,18,0,21
5,4,3,2,10,12,88,13,15,16,17,18,0,21
5,4,3,2,10,12,88,13,15,16,17,18,0,21
5,4,3,2,10,12,88,13,15,16,17,18,0,21
5,4,3,2,10,12,88,13,15,16,17,18,0,21
5,4,3,2,10,12,88,13,15,16,17,18,0,21
5,4,3,2,10,12,88,13,15,16,17,18,0,21
5,4,3,2,10,12,88,13,15,16,17,18,0,21
5,4,3,2,10,12,88,13,15,16,17,18,0,21
5,4,3,2,10,12,88,13,15,16,17,18,0,21
5,4,3,2,10,12,88,13,15,16,17,18,0,21
5,4,3,2,10,12,88,13,15,16,17,18,0,21
5,4,3,2,10,12,88,13,15,16,17,18,0,21
5,4,3,2,10,12,88,13,15,16,17,18,0,21
5,4,3,2,10,12,88,13,15,16,17,18,0,21
5,4,3,2,10,12,88,13,15,16,17,18,0,21
5,4,3,2,10,12,88,13,15,16,17,18,0,21
5,4,3,2,10,12,88,13,15,16,17,18,0,21
5,4,3,2,10,12,88,13,15,16,17,18,0,21
5,4,3,2,10,12,88,13,15,16,17,18,0,21
5,4,3,2,10,12,88,13,15,16,17,18,0,21
5,4,3,2,10,12,88,13,15,16,17,18,0,21
5,4,3,2,10,12,88,13,15,16,17,18,0,21
5,4,3,2,10,12,88,13,15,16,17,18,0,21
5,4,3,2,10,12,88,13,15,16,17,18,0,21
5,4,3,2,10,12,88,13,15,16,17,18,0,21
5,4,3,2,10,12,88,13,15,16,17,18,0,21
5,4,3,2,10,12,88,13,15,16,17,18,0,21
5,4,3,2,10,12,88,13,15,16,17,18,0,21
5,4,3,2,10,12,88,13,15,16,17,18,0,21
5,4,3,2,10,12,88,13,15,16,17,18,0,21
5,4,3,2,10,12,88,13,15,16,17,18,0,21
5,4,3,2,10,12,88,13,15,16,17,18,0,21
5,4,3,2,10,12,88,13,15,16,17,18,0,21
5,4,3,2,10,12,88,13,15,16,17,18,0,21
5,4,3,2,10,12,88,13,15,16,17,18,0,21
5,4,3,2,10,12,88,13,15,16,17,18,0,21
5,4,3,2,10,12,88,13,15,16,17,18,0,21
5,4,3,2,10,12,88,13,15,16,17,18,0,21
5,4,3,2,10,12,88,13,15,16,17,18,0,21
5,4,3,2,10,12,88,13,15,16,17,18,0,21
5,4,3,2,10,12,88,13,15,16,17,18,0,21
5,4,3,2,10,12,88,13,15,16,17,18,0,21
5,4,3,2,10,12,88,13,15,16,17,18,0,21
5,4,3,2,10,12,88,13,15,16,17,18,0,21
5,4,3,2,10,12,88,13,15,16,17,18,0,21
5,4,3,2,10,12,88,13,15,16,17,18,0,21
5,4,3,2,10,12,88,13,15,16,17,18,0,21
5,4,3,2,10,12,88,13,15,16,17,18,0,21
5,4,3,2,10,12,88,13,15,16,17,18,0,21
5,4,3,2,10,12,88,13,15,16,17,18,0,21
5,4,3,2,10,12,88,13,15,16,17,18,0,21
5,4,3,2,10,12,88,13,15,16,17,18,0,21
5,4,3,2,10,12,88,13,15,16,17,18,0,21
5,4,3,2,10,12,88,13,15,16,17,18,0,21
5,4,3,2,10,12,88,13,15,16,17,18,0,21
5,4,3,2,10,12,88,13,15,16,17,18,0,21
5,4,3,2,10,12,88,13,15,16,17,18,0,21
5,4,3,2,10,12,88,13,15,16,17,18,0,21
5,4,3,2,10,12,88,13,15,16,17,18,0,21
5,4,3,2,10,12,88,13,15,16,17,18,0,21
5,4,3,2,10,12,88,13,15,16,17,18,0,21
5,4,3,2,10,12,88,13,15,16,17,18,0,21
5,4,3,2,10,12,88,13,15,16,17,18,0,21
5,4,3,2,10,12,88,13,15,16,17,18,0,21
5,4,3,2,10,12,88,13,15,16,17,18,0,21
5,4,3,2,10,12,88,13,15,16,17,18,0,21
5,4,3,2,10,12,88,13,15,16,17,18,0,21
5,4,3,2,10,12,88,13,15,16,17,18,0,21
5,4,3,2,10,12,88,13,15,16,17,18,0,21
5,4,3,2,10,12,88,13,15,16,17,18,0,21
5,4,3,2,10,12,88,13,15,16,17,18,0,21
5,4,3,2,10,12,88,13,15,16,17,18,0,21
5,4,3,2,10,12,88,13,15,16,17,18,0,21
5,4,3,2,10,12,88,13,15,16,17,18,0,21
5,4,3,2,10,12,88,13,15,16,17,18,0,21
5,4,3,2,10,12,88,13,15,16,17,18,0,21
5,4,3,2,10,12,88,13,15,16,17,18,0,21
5,4,3,2,10,12,88,13,15,16,17,18,0,21
5,4,3,2,10,12,88,13,15,16,17,18,0,21
5,4,3,2,10,12,88,13,15,16,17,18,0,21
5,4,3,2,10,12,88,13,15,16,17,18,0,21
5,4,3,2,10,12,88,13,15,16,17,18,0,21
5,4,3,2,10,12,88,13,15,16,17,18,0,21
5,4,3,2,10,12,88,13,15,16,17,18,0,21
5,4,3,2,10,12,88,13,15,16,17,18,0,21
5,4,3,2,10,12,88,13,15,16,17,18,0,21
5,4,3,2,10,12,88,13,15,16,17,18,0,21
5,4,3,2,10,12,88,13,15,16,17,18,0,21
5,4,3,2,10,12,88,13,15,16,17,18,0,21
5,4,3,2,10,12,88,13,15,16,17,18,0,21
5,4,3,2,10,12,88,13,15,16,17,18,0,21
5,4,3,2,10,12,88,13,15,16,17,18,0,21
5,4,3,2,10,12,88,13,15,16,17,18,0,21
5,4,3,2,10,12,88,13,15,16,17,18,0,21
5,4,3,2,10,12,88,13,15,16,17,18,0,21
5,4,3,2,10,12,88,13,15,16,17,18,0,21
5,4,3,2,10,12,88,13,15,16,17,18,0,21
5,4,3,2,10,12,88,13,15,16,17,18,0,21
5,4,3,2,10,12,88,13,15,16,17,18,0,21
5,4,3,2,10,12,88,13,15,16,17,18,0,21
5,4,3,2,10,12,88,13,15,16,17,18,0,21
5,4,3,2,10,12,88,13,15,16,17,18,0,21
5,4,3,2,10,12,88,13,15,16,17,18,0,21
5,4,3,2,10,12,88,13,15,16,17,18,0,21
5,4,3,2,10,12,88,13,15,16,17,18,0,21
5,4,3,2,10,12,88,13,15,16,17,18,0,21
5,4,3,2,10,12,88,13,15,16,17,18,0,21
5,4,3,2,10,12,88,13,15,16,17,18,0,21
5,4,3,2,10,12,88,13,15,16,17,18,0,21
5,4,3,2,10,12,88,13,15,16,17,18,0,21
5,4,3,2,10,12,88,13,15,16,17,18,0,21
5,4,3,2,10,12,88,13,15,16,17,18,0,21
5,4,3,2,10,12,88,13,15,16,17,18,0,21
5,4,3,2,10,12,88,13,15,16,17,18,0,21
5,4,3,2,10,12,88,13,15,16,17,18,0,21
5,4,3,2,10,12,88,13,15,16,17,18,0,21
5,4,3,2,10,12,88,13,15,16,17,18,0,21
5,4,3,2,10,12,88,13,15,16,17,18,0,21
5,4,3,2,10,12,88,13,15,16,17,18,0,21
5,4,3,2,10,12,88,13,15,16,17,18,0,21
5,4,3,2,10,12,88,13,15,16,17,18,0,21
5,4,3,2,10,12,88,13,15,16,17,18,0,21
5,4,3,2,10,12,88,13,15,16,17,18,0,21
5,4,3,2,10,12,88,13,15,16,17,18,0,21
5,4,3,2,10,12,88,13,15,16,17,18,0,21
5,4,3,2,10,12,88,13,15,16,17,18,0,21
5,4,3,2,10,12,88,13,15,16,17,18,0,21
5,4,3,2,10,12,88,13,15,16,17,18,0,21
5,4,3,2,10,12,88,13,15,16,17,18,0,21
5,4,3,2,10,12,88,13,15,16,17,18,0,21
5,4,3,2,10,12,88,13,15,16,17,18,0,21
5,4,3,2,10,12,88,13,15,16,17,18,0,21
5,4,3,2,10,12,88,13,15,16,17,18,0,21
5,4,3,2,10,12,88,13,15,16,17,18,0,21
5,4,3,2,10,12,88,13,15,16,17,18,0,21
5,4,3,2,10,12,88,13,15,16,17,18,0,21
5,4,3,2,10,12,88,13,15,16,17,18,0,21
5,4,3,2,10,12,88,13,15,16,17,18,0,21
5,4,3,2,10,12,88,13,15,16,17,18,0,21
5,4,3,2,10,12,88,13,15,16,17,18,0,21
5,4,3,2,10,12,88,13,15,16,17,18,0,21
5,4,3,2,10,12,88,13,15,16,17,18,0,21
5,4,3,2,10,12,88,13,15,16,17,18,0,21
5,4,3,2,10,12,88,13,15,16,17,18,0,21
5,4,3,2,10,12,88,13,15,16,17,18,0,21
5,4,3,2,10,12,88,13,15,16,17,18,0,21
5,4,3,2,10,12,88,13,15,16,17,18,0,21
5,4,3,2,10,12,88,13,15,16,17,18,0,21
5,4,3,2,10,12,88,13,15,16,17,18,0,21
5,4,3,2,10,12,88,13,15,16,17,18,0,21
5,4,3,2,10,12,88,13,15,16,17,18,0,21
5,4,3,2,10,12,88,13,15,16,17,18,0,21
5,4,3,2,10,12,88,13,15,16,17,18,0,21
5,4,3,2,10,12,88,13,15,16,17,18,0,21
5,4,3,2,10,12,88,13,15,16,17,18,0,21
5,4,3,2,10,12,88,13,15,16,17,18,0,21
5,4,3,2,10,12,88,13,15,16,17,18,0,21
5,4,3,2,10,12,88,13,15,16,17,18,0,21
5,4,3,2,10,12,88,13,15,16,17,18,0,21
5,4,3,2,10,12,88,13,15,16,17,18,0,21
5,4,3,2,10,12,88,13,15,16,17,18,0,21
5,4,3,2,10,12,88,13,15,16,17,18,0,21
5,4,3,2,10,12,88,13,15,16,17,18,0,21
5,4,3,2,10,12,88,13,15,16,17,18,0,21
5,4,3,2,10,12,88,13,15,16,17,18,0,21
5,4,3,2,10,12,88,13,15,16,17,18,0,21
5,4,3,2,10,12,88,13,15,16,17,18,0,21
5,4,3,2,10,12,88,13,15,16,17,18,0,21
5,4,3,2,10,12,88,13,15,16,17,18,0,21
5,4,3,2,10,12,88,13,15,16,17,18,0,21
5,4,3,2,10,12,88,13,15,16,17,18,0,21
5,4,3,2,10,12,88,13,15,16,17,18,0,21
5,4,3,2,10,12,88,13,15,16,17,18,0,21
5,4,3,2,10,12,88,13,15,16,17,18,0,21
5,4,3,2,10,12,88,13,15,16,17,18,0,21
5,4,3,2,10,12,88,13,15,16,17,18,0,21
5,4,3,2,10,12,88,13,15,16,17,18,0,21
5,4,3,2,10,12,88,13,15,16,17,18,0,21
5,4,3,2,10,12,88,13,15,16,17,18,0,21
5,4,3,2,10,12,88,13,15,16,17,18,0,21
5,4,3,2,10,12,88,13,15,16,17,18,0,21
5,4,3,2,10,12,88,13,15,16,17,18,0,21
5,4,3,2,10,12,88,13,15,16,17,18,0,21
5,4,3,2,10,12,88,13,15,16,17,18,0,21
5,4,3,2,10,12,88,13,15,16,17,18,0,21
5,4,3,2,10,12,88,13,15,16,17,18,0,21
5,4,3,2,10,12,88,13,15,16,17,18,0,21
5,4,3,2,10,12,88,13,15,16,17,18,0,21
5,4,3,2,10,12,88,13,15,16,17,18,0,21
5,4,3,2,10,12,88,13,15,16,17,18,0,21
5,4,3,2,10,12,88,13,15,16,17,18,0,21
5,4,3,2,10,12,88,13,15,16,17,18,0,21
5,4,3,2,10,12,88,13,15,16,17,18,0,21
5,4,3,2,10,12,88,13,15,16,17,18,0,21
5,4,3,2,10,12,88,13,15,16,17,18,0,21
5,4,3,2,10,12,88,13,15,16,17,18,0,21
5,4,3,2,10,12,88,13,15,16,17,18,0,21
5,4,3,2,10,12,88,13,15,16,17,18,0,21
5,4,3,2,10,12,88,13,15,16,17,18,0,21
5,4,3,2,10,12,88,13,15,16,17,18,0,21
5,4,3,2,10,12,88,13,15,16,17,18,0,21
5,4,3,2,10,12,88,13,15,16,17,18,0,21
5,4,3,2,10,12,88,13,15,16,17,18,0,21
5,4,3,2,10,12,88,13,15,16,17,18,0,21
5,4,3,2,10,12,88,13,15,16,17,18,0,21
5,4,3,2,10,12,88,13,15,16,17,18,0,21
5,4,3,2,10,12,88,13,15,16,17,18,0,21
5,4,3,2,10,12,88,13,15,16,17,18,0,21
5,4,3,2,10,12,88,13,15,16,17,18,0,21
5,4,3,2,10,12,88,13,15,16,17,18,0,21
5,4,3,2,10,12,88,13,15,16,17,18,0,21
5,4,3,2,10,12,88,13,15,16,17,18,0,21
5,4,3,2,10,12,88,13,15,16,17,18,0,21
5,4,3,2,10,12,88,13,15,16,17,18,0,21
5,4,3,2,10,12,88,13,15,16,17,18,0,21
5,4,3,2,10,12,88,13,15,16,17,18,0,21
5,4,3,2,10,12,88,13,15,16,17,18,0,21
5,4,3,2,10,12,88,13,15,16,17,18,0,21
5,4,3,2,10,12,88,13,15,16,17,18,0,21
5,4,3,2,10,12,88,13,15,16,17,18,0,21
5,4,3,2,10,12,88,13,15,16,17,18,0,21
5,4,3,2,10,12,88,13,15,16,17,18,0,21
5,4,3,2,10,12,88,13,15,16,17,18,0,21
5,4,3,2,10,12,88,13,15,16,17,18,0,21
5,4,3,2,10,12,88,13,15,16,17,18,0,21
5,4,3,2,10,12,88,13,15,16,17,18,0,21
5,4,3,2,10,12,88,13,15,16,17,18,0,21
5,4,3,2,10,12,88,13,15,16,17,18,0,21
5,4,3,2,10,12,88,13,15,16,17,18,0,21
5,4,3,2,10,12,88,13,15,16,17,18,0,21
5,4,3,2,10,12,88,13,15,16,17,18,0,21
5,4,3,2,10,12,88,13,15,16,17,18,0,21
5,4,3,2,10,12,88,13,15,16,17,18,0,21
5,4,3,2,10,12,88,13,15,16,17,18,0,21
5,4,3,2,10,12,88,13,15,16,17,18,0,21
5,4,3,2,10,12,88,13,15,16,17,18,0,21
5,4,3,2,10,12,88,13,15,16,17,18,0,21
5,4,3,2,10,12,88,13,15,16,17,18,0,21
5,4,3,2,10,12,88,13,15,16,17,18,0,21
5,4,3,2,10,12,88,13,15,16,17,18,0,21
5,4,3,2,10,12,88,13,15,16,17,18,0,21
5,4,3,2,10,12,88,13,15,16,17,18,0,21
5,4,3,2,10,12,88,13,15,16,17,18,0,21
5,4,3,2,10,12,88,13,15,16,17,18,0,21
5,4,3,2,10,12,88,13,15,16,17,18,0,21
5,4,3,2,10,12,88,13,15,16,17,18,0,21
5,4,3,2,10,12,88,13,15,16,17,18,0,21
5,4,3,2,10,12,88,13,15,16,17,18,0,21
5,4,3,2,10,12,88,13,15,16,17,18,0,21
5,4,3,2,10,12,88,13,15,16,17,18,0,21
5,4,3,2,10,12,88,13,15,16,17,18,0,21
5,4,3,2,10,12,88,13,15,16,17,18,0,21
5,4,3,2,10,12,88,13,15,16,17,18,0,21
5,4,3,2,10,12,88,13,15,16,17,18,0,21
5,4,3,2,10,12,88,13,15,16,17,18,0,21
5,4,3,2,10,12,88,13,15,16,17,18,0,21
5,4,3,2,10,12,88,13,15,16,17,18,0,21
5,4,3,2,10,12,88,13,15,16,17,18,0,21
5,4,3,2,10,12,88,13,15,16,17,18,0,21
5,4,3,2,10,12,88,13,15,16,17,18,0,21
5,4,3,2,10,12,88,13,15,16,17,18,0,21
5,4,3,2,10,12,88,13,15,16,17,18,0,21
5,4,3,2,10,12,88,13,15,16,17,18,0,21
5,4,3,2,10,12,88,13,15,16,17,18,0,21
5,4,3,2,10,12,88,13,15,16,17,18,0,21
5,4,3,2,10,12,88,13,15,16,17,18,0,21
5,4,3,2,10,12,88,13,15,16,17,18,0,21
5,4,3,2,10,12,88,13,15,16,17,18,0,21
5,4,3,2,10,12,88,13,15,16,17,18,0,21
5,4,3,2,10,12,88,13,15,16,17,18,0,21
5,4,3,2,10,12,88,13,15,16,17,18,0,21
5,4,3,2,10,12,88,13,15,16,17,18,0,21
5,4,3,2,10,12,88,13,15,16,17,18,0,21
5,4,3,2,10,12,88,13,15,16,17,18,0,21
5,4,3,2,10,12,88,13,15,16,17,18,0,21
5,4,3,2,10,12,88,13,15,16,17,18,0,21
5,4,3,2,10,12,88,13,15,16,17,18,0,21
5,4,3,2,10,12,88,13,15,16,17,18,0,21
5,4,3,2,10,12,88,13,15,16,17,18,0,21
5,4,3,2,10,12,88,13,15,16,17,18,0,21
5,4,3,2,10,12,88,13,15,16,17,18,0,21
5,4,3,2,10,12,88,13,15,16,17,18,0,21
5,4,3,2,10,12,88,13,15,16,17,18,0,21
5,4,3,2,10,12,88,13,15,16,17,18,0,21
5,4,3,2,10,12,88,13,15,16,17,18,0,21
5,4,3,2,10,12,88,13,15,16,17,18,0,21
5,4,3,2,10,12,88,13,15,16,17,18,0,21
5,4,3,2,10,12,88,13,15,16,17,18,0,21
5,4,3,2,10,12,88,13,15,16,17,18,0,21
5,4,3,2,10,12,88,13,15,16,17,18,0,21
5,4,3,2,10,12,88,13,15,16,17,18,0,21
5,4,3,2,10,12,88,13,15,16,17,18,0,21
5,4,3,2,10,12,88,13,15,16,17,18,0,21
5,4,3,2,10,12,88,13,15,16,17,18,0,21
5,4,3,2,10,12,88,13,15,16,17,18,0,21
5,4,3,2,10,12,88,13,15,16,17,18,0,21
5,4,3,2,10,12,88,13,15,16,17,18,0,21
5,4,3,2,10,12,88,13,15,16,17,18,0,21
5,4,3,2,10,12,88,13,15,16,17,18,0,21
5,4,3,2,10,12,88,13,15,16,17,18,0,21
5,4,3,2,10,12,88,13,15,16,17,18,0,21
5,4,3,2,10,12,88,13,15,16,17,18,0,21
5,4,3,2,10,12,88,13,15,16,17,18,0,21
5,4,3,2,10,12,88,13,15,16,17,18,0,21
5,4,3,2,10,12,88,13,15,16,17,18,0,21
5,4,3,2,10,12,88,13,15,16,17,18,0,21
5,4,3,2,10,12,88,13,15,16,17,18,0,21
5,4,3,2,10,12,88,13,15,16,17,18,0,21
5,4,3,2,10,12,88,13,15,16,17,18,0,21
5,4,3,2,10,12,88,13,15,16,17,18,0,21
5,4,3,2,10,12,88,13,15,16,17,18,0,21
5,4,3,2,10,12,88,13,15,16,17,18,0,21
5,4,3,2,10,12,88,13,15,16,17,18,0,21
5,4,3,2,10,12,88,13,15,16,17,18,0,21
5,4,3,2,10,12,88,13,15,16,17,18,0,21
5,4,3,2,10,12,88,13,15,16,17,18,0,21
5,4,3,2,10,12,88,13,15,16,17,18,0,21
5,4,3,2,10,12,88,13,15,16,17,18,0,21
5,4,3,2,10,12,88,13,15,16,17,18,0,21
5,4,3,2,10,12,88,13,15,16,17,18,0,21
5,4,3,2,10,12,88,13,15,16,17,18,0,21
5,4,3,2,10,12,88,13,15,16,17,18,0,21
5,4,3,2,10,12,88,13,15,16,17,18,0,21
5,4,3,2,10,12,88,13,15,16,17,18,0,21
5,4,3,2,10,12,88,13,15,16,17,18,0,21
5,4,3,2,10,12,88,13,15,16,17,18,0,21
5,4,3,2,10,12,88,13,15,16,17,18,0,21
5,4,3,2,10,12,88,13,15,16,17,18,0,21
5,4,3,2,10,12,88,13,15,16,17,18,0,21
5,4,3,2,10,12,88,13,15,16,17,18,0,21
5,4,3,2,10,12,88,13,15,16,17,18,0,21
5,4,3,2,10,12,88,13,15,16,17,18,0,21
5,4,3,2,10,12,88,13,15,16,17,18,0,21
5,4,3,2,10,12,88,13,15,16,17,18,0,21
5,4,3,2,10,12,88,13,15,16,17,18,0,21
5,4,3,2,10,12,88,13,15,16,17,18,0,21
5,4,3,2,10,12,88,13,15,16,17,18,0,21
5,4,3,2,10,12,88,13,15,16,17,18,0,21
5,4,3,2,10,12,88,13,15,16,17,18,0,21
5,4,3,2,10,12,88,13,15,16,17,18,0,21
5,4,3,2,10,12,88,13,15,16,17,18,0,21
5,4,3,2,10,12,88,13,15,16,17,18,0,21
5,4,3,2,10,12,88,13,15,16,17,18,0,21
5,4,3,2,10,12,88,13,15,16,17,18,0,21
5,4,3,2,10,12,88,13,15,16,17,18,0,21
5,4,3,2,10,12,88,13,15,16,17,18,0,21
5,4,3,2,10,12,88,13,15,16,17,18,0,21
5,4,3,2,10,12,88,13,15,16,17,18,0,21
5,4,3,2,10,12,88,13,15,16,17,18,0,21
5,4,3,2,10,12,88,13,15,16,17,18,0,21
5,4,3,2,10,12,88,13,15,16,17,18,0,21
5,4,3,2,10,12,88,13,15,16,17,18,0,21
5,4,3,2,10,12,88,13,15,16,17,18,0,21
5,4,3,2,10,12,88,13,15,16,17,18,0,21
5,4,3,2,10,12,88,13,15,16,17,18,0,21
5,4,3,2,10,12,88,13,15,16,17,18,0,21
5,4,3,2,10,12,88,13,15,16,17,18,0,21
5,4,3,2,10,12,88,13,15,16,17,18,0,21
5,4,3,2,10,12,88,13,15,16,17,18,0,21
5,4,3,2,10,12,88,13,15,16,17,18,0,21
5,4,3,2,10,12,88,13,15,16,17,18,0,21
5,4,3,2,10,12,88,13,15,16,17,18,0,21
5,4,3,2,10,12,88,13,15,16,17,18,0,21
5,4,3,2,10,12,88,13,15,16,17,18,0,21
5,4,3,2,10,12,88,13,15,16,17,18,0,21
5,4,3,2,10,12,88,13,15,16,17,18,0,21
5,4,3,2,10,12,88,13,15,16,17,18,0,21
5,4,3,2,10,12,88,13,15,16,17,18,0,21
5,4,3,2,10,12,88,13,15,16,17,18,0,21
5,4,3,2,10,12,88,13,15,16,17,18,0,21
5,4,3,2,10,12,88,13,15,16,17,18,0,21
5,4,3,2,10,12,88,13,15,16,17,18,0,21
5,4,3,2,10,12,88,13,15,16,17,18,0,21
5,4,3,2,10,12,88,13,15,16,17,18,0,21
5,4,3,2,10,12,88,13,15,16,17,18,0,21
5,4,3,2,10,12,88,13,15,16,17,18,0,21
5,4,3,2,10,12,88,13,15,16,17,18,0,21
5,4,3,2,10,12,88,13,15,16,17,18,0,21
5,4,3,2,10,12,88,13,15,16,17,18,0,21
5,4,3,2,10,12,88,13,15,16,17,18,0,21
5,4,3,2,10,12,88,13,15,16,17,18,0,21
5,4,3,2,10,12,88,13,15,16,17,18,0,21
5,4,3,2,10,12,88,13,15,16,17,18,0,21
5,4,3,2,10,12,88,13,15,16,17,18,0,21
5,4,3,2,10,12,88,13,15,16,17,18,0,21
5,4,3,2,10,12,88,13,15,16,17,18,0,21
5,4,3,2,10,12,88,13,15,16,17,18,0,21
5,4,3,2,10,12,88,13,15,16,17,18,0,21
5,4,3,2,10,12,88,13,15,16,17,18,0,21
5,4,3,2,10,12,88,13,15,16,17,18,0,21
5,4,3,2,10,12,88,13,15,16,17,18,0,21
5,4,3,2,10,12,88,13,15,16,17,18,0,21
5,4,3,2,10,12,88,13,15,16,17,18,0,21
5,4,3,2,10,12,88,13,15,16,17,18,0,21
5,4,3,2,10,12,88,13,15,16,17,18,0,21
5,4,3,2,10,12,88,13,15,16,17,18,0,21
5,4,3,2,10,12,88,13,15,16,17,18,0,21
5,4,3,2,10,12,88,13,15,16,17,18,0,21
5,4,3,2,10,12,88,13,15,16,17,18,0,21
5,4,3,2,10,12,88,13,15,16,17,18,0,21
5,4,3,2,10,12,88,13,15,16,17,18,0,21
5,4,3,2,10,12,88,13,15,16,17,18,0,21
5,4,3,2,10,12,88,13,15,16,17,18,0,21
5,4,3,2,10,12,88,13,15,16,17,18,0,21
5,4,3,2,10,12,88,13,15,16,17,18,0,21
5,4,3,2,10,12,88,13,15,16,17,18,0,21
5,4,3,2,10,12,88,13,15,16,17,18,0,21
5,4,3,2,10,12,88,13,15,16,17,18,0,21
5,4,3,2,10,12,88,13,15,16,17,18,0,21
5,4,3,2,10,12,88,13,15,16,17,18,0,21
5,4,3,2,10,12,88,13,15,16,17,18,0,21
5,4,3,2,10,12,88,13,15,16,17,18,0,21
5,4,3,2,10,12,88,13,15,16,17,18,0,21
5,4,3,2,10,12,88,13,15,16,17,18,0,21
5,4,3,2,10,12,88,13,15,16,17,18,0,21
5,4,3,2,10,12,88,13,15,16,17,18,0,21
5,4,3,2,10,12,88,13,15,16,17,18,0,21
5,4,3,2,10,12,88,13,15,16,17,18,0,21
5,4,3,2,10,12,88,13,15,16,17,18,0,21
5,4,3,2,10,12,88,13,15,16,17,18,0,21
5,4,3,2,10,12,88,13,15,16,17,18,0,21
5,4,3,2,10,12,88,13,15,16,17,18,0,21
5,4,3,2,10,12,88,13,15,16,17,18,0,21
5,4,3,2,10,12,88,13,15,16,17,18,0,21
5,4,3,2,10,12,88,13,15,16,17,18,0,21
5,4,3,2,10,12,88,13,15,16,17,18,0,21
5,4,3,2,10,12,88,13,15,16,17,18,0,21
5,4,3,2,10,12,88,13,15,16,17,18,0,21
5,4,3,2,10,12,88,13,15,16,17,18,0,21
5,4,3,2,10,12,88,13,15,16,17,18,0,21
5,4,3,2,10,12,88,13,15,16,17,18,0,21
5,4,3,2,10,12,88,13,15,16,17,18,0,21
5,4,3,2,10,12,88,13,15,16,17,18,0,21
5,4,3,2,10,12,88,13,15,16,17,18,0,21
5,4,3,2,10,12,88,13,15,16,17,18,0,21
5,4,3,2,10,12,88,13,15,16,17,18,0,21
5,4,3,2,10,12,88,13,15,16,17,18,0,21
5,4,3,2,10,12,88,13,15,16,17,18,0,21
5,4,3,2,10,12,88,13,15,16,17,18,0,21
5,4,3,2,10,12,88,13,15,16,17,18,0,21
5,4,3,2,10,12,88,13,15,16,17,18,0,21
5,4,3,7,8,9,10,12,88,13,15,16,17,18,0,21
5,4,3,7,8,9,10,12,88,13,15,16,17,18,0,21
5,4,3,7,8,9,10,12,88,13,15,16,17,18,0,21
5,4,3,7,8,9,10,12,88,13,15,16,17,18,0,21
5,4,3,7,8,9,10,12,88,13,15,16,17,18,0,21
5,4,3,7,8,9,10,12,88,13,15,16,17,18,0,21
5,4,3,7,8,9,10,12,88,13,15,16,17,18,0,21
5,4,3,7,8,9,10,12,88,13,15,16,17,18,0,21
5,4,3,7,8,9,10,12,88,13,15,16,17,18,0,21
5,4,3,7,8,9,10,12,88,13,15,16,17,18,0,21
5,4,3,7,8,9,10,12,88,13,15,16,17,18,0,21
5,4,3,7,8,9,10,12,88,13,15,16,17,18,0,21
5,4,3,7,8,9,10,12,88,13,15,16,17,18,0,21
5,4,3,7,8,9,10,12,88,13,15,16,17,18,0,21
5,4,3,7,8,9,10,12,88,13,15,16,17,18,0,21
5,4,3,7,8,9,10,12,88,13,15,16,17,18,0,21
5,4,3,7,8,9,10,12,88,13,15,16,17,18,0,21
5,4,3,7,8,9,10,12,88,13,15,16,17,18,0,21
5,4,3,7,8,9,10,12,88,13,15,16,17,18,0,21
5,4,3,7,8,9,10,12,88,13,15,16,17,18,0,21
5,4,3,7,8,9,10,12,88,13,15,16,17,18,0,21
5,4,3,7,8,9,10,12,88,13,15,16,17,18,0,21
5,4,3,7,8,9,10,12,88,13,15,16,17,18,0,21
5,4,3,7,8,9,10,12,88,13,15,16,17,18,0,21
5,4,3,7,8,9,10,12,88,13,15,16,17,18,0,21
5,4,3,7,8,9,10,12,88,13,15,16,17,18,0,21
5,4,3,7,8,9,10,12,88,13,15,16,17,18,0,21
5,4,3,7,8,9,10,12,88,13,15,16,17,18,0,21
5,4,3,7,8,9,10,12,88,13,15,16,17,18,0,21
5,4,3,7,8,9,10,12,88,13,15,16,17,18,0,21
5,4,3,7,8,9,10,12,88,13,15,16,17,18,0,21
5,4,3,7,8,9,10,12,88,13,15,16,17,18,0,21
5,4,3,7,8,9,10,12,88,13,15,16,17,18,0,21
5,4,3,7,8,9,10,12,88,13,15,16,17,18,0,21
5,4,3,7,8,9,10,12,88,13,15,16,17,18,0,21
5,4,3,7,8,9,10,12,88,13,15,16,17,18,0,21
5,4,3,7,8,9,10,12,88,13,15,16,17,18,0,21
5,4,3,7,8,9,10,12,88,13,15,16,17,18,0,21
5,4,3,7,8,9,10,12,88,13,15,16,17,18,0,21
5,4,3,7,8,9,10,12,88,13,15,16,17,18,0,21
5,4,3,7,8,9,10,12,88,13,15,16,17,18,0,21
5,4,3,7,8,9,10,12,88,13,15,16,17,18,0,21
5,4,3,7,8,9,10,12,88,13,15,16,17,18,0,21
5,4,3,7,8,9,10,12,88,13,15,16,17,18,0,21
5,4,3,7,8,9,10,12,88,13,15,16,17,18,0,21
5,4,3,7,8,9,10,12,88,13,15,16,17,18,0,21
5,4,3,7,8,9,10,12,88,13,15,16,17,18,0,21
5,4,3,7,8,9,10,12,88,13,15,16,17,18,0,21
5,4,3,7,8,9,10,12,88,13,15,16,17,18,0,21
5,4,3,7,8,9,10,12,88,13,15,16,17,18,0,21
5,4,3,7,8,9,10,12,88,13,15,16,17,18,0,21
5,4,3,7,8,9,10,12,88,13,15,16,17,18,0,21
5,4,3,7,8,9,10,12,88,13,15,16,17,18,0,21
5,4,3,7,8,9,10,12,88,13,15,16,17,18,0,21
5,4,3,7,8,9,10,12,88,13,15,16,17,18,0,21
5,4,3,7,8,9,10,12,88,13,15,16,17,18,0,21
5,4,3,7,8,9,10,12,88,13,15,16,17,18,0,21
5,4,3,7,8,9,10,12,88,13,15,16,17,18,0,21
5,4,3,7,8,9,10,12,88,13,15,16,17,18,0,21
5,4,3,7,8,9,10,12,88,13,15,16,17,18,0,21
5,4,3,7,8,9,10,12,88,13,15,16,17,18,0,21
5,4,3,7,8,9,10,12,88,13,15,16,17,18,0,21
5,4,3,7,8,9,10,12,88,13,15,16,17,18,0,21
5,4,3,7,8,9,10,12,88,13,15,16,17,18,0,21
5,4,3,7,8,9,10,12,88,13,15,16,17,18,0,21
5,4,3,7,8,9,10,12,88,13,15,16,17,18,0,21
5,4,3,7,8,9,10,12,88,13,15,16,17,18,0,21
5,4,3,7,8,9,10,12,88,13,15,16,17,18,0,21
5,4,3,7,8,9,10,12,88,13,15,16,17,18,0,21
5,4,3,7,8,9,10,12,88,13,15,16,17,18,0,21
5,4,3,7,8,9,10,12,88,13,15,16,17,18,0,21
5,4,3,7,8,9,10,12,88,13,15,16,17,18,0,21
5,4,3,7,8,9,10,12,88,13,15,16,17,18,0,21
5,4,3,7,8,9,10,12,88,13,15,16,17,18,0,21
5,4,3,7,8,9,10,12,88,13,15,16,17,18,0,21
5,4,3,7,8,9,10,12,88,13,15,16,17,18,0,21
5,4,3,7,8,9,10,12,88,13,15,16,17,18,0,21
5,4,3,7,8,9,10,12,88,13,15,16,17,18,0,21
5,4,3,7,8,9,10,12,88,13,15,16,17,18,0,21
5,4,3,7,8,9,10,12,88,13,15,16,17,18,0,21
5,4,3,7,8,9,10,12,88,13,15,16,17,18,0,21
5,4,3,7,8,9,10,12,88,13,15,16,17,18,0,21
5,4,3,7,8,9,10,12,88,13,15,16,17,18,0,21
5,4,3,7,8,9,10,12,88,13,15,16,17,18,0,21
5,4,3,7,8,9,10,12,88,13,15,16,17,18,0,21
5,4,3,7,8,9,10,12,88,13,15,16,17,18,0,21
5,4,3,7,8,9,10,12,88,13,15,16,17,18,0,21
5,4,3,7,8,9,10,12,88,13,15,16,17,18,0,21
5,4,3,7,8,9,10,12,88,13,15,16,17,18,0,21
5,4,3,7,8,9,10,12,88,13,15,16,17,18,0,21
5,4,3,7,8,9,10,12,88,13,15,16,17,18,0,21
5,4,3,7,8,9,10,12,88,13,15,16,17,18,0,21
5,4,3,7,8,9,10,12,88,13,15,16,17,18,0,21
5,4,3,7,8,9,10,12,88,13,15,16,17,18,0,21
5,4,3,7,8,9,10,12,88,13,15,16,17,18,0,21
5,4,3,7,8,9,10,12,88,13,15,16,17,18,0,21
5,4,3,7,8,9,10,12,88,13,15,16,17,18,0,21
5,4,3,7,8,9,10,12,88,13,15,16,17,18,0,21
5,4,3,7,8,9,10,12,88,13,15,16,17,18,0,21
5,4,3,7,8,9,10,12,88,13,15,16,17,18,0,21
5,4,3,7,8,9,10,12,88,13,15,16,17,18,0,21
5,4,3,7,8,9,10,12,88,13,15,16,17,18,0,21
5,4,3,7,8,9,10,12,88,13,15,16,17,18,0,21
5,4,3,7,8,9,10,12,88,13,15,16,17,18,0,21
5,4,3,7,8,9,10,12,88,13,15,16,17,18,0,21
5,4,3,7,8,9,10,12,88,13,15,16,17,18,0,21
5,4,3,7,8,9,10,12,88,13,15,16,17,18,0,21
5,4,3,7,8,9,10,12,88,13,15,16,17,18,0,21
5,4,3,7,8,9,10,12,88,13,15,16,17,18,0,21
5,4,3,7,8,9,10,12,88,13,15,16,17,18,0,21
5,4,3,7,8,9,10,12,88,13,15,16,17,18,0,21
5,4,3,7,8,9,10,12,88,13,15,16,17,18,0,21
5,4,3,7,8,9,10,12,88,13,15,16,17,18,0,21
5,4,3,7,8,9,10,12,88,13,15,16,17,18,0,21
5,4,3,7,8,9,10,12,88,13,15,16,17,18,0,21
5,4,3,7,8,9,10,12,88,13,15,16,17,18,0,21
5,4,3,7,8,9,10,12,88,13,15,16,17,18,0,21
5,4,3,7,8,9,10,12,88,13,15,16,17,18,0,21
5,4,3,7,8,9,10,12,88,13,15,16,17,18,0,21
5,4,3,7,8,9,10,12,88,13,15,16,17,18,0,21
5,4,3,7,8,9,10,12,88,13,15,16,17,18,0,21
5,4,3,7,8,9,10,12,88,13,15,16,17,18,0,21
5,4,3,7,8,9,10,12,88,13,15,16,17,18,0,21
5,4,3,7,8,9,10,12,88,13,15,16,17,18,0,21
5,4,3,7,8,9,10,12,88,13,15,16,17,18,0,21
5,4,3,7,8,9,10,12,88,13,15,16,17,18,0,21
5,4,3,7,8,9,10,12,88,13,15,16,17,18,0,21
5,4,3,7,8,9,10,12,88,13,15,16,17,18,0,21
5,4,3,7,8,9,10,12,88,13,15,16,17,18,0,21
5,4,3,7,8,9,10,12,88,13,15,16,17,18,0,21
5,4,3,7,8,9,10,12,88,13,15,16,17,18,0,21
5,4,3,7,8,9,10,12,88,13,15,16,17,18,0,21
5,4,3,7,8,9,10,12,88,13,15,16,17,18,0,21
5,4,3,7,8,9,10,12,88,13,15,16,17,18,0,21
5,4,3,7,8,9,10,12,88,13,15,16,17,18,0,21
5,4,3,7,8,9,10,12,88,13,15,16,17,18,0,21
5,4,3,7,8,9,10,12,88,13,15,16,17,18,0,21
5,4,3,7,8,9,10,12,88,13,15,16,17,18,0,21
5,4,3,7,8,9,10,12,88,13,15,16,17,18,0,21
5,4,3,7,8,9,10,12,88,13,15,16,17,18,0,21
5,4,3,7,8,9,10,12,88,13,15,16,17,18,0,21
5,4,3,7,8,9,10,12,88,13,15,16,17,18,0,21
5,4,3,7,8,9,10,12,88,13,15,16,17,18,0,21
5,4,3,7,8,9,10,12,88,13,15,16,17,18,0,21
5,4,3,7,8,9,10,12,88,13,15,16,17,18,0,21
5,4,3,7,8,9,10,12,88,13,15,16,17,18,0,21
5,4,3,7,8,9,10,12,88,13,15,16,17,18,0,21
5,4,3,7,8,9,10,12,88,13,15,16,17,18,0,21
5,4,3,7,8,9,10,12,88,13,15,16,17,18,0,21
5,4,3,7,8,9,10,12,88,13,15,16,17,18,0,21
5,4,3,7,8,9,10,12,88,13,15,16,17,18,0,21
5,4,3,7,8,9,10,12,88,13,15,16,17,18,0,21
5,4,3,7,8,9,10,12,88,13,15,16,17,18,0,21
5,4,3,7,8,9,10,12,88,13,15,16,17,18,0,21
5,4,3,7,8,9,10,12,88,13,15,16,17,18,0,21
5,4,3,7,8,9,10,12,88,13,15,16,17,18,0,21
5,4,3,7,8,9,10,12,88,13,15,16,17,18,0,21
5,4,3,7,8,9,10,12,88,13,15,16,17,18,0,21
5,4,3,7,8,9,10,12,88,13,15,16,17,18,0,21
5,4,3,7,8,9,10,12,88,13,15,16,17,18,0,21
5,4,3,7,8,9,10,12,88,13,15,16,17,18,0,21
5,4,3,7,8,9,10,12,88,13,15,16,17,18,0,21
5,4,3,7,8,9,10,12,88,13,15,16,17,18,0,21
5,4,3,7,8,9,10,12,88,13,15,16,17,18,0,21
5,4,3,7,8,9,10,12,88,13,15,16,17,18,0,21
5,4,3,7,8,9,10,12,88,13,15,16,17,18,0,21
5,4,3,7,8,9,10,12,88,13,15,16,17,18,0,21
5,4,3,7,8,9,10,12,88,13,15,16,17,18,0,21
5,4,3,7,8,9,10,12,88,13,15,16,17,18,0,21
5,4,3,7,8,9,10,12,88,13,15,16,17,18,0,21
5,4,3,7,8,9,10,12,88,13,15,16,17,18,0,21
5,4,3,7,8,9,10,12,88,13,15,16,17,18,0,21
5,4,3,7,8,9,10,12,88,13,15,16,17,18,0,21
5,4,3,7,8,9,10,12,88,13,15,16,17,18,0,21
5,4,3,7,8,9,10,12,88,13,15,16,17,18,0,21
5,4,3,7,8,9,10,12,88,13,15,16,17,18,0,21
5,4,3,7,8,9,10,12,88,13,15,16,17,18,0,21
5,4,3,7,8,9,10,12,88,13,15,16,17,18,0,21
5,4,3,7,8,9,10,12,88,13,15,16,17,18,0,21
5,4,3,7,8,9,10,12,88,13,15,16,17,18,0,21
5,4,3,7,8,9,10,12,88,13,15,16,17,18,0,21
5,4,3,7,8,9,10,12,88,13,15,16,17,18,0,21
5,4,3,7,8,9,10,12,88,13,15,16,17,18,0,21
5,4,3,7,8,9,10,12,88,13,15,16,17,18,0,21
5,4,3,7,8,9,10,12,88,13,15,16,17,18,0,21
5,4,3,7,8,9,10,12,88,13,15,16,17,18,0,21
5,4,3,7,8,9,10,12,88,13,15,16,17,18,0,21
5,4,3,7,8,9,10,12,88,13,15,16,17,18,0,21
5,4,3,7,8,9,10,12,88,13,15,16,17,18,0,21
5,4,3,7,8,9,10,12,88,13,15,16,17,18,0,21
5,4,3,7,8,9,10,12,88,13,15,16,17,18,0,21
5,4,3,7,8,9,10,12,88,13,15,16,17,18,0,21
5,4,3,7,8,9,10,12,88,13,15,16,17,18,0,21
5,4,3,7,8,9,10,12,88,13,15,16,17,18,0,21
5,4,3,7,8,9,10,12,88,13,15,16,17,18,0,21
5,4,3,7,8,9,10,12,88,13,15,16,17,18,0,21
5,4,3,7,8,9,10,12,88,13,15,16,17,18,0,21
5,4,3,7,8,9,10,12,88,13,15,16,17,18,0,21
5,4,3,7,8,9,10,12,88,13,15,16,17,18,0,21
5,4,3,7,8,9,10,12,88,13,15,16,17,18,0,21
5,4,3,7,8,9,10,12,88,13,15,16,17,18,0,21
5,4,3,7,8,9,10,12,88,13,15,16,17,18,0,21
5,4,3,7,8,9,10,12,88,13,15,16,17,18,0,21
5,4,3,7,8,9,10,12,88,13,15,16,17,18,0,21
5,4,3,7,8,9,10,12,88,13,15,16,17,18,0,21
5,4,3,7,8,9,10,12,88,13,15,16,17,18,0,21
5,4,3,7,8,9,10,12,88,13,15,16,17,18,0,21
5,4,3,7,8,9,10,12,88,13,15,16,17,18,0,21
5,4,3,7,8,9,10,12,88,13,15,16,17,18,0,21
5,4,3,7,8,9,10,12,88,13,15,16,17,18,0,21
5,4,3,7,8,9,10,12,88,13,15,16,17,18,0,21
5,4,3,7,8,9,10,12,88,13,15,16,17,18,0,21
5,4,3,7,8,9,10,12,88,13,15,16,17,18,0,21
5,4,3,7,8,9,10,12,88,13,15,16,17,18,0,21
5,4,3,7,8,9,10,12,88,13,15,16,17,18,0,21
5,4,3,7,8,9,10,12,88,13,15,16,17,18,0,21
5,4,3,7,8,9,10,12,88,13,15,16,17,18,0,21
5,4,3,7,8,9,10,12,88,13,15,16,17,18,0,21
5,4,3,7,8,9,10,12,88,13,15,16,17,18,0,21
5,4,3,7,8,9,10,12,88,13,15,16,17,18,0,21
5,4,3,7,8,9,10,12,88,13,15,16,17,18,0,21
5,4,3,7,8,9,10,12,88,13,15,16,17,18,0,21
5,4,3,7,8,9,10,12,88,13,15,16,17,18,0,21
5,4,3,7,8,9,10,12,88,13,15,16,17,18,0,21
5,4,3,7,8,9,10,12,88,13,15,16,17,18,0,21
5,4,3,7,8,9,10,12,88,13,15,16,17,18,0,21
5,4,3,7,8,9,10,12,88,13,15,16,17,18,0,21
5,4,3,7,8,9,10,12,88,13,15,16,17,18,0,21
5,4,3,7,8,9,10,12,88,13,15,16,17,18,0,21
5,4,3,7,8,9,10,12,88,13,15,16,17,18,0,21
5,4,3,7,8,9,10,12,88,13,15,16,17,18,0,21
5,4,3,7,8,9,10,12,88,13,15,16,17,18,0,21
5,4,3,7,8,9,10,12,88,13,15,16,17,18,0,21
5,4,3,7,8,9,10,12,88,13,15,16,17,18,0,21
5,4,3,7,8,9,10,12,88,13,15,16,17,18,0,21
5,4,3,7,8,9,10,12,88,13,15,16,17,18,0,21
5,4,3,7,8,9,10,12,88,13,15,16,17,18,0,21
5,4,3,7,8,9,10,12,88,13,15,16,17,18,0,21
5,4,3,7,8,9,10,12,88,13,15,16,17,18,0,21
5,4,3,7,8,9,10,12,88,13,15,16,17,18,0,21
5,4,3,7,8,9,10,12,88,13,15,16,17,18,0,21
5,4,3,7,8,9,10,12,88,13,15,16,17,18,0,21
5,4,3,7,8,9,10,12,88,13,15,16,17,18,0,21
5,4,3,7,8,9,10,12,88,13,15,16,17,18,0,21
5,4,3,7,8,9,10,12,88,13,15,16,17,18,0,21
5,4,3,7,8,9,10,12,88,13,15,16,17,18,0,21
5,4,3,7,8,9,10,12,88,13,15,16,17,18,0,21
5,4,3,7,8,9,10,12,88,13,15,16,17,18,0,21
5,4,3,7,8,9,10,12,88,13,15,16,17,18,0,21
5,4,3,7,8,9,10,12,88,13,15,16,17,18,0,21
5,4,3,7,8,9,10,12,88,13,15,16,17,18,0,21
5,4,3,7,8,9,10,12,88,13,15,16,17,18,0,21
5,4,3,7,8,9,10,12,88,13,15,16,17,18,0,21
5,4,3,7,8,9,10,12,88,13,15,16,17,18,0,21
5,4,3,7,8,9,10,12,88,13,15,16,17,18,0,21
5,4,3,7,8,9,10,12,88,13,15,16,17,18,0,21
5,4,3,7,8,9,10,12,88,13,15,16,17,18,0,21
5,4,3,7,8,9,10,12,88,13,15,16,17,18,0,21
5,4,3,7,8,9,10,12,88,13,15,16,17,18,0,21
5,4,3,7,8,9,10,12,88,13,15,16,17,18,0,21
5,4,3,7,8,9,10,12,88,13,15,16,17,18,0,21
5,4,3,7,8,9,10,12,88,13,15,16,17,18,0,21
5,4,3,7,8,9,10,12,88,13,15,16,17,18,0,21
5,4,3,7,8,9,10,12,88,13,15,16,17,18,0,21
5,4,3,7,8,9,10,12,88,13,15,16,17,18,0,21
5,4,3,7,8,9,10,12,88,13,15,16,17,18,0,21
5,4,3,7,8,9,10,12,88,13,15,16,17,18,0,21
5,4,3,7,8,9,10,12,88,13,15,16,17,18,0,21
5,4,3,7,8,9,10,12,88,13,15,16,17,18,0,21
5,4,3,7,8,9,10,12,88,13,15,16,17,18,0,21
5,4,3,7,8,9,10,12,88,13,15,16,17,18,0,21
5,4,3,7,8,9,10,12,88,13,15,16,17,18,0,21
5,4,3,7,8,9,10,12,88,13,15,16,17,18,0,21
5,4,3,7,8,9,10,12,88,13,15,16,17,18,0,21
5,4,3,7,8,9,10,12,88,13,15,16,17,18,0,21
5,4,3,7,8,9,10,12,88,13,15,16,17,18,0,21
5,4,3,7,8,9,10,12,88,13,15,16,17,18,0,21
5,4,3,7,8,9,10,12,88,13,15,16,17,18,0,21
5,4,3,7,8,9,10,12,88,13,15,16,17,18,0,21
5,4,3,7,8,9,10,12,88,13,15,16,17,18,0,21
5,4,3,7,8,9,10,12,88,13,15,16,17,18,0,21
5,4,3,7,8,9,10,12,88,13,15,16,17,18,0,21
5,4,3,7,8,9,10,12,88,13,15,16,17,18,0,21
5,4,3,7,8,9,10,12,88,13,15,16,17,18,0,21
5,4,3,7,8,9,10,12,88,13,15,16,17,18,0,21
5,4,3,7,8,9,10,12,88,13,15,16,17,18,0,21
5,4,3,7,8,9,10,12,88,13,15,16,17,18,0,21
5,4,3,7,8,9,10,12,88,13,15,16,17,18,0,21
5,4,3,7,8,9,10,12,88,13,15,16,17,18,0,21
5,4,3,7,8,9,10,12,88,13,15,16,17,18,0,21
5,4,3,7,8,9,10,12,88,13,15,16,17,18,0,21
5,4,3,7,8,9,10,12,88,13,15,16,17,18,0,21
5,4,3,7,8,9,10,12,88,13,15,16,17,18,0,21
5,4,3,7,8,9,10,12,88,13,15,16,17,18,0,21
5,4,3,7,8,9,10,12,88,13,15,16,17,18,0,21
5,4,3,7,8,9,10,12,88,13,15,16,17,18,0,21
5,4,3,7,8,9,10,12,88,13,15,16,17,18,0,21
5,4,3,7,8,9,10,12,88,13,15,16,17,18,0,21
5,4,3,7,8,9,10,12,88,13,15,16,17,18,0,21
5,4,3,7,8,9,10,12,88,13,15,16,17,18,0,21
5,4,3,7,8,9,10,12,88,13,15,16,17,18,0,21
5,4,3,7,8,9,10,12,88,13,15,16,17,18,0,21
5,4,3,7,8,9,10,12,88,13,15,16,17,18,0,21
5,4,3,7,8,9,10,12,88,13,15,16,17,18,0,21
5,4,3,7,8,9,10,12,88,13,15,16,17,18,0,21
5,4,3,7,8,9,10,12,88,13,15,16,17,18,0,21
5,4,3,7,8,9,10,12,88,13,15,16,17,18,0,21
5,4,3,7,8,9,10,12,88,13,15,16,17,18,0,21
5,4,3,7,8,9,10,12,88,13,15,16,17,18,0,21
5,4,3,7,8,9,10,12,88,13,15,16,17,18,0,21
5,4,3,7,8,9,10,12,88,13,15,16,17,18,0,21
5,4,3,7,8,9,10,12,88,13,15,16,17,18,0,21
5,4,3,7,8,9,10,12,88,13,15,16,17,18,0,21
5,4,3,7,8,9,10,12,88,13,15,16,17,18,0,21
5,4,3,7,8,9,10,12,88,13,15,16,17,18,0,21
5,4,3,7,8,9,10,12,88,13,15,16,17,18,0,21
5,4,3,7,8,9,10,12,88,13,15,16,17,18,0,21
5,4,3,7,8,9,10,12,88,13,15,16,17,18,0,21
5,4,3,7,8,9,10,12,88,13,15,16,17,18,0,21
5,4,3,7,8,9,10,12,88,13,15,16,17,18,0,21
5,4,3,7,8,9,10,12,88,13,15,16,17,18,0,21
5,4,3,7,8,9,10,12,88,13,15,16,17,18,0,21
5,4,3,7,8,9,10,12,88,13,15,16,17,18,0,21
5,4,3,7,8,9,10,12,88,13,15,16,17,18,0,21
5,4,3,7,8,9,10,12,88,13,15,16,17,18,0,21
5,4,3,7,8,9,10,12,88,13,15,16,17,18,0,21
5,4,3,7,8,9,10,12,88,13,15,16,17,18,0,21
5,4,3,7,8,9,10,12,88,13,15,16,17,18,0,21
5,4,3,7,8,9,10,12,88,13,15,16,17,18,0,21
5,4,3,7,8,9,10,12,88,13,15,16,17,18,0,21
5,4,3,7,8,9,10,12,88,13,15,16,17,18,0,21
5,4,3,7,8,9,10,12,88,13,15,16,17,18,0,21
5,4,3,7,8,9,10,12,88,13,15,16,17,18,0,21
5,4,3,7,8,9,10,12,88,13,15,16,17,18,0,21
5,4,3,7,8,9,10,12,88,13,15,16,17,18,0,21
5,4,3,7,8,9,10,12,88,13,15,16,17,18,0,21
5,4,3,7,8,9,10,12,88,13,15,16,17,18,0,21
5,4,3,7,8,9,10,12,88,13,15,16,17,18,0,21
5,4,3,7,8,9,10,12,88,13,15,16,17,18,0,21
5,4,3,7,8,9,10,12,88,13,15,16,17,18,0,21
5,4,3,7,8,9,10,12,88,13,15,16,17,18,0,21
5,4,3,7,8,9,10,12,88,13,15,16,17,18,0,21
5,4,3,7,8,9,10,12,88,13,15,16,17,18,0,21
5,4,3,7,8,9,10,12,88,13,15,16,17,18,0,21
5,4,3,7,8,9,10,12,88,13,15,16,17,18,0,21
5,4,3,7,8,9,10,12,88,13,15,16,17,18,0,21
5,4,3,7,8,9,10,12,88,13,15,16,17,18,0,21
5,4,3,7,8,9,10,12,88,13,15,16,17,18,0,21
5,4,3,7,8,9,10,12,88,13,15,16,17,18,0,21
5,4,3,7,8,9,10,12,88,13,15,16,17,18,0,21
5,4,3,7,8,9,10,12,88,13,15,16,17,18,0,21
5,4,3,7,8,9,10,12,88,13,15,16,17,18,0,21
5,4,3,7,8,9,10,12,88,13,15,16,17,18,0,21
5,4,3,7,8,9,10,12,88,13,15,16,17,18,0,21
5,4,3,7,8,9,10,12,88,13,15,16,17,18,0,21
5,4,3,7,8,9,10,12,88,13,15,16,17,18,0,21
5,4,3,7,8,9,10,12,88,13,15,16,17,18,0,21
5,4,3,7,8,9,10,12,88,13,15,16,17,18,0,21
5,4,3,7,8,9,10,12,88,13,15,16,17,18,0,21
5,4,3,7,8,9,10,12,88,13,15,16,17,18,0,21
5,4,3,7,8,9,10,12,88,13,15,16,17,18,0,21
5,4,3,7,8,9,10,12,88,13,15,16,17,18,0,21
5,4,3,7,8,9,10,12,88,13,15,16,17,18,0,21
5,4,3,7,8,9,10,12,88,13,15,16,17,18,0,21
5,4,3,7,8,9,10,12,88,13,15,16,17,18,0,21
5,4,3,7,8,9,10,12,88,13,15,16,17,18,0,21
5,4,3,7,8,9,10,12,88,13,15,16,17,18,0,21
5,4,3,7,8,9,10,12,88,13,15,16,17,18,0,21
5,4,3,7,8,9,10,12,88,13,15,16,17,18,0,21
5,4,3,7,8,9,10,12,88,13,15,16,17,18,0,21
5,4,3,7,8,9,10,12,88,13,15,16,17,18,0,21
5,4,3,7,8,9,10,12,88,13,15,16,17,18,0,21
5,4,3,7,8,9,10,12,88,13,15,16,17,18,0,21
5,4,3,7,8,9,10,12,88,13,15,16,17,18,0,21
5,4,3,7,8,9,10,12,88,13,15,16,17,18,0,21
5,4,3,7,8,9,10,12,88,13,15,16,17,18,0,21
5,4,3,7,8,9,10,12,88,13,15,16,17,18,0,21
5,4,3,7,8,9,10,12,88,13,15,16,17,18,0,21
5,4,3,7,8,9,10,12,88,13,15,16,17,18,0,21
5,4,3,7,8,9,10,12,88,13,15,16,17,18,0,21
5,4,3,7,8,9,10,12,88,13,15,16,17,18,0,21
5,4,3,7,8,9,10,12,88,13,15,16,17,18,0,21
5,4,3,7,8,9,10,12,88,13,15,16,17,18,0,21
5,4,3,7,8,9,10,12,88,13,15,16,17,18,0,21
5,4,3,7,8,9,10,12,88,13,15,16,17,18,0,21
5,4,3,7,8,9,10,12,88,13,15,16,17,18,0,21
5,4,3,7,8,9,10,12,88,13,15,16,17,18,0,21
5,4,3,7,8,9,10,12,88,13,15,16,17,18,0,21
5,4,3,7,8,9,10,12,88,13,15,16,17,18,0,21
5,4,3,7,8,9,10,12,88,13,15,16,17,18,0,21
5,4,3,7,8,9,10,12,88,13,15,16,17,18,0,21
5,4,3,7,8,9,10,12,88,13,15,16,17,18,0,21
5,4,3,7,8,9,10,12,88,13,15,16,17,18,0,21
5,4,3,7,8,9,10,12,88,13,15,16,17,18,0,21
5,4,3,7,8,9,10,12,88,13,15,16,17,18,0,21
5,4,3,7,8,9,10,12,88,13,15,16,17,18,0,21
5,4,3,7,8,9,10,12,88,13,15,16,17,18,0,21
5,4,3,7,8,9,10,12,88,13,15,16,17,18,0,21
5,4,3,7,8,9,10,12,88,13,15,16,17,18,0,21
5,4,3,7,8,9,10,12,88,13,15,16,17,18,0,21
5,4,3,7,8,9,10,12,88,13,15,16,17,18,0,21
5,4,3,7,8,9,10,12,88,13,15,16,17,18,0,21
5,4,3,7,8,9,10,12,88,13,15,16,17,18,0,21
5,4,3,7,8,9,10,12,88,13,15,16,17,18,0,21
5,4,3,7,8,9,10,12,88,13,15,16,17,18,0,21
5,4,3,7,8,9,10,12,88,13,15,16,17,18,0,21
5,4,3,7,8,9,10,12,88,13,15,16,17,18,0,21
5,4,3,7,8,9,10,12,88,13,15,16,17,18,0,21
5,4,3,7,8,9,10,12,88,13,15,16,17,18,0,21
5,4,3,7,8,9,10,12,88,13,15,16,17,18,0,21
5,4,3,7,8,9,10,12,88,13,15,16,17,18,0,21
5,4,3,7,8,9,10,12,88,13,15,16,17,18,0,21
5,4,3,7,8,9,10,12,88,13,15,16,17,18,0,21
5,4,3,7,8,9,10,12,88,13,15,16,17,18,0,21
5,4,3,7,8,9,10,12,88,13,15,16,17,18,0,21
5,4,3,7,8,9,10,12,88,13,15,16,17,18,0,21
5,4,3,7,8,9,10,12,88,13,15,16,17,18,0,21
5,4,3,7,8,9,10,12,88,13,15,16,17,18,0,21
5,4,3,7,8,9,10,12,88,13,15,16,17,18,0,21
5,4,3,7,8,9,10,12,88,13,15,16,17,18,0,21
5,4,3,7,8,9,10,12,88,13,15,16,17,18,0,21
5,4,3,7,8,9,10,12,88,13,15,16,17,18,0,21
5,4,3,7,8,9,10,12,88,13,15,16,17,18,0,21
5,4,3,7,8,9,10,12,88,13,15,16,17,18,0,21
5,4,3,7,8,9,10,12,88,13,15,16,17,18,0,21
5,4,3,7,8,9,10,12,88,13,15,16,17,18,0,21
5,4,3,7,8,9,10,12,88,13,15,16,17,18,0,21
5,4,3,7,8,9,10,12,88,13,15,16,17,18,0,21
5,4,3,7,8,9,10,12,88,13,15,16,17,18,0,21
5,4,3,7,8,9,10,12,88,13,15,16,17,18,0,21
5,4,3,7,8,9,10,12,88,13,15,16,17,18,0,21
5,4,3,7,8,9,10,12,88,13,15,16,17,18,0,21
5,4,3,7,8,9,10,12,88,13,15,16,17,18,0,21
5,4,3,7,8,9,10,12,88,13,15,16,17,18,0,21
5,4,3,7,8,9,10,12,88,13,15,16,17,18,0,21
5,4,3,7,8,9,10,12,88,13,15,16,17,18,0,21
5,4,3,7,8,9,10,12,88,13,15,16,17,18,0,21
5,4,3,7,8,9,10,12,88,13,15,16,17,18,0,21
5,4,3,7,8,9,10,12,88,13,15,16,17,18,0,21
5,4,3,7,8,9,10,12,88,13,15,16,17,18,0,21
5,4,3,7,8,9,10,12,88,13,15,16,17,18,0,21
5,4,3,7,8,9,10,12,88,13,15,16,17,18,0,21
5,4,3,7,8,9,10,12,88,13,15,16,17,18,0,21
5,4,3,7,8,9,10,12,88,13,15,16,17,18,0,21
5,4,3,7,8,9,10,12,88,13,15,16,17,18,0,21
5,4,3,7,8,9,10,12,88,13,15,16,17,18,0,21
5,4,3,7,8,9,10,12,88,13,15,16,17,18,0,21
5,4,3,7,8,9,10,12,88,13,15,16,17,18,0,21
5,4,3,7,8,9,10,12,88,13,15,16,17,18,0,21
5,4,3,7,8,9,10,12,88,13,15,16,17,18,0,21
5,4,3,7,8,9,10,12,88,13,15,16,17,18,0,21
5,4,3,7,8,9,10,12,88,13,15,16,17,18,0,21
5,4,3,7,8,9,10,12,88,13,15,16,17,18,0,21
5,4,3,7,8,9,10,12,88,13,15,16,17,18,0,21
5,4,3,7,8,9,10,12,88,13,15,16,17,18,0,21
5,4,3,7,8,9,10,12,88,13,15,16,17,18,0,21
5,4,3,7,8,9,10,12,88,13,15,16,17,18,0,21
5,4,3,7,8,9,10,12,88,13,15,16,17,18,0,21
5,4,3,7,8,9,10,12,88,13,15,16,17,18,0,21
5,4,3,7,8,9,10,12,88,13,15,16,17,18,0,21
5,4,3,7,8,9,10,12,88,13,15,16,17,18,0,21
5,4,3,7,8,9,10,12,88,13,15,16,17,18,0,21
5,4,3,7,8,9,10,12,88,13,15,16,17,18,0,21
5,4,3,7,8,9,10,12,88,13,15,16,17,18,0,21
5,4,3,7,8,9,10,12,88,13,15,16,17,18,0,21
5,4,3,7,8,9,10,12,88,13,15,16,17,18,0,21
5,4,3,7,8,9,10,12,88,13,15,16,17,18,0,21
5,4,3,7,8,9,10,12,88,13,15,16,17,18,0,21
5,4,3,7,8,9,10,12,88,13,15,16,17,18,0,21
5,4,3,7,8,9,10,12,88,13,15,16,17,18,0,21
5,4,3,7,8,9,10,12,88,13,15,16,17,18,0,21
5,4,3,7,8,9,10,12,88,13,15,16,17,18,0,21
5,4,3,7,8,9,10,12,88,13,15,16,17,18,0,21
5,4,3,7,8,9,10,12,88,13,15,16,17,18,0,21
5,4,3,7,8,9,10,12,88,13,15,16,17,18,0,21
5,4,3,7,8,9,10,12,88,13,15,16,17,18,0,21
5,4,3,7,8,9,10,12,88,13,15,16,17,18,0,21
5,4,3,7,8,9,10,12,88,13,15,16,17,18,0,21
5,4,3,7,8,9,10,12,88,13,15,16,17,18,0,21
5,4,3,7,8,9,10,12,88,13,15,16,17,18,0,21
5,4,3,7,8,9,10,12,88,13,15,16,17,18,0,21
5,4,3,7,8,9,10,12,88,13,15,16,17,18,0,21
5,4,3,7,8,9,10,12,88,13,15,16,17,18,0,21
5,4,3,7,8,9,10,12,88,13,15,16,17,18,0,21
5,4,3,7,8,9,10,12,88,13,15,16,17,18,0,21
5,4,3,7,8,9,10,12,88,13,15,16,17,18,0,21
5,4,3,7,8,9,10,12,88,13,15,16,17,18,0,21
5,4,3,7,8,9,10,12,88,13,15,16,17,18,0,21
5,4,3,7,8,9,10,12,88,13,15,16,17,18,0,21
5,4,3,7,8,9,10,12,88,13,15,16,17,18,0,21
5,4,3,7,8,9,10,12,88,13,15,16,17,18,0,21
5,4,3,7,8,9,10,12,88,13,15,16,17,18,0,21
5,4,3,7,8,9,10,12,88,13,15,16,17,18,0,21
5,4,3,7,8,9,10,12,88,13,15,16,17,18,0,21
5,4,3,7,8,9,10,12,88,13,15,16,17,18,0,21
5,4,3,7,8,9,10,12,88,13,15,16,17,18,0,21
5,4,3,7,8,9,10,12,88,13,15,16,17,18,0,21
5,4,3,7,8,9,10,12,88,13,15,16,17,18,0,21
5,4,3,7,8,9,10,12,88,13,15,16,17,18,0,21
5,4,3,7,8,9,10,12,88,13,15,16,17,18,0,21
5,4,3,7,8,9,10,12,88,13,15,16,17,18,0,21
5,4,3,7,8,9,10,12,88,13,15,16,17,18,0,21
5,4,3,7,8,9,10,12,88,13,15,16,17,18,0,21
5,4,3,7,8,9,10,12,88,13,15,16,17,18,0,21
5,4,3,7,8,9,10,12,88,13,15,16,17,18,0,21
5,4,3,7,8,9,10,12,88,13,15,16,17,18,0,21
5,4,3,7,8,9,10,12,88,13,15,16,17,18,0,21
5,4,3,7,8,9,10,12,88,13,15,16,17,18,0,21
5,4,3,7,8,9,10,12,88,13,15,16,17,18,0,21
5,4,3,7,8,9,10,12,88,13,15,16,17,18,0,21
5,4,3,7,8,9,10,12,88,13,15,16,17,18,0,21
5,4,3,7,8,9,10,12,88,13,15,16,17,18,0,21
5,4,3,7,8,9,10,12,88,13,15,16,17,18,0,21
5,4,3,7,8,9,10,12,88,13,15,16,17,18,0,21
5,4,3,7,8,9,10,12,88,13,15,16,17,18,0,21
5,4,3,7,8,9,10,12,88,13,15,16,17,18,0,21
5,4,3,7,8,9,10,12,88,13,15,16,17,18,0,21
5,4,3,7,8,9,10,12,88,13,15,16,17,18,0,21
5,4,3,7,8,9,10,12,88,13,15,16,17,18,0,21
5,4,3,7,8,9,10,12,88,13,15,16,17,18,0,21
5,4,3,7,8,9,10,12,88,13,15,16,17,18,0,21
5,4,3,7,8,9,10,12,88,13,15,16,17,18,0,21
5,4,3,7,8,9,10,12,88,13,15,16,17,18,0,21
5,4,3,7,8,9,10,12,88,13,15,16,17,18,0,21
5,4,3,7,8,9,10,12,88,13,15,16,17,18,0,21
5,4,3,7,8,9,10,12,88,13,15,16,17,18,0,21
5,4,3,7,8,9,10,12,88,13,15,16,17,18,0,21
5,4,3,7,8,9,10,12,88,13,15,16,17,18,0,21
5,4,3,7,8,9,10,12,88,13,15,16,17,18,0,21
5,4,3,7,8,9,10,12,88,13,15,16,17,18,0,21
5,4,3,7,8,9,10,12,88,13,15,16,17,18,0,21
5,4,3,7,8,9,10,12,88,13,15,16,17,18,0,21
5,4,3,7,8,9,10,12,88,13,15,16,17,18,0,21
5,4,3,7,8,9,10,12,88,13,15,16,17,18,0,21
5,4,3,7,8,9,10,12,88,13,15,16,17,18,0,21
5,4,3,7,8,9,10,12,88,13,15,16,17,18,0,21
5,4,3,7,8,9,10,12,88,13,15,16,17,18,0,21
5,4,3,7,8,9,10,12,88,13,15,16,17,18,0,21
5,4,3,7,8,9,10,12,88,13,15,16,17,18,0,21
5,4,3,7,8,9,10,12,88,13,15,16,17,18,0,21
5,4,3,7,8,9,10,12,88,13,15,16,17,18,0,21
5,4,3,7,8,9,10,12,88,13,15,16,17,18,0,21
5,4,3,7,8,9,10,12,88,13,15,16,17,18,0,21
5,4,3,7,8,9,10,12,88,13,15,16,17,18,0,21
5,4,3,7,8,9,10,12,88,13,15,16,17,18,0,21
5,4,3,7,8,9,10,12,88,13,15,16,17,18,0,21
5,4,3,7,8,9,10,12,88,13,15,16,17,18,0,21
5,4,3,7,8,9,10,12,88,13,15,16,17,18,0,21
5,4,3,7,8,9,10,12,88,13,15,16,17,18,0,21
5,4,3,7,8,9,10,12,88,13,15,16,17,18,0,21
5,4,3,7,8,9,10,12,88,13,15,16,17,18,0,21
5,4,3,7,8,9,10,12,88,13,15,16,17,18,0,21
5,4,3,7,8,9,10,12,88,13,15,16,17,18,0,21
5,4,3,7,8,9,10,12,88,13,15,16,17,18,0,21
5,4,3,7,8,9,10,12,88,13,15,16,17,18,0,21
5,4,3,7,8,9,10,12,88,13,15,16,17,18,0,21
5,4,3,7,8,9,10,12,88,13,15,16,17,18,0,21
5,4,3,7,8,9,10,12,88,13,15,16,17,18,0,21
5,4,3,7,8,9,10,12,88,13,15,16,17,18,0,21
5,4,3,7,8,9,10,12,88,13,15,16,17,18,0,21
5,4,3,7,8,9,10,12,88,13,15,16,17,18,0,21
5,4,3,7,8,9,10,12,88,13,15,16,17,18,0,21
5,4,3,7,8,9,10,12,88,13,15,16,17,18,0,21
5,4,3,7,8,9,10,12,88,13,15,16,17,18,0,21
5,4,3,7,8,9,10,12,88,13,15,16,17,18,0,21
5,4,3,7,8,9,10,12,88,13,15,16,17,18,0,21
5,4,3,7,8,9,10,12,88,13,15,16,17,18,0,21
5,4,3,7,8,9,10,12,88,13,15,16,17,18,0,21
5,4,3,7,8,9,10,12,88,13,15,16,17,18,0,21
5,4,3,7,8,9,10,12,88,13,15,16,17,18,0,21
5,4,3,7,8,9,10,12,88,13,15,16,17,18,0,21
5,4,3,7,8,9,10,12,88,13,15,16,17,18,0,21
5,4,3,7,8,9,10,12,88,13,15,16,17,18,0,21
5,4,3,7,8,9,10,12,88,13,15,16,17,18,0,21
5,4,3,7,8,9,10,12,88,13,15,16,17,18,0,21
5,4,3,7,8,9,10,12,88,13,15,16,17,18,0,21
5,4,3,7,8,9,10,12,88,13,15,16,17,18,0,21
5,4,3,7,8,9,10,12,88,13,15,16,17,18,0,21
5,4,3,7,8,9,10,12,88,13,15,16,17,18,0,21
5,4,3,7,8,9,10,12,88,13,15,16,17,18,0,21
5,4,3,7,8,9,10,12,88,13,15,16,17,18,0,21
5,4,3,7,8,9,10,12,88,13,15,16,17,18,0,21
5,4,3,7,8,9,10,12,88,13,15,16,17,18,0,21
5,4,3,7,8,9,10,12,88,13,15,16,17,18,0,21
5,4,3,7,8,9,10,12,88,13,15,16,17,18,0,21
5,4,3,7,8,9,10,12,88,13,15,16,17,18,0,21
5,4,3,7,8,9,10,12,88,13,15,16,17,18,0,21
5,4,3,7,8,9,10,12,88,13,15,16,17,18,0,21
5,4,3,7,8,9,10,12,88,13,15,16,17,18,0,21
5,4,3,7,8,9,10,12,88,13,15,16,17,18,0,21
5,4,3,7,8,9,10,12,88,13,15,16,17,18,0,21
5,4,3,7,8,9,10,12,88,13,15,16,17,18,0,21
5,4,3,7,8,9,10,12,88,13,15,16,17,18,0,21
5,4,3,7,8,9,10,12,88,13,15,16,17,18,0,21
5,4,3,7,8,9,10,12,88,13,15,16,17,18,0,21
5,4,3,7,8,9,10,12,88,13,15,16,17,18,0,21
5,4,3,7,8,9,10,12,88,13,15,16,17,18,0,21
5,4,3,7,8,9,10,12,88,13,15,16,17,18,0,21
5,4,3,7,8,9,10,12,88,13,15,16,17,18,0,21
5,4,3,7,8,9,10,12,88,13,15,16,17,18,0,21
5,4,3,7,8,9,10,12,88,13,15,16,17,18,0,21
5,4,3,7,8,9,10,12,88,13,15,16,17,18,0,21
5,4,3,7,8,9,10,12,88,13,15,16,17,18,0,21
5,4,3,7,8,9,10,12,88,13,15,16,17,18,0,21
5,4,3,7,8,9,10,12,88,13,15,16,17,18,0,21
5,4,3,7,8,9,10,12,88,13,15,16,17,18,0,21
5,4,3,7,8,9,10,12,88,13,15,16,17,18,0,21
5,4,3,7,8,9,10,12,88,13,15,16,17,18,0,21
5,4,3,7,8,9,10,12,88,13,15,16,17,18,0,21
5,4,3,7,8,9,10,12,88,13,15,16,17,18,0,21
5,4,3,7,8,9,10,12,88,13,15,16,17,18,0,21
5,4,3,7,8,9,10,12,88,13,15,16,17,18,0,21
5,4,3,7,8,9,10,12,88,13,15,16,17,18,0,21
5,4,3,7,8,9,10,12,88,13,15,16,17,18,0,21
5,4,3,7,8,9,10,12,88,13,15,16,17,18,0,21
5,4,3,7,8,9,10,12,88,13,15,16,17,18,0,21
5,4,3,7,8,9,10,12,88,13,15,16,17,18,0,21
5,4,3,7,8,9,10,12,88,13,15,16,17,18,0,21
5,4,3,7,8,9,10,12,88,13,15,16,17,18,0,21
5,4,3,7,8,9,10,12,88,13,15,16,17,18,0,21
5,4,3,7,8,9,10,12,88,13,15,16,17,18,0,21
5,4,3,7,8,9,10,12,88,13,15,16,17,18,0,21
5,4,3,7,8,9,10,12,88,13,15,16,17,18,0,21
5,4,3,7,8,9,10,12,88,13,15,16,17,18,0,21
5,4,3,7,8,9,10,12,88,13,15,16,17,18,0,21
5,4,3,7,8,9,10,12,88,13,15,16,17,18,0,21
5,4,3,7,8,9,10,12,88,13,15,16,17,18,0,21
5,4,3,7,8,9,10,12,88,13,15,16,17,18,0,21
5,4,3,7,8,9,10,12,88,13,15,16,17,18,0,21
5,4,3,7,8,9,10,12,88,13,15,16,17,18,0,21
5,4,3,7,8,9,10,12,88,13,15,16,17,18,0,21
5,4,3,7,8,9,10,12,88,13,15,16,17,18,0,21
5,4,3,7,8,9,10,12,88,13,15,16,17,18,0,21
5,4,3,7,8,9,10,12,88,13,15,16,17,18,0,21
5,4,3,7,8,9,10,12,88,13,15,16,17,18,0,21
5,4,3,7,8,9,10,12,88,13,15,16,17,18,0,21
5,4,3,7,8,9,10,12,88,13,15,16,17,18,0,21
5,4,3,7,8,9,10,12,88,13,15,16,17,18,0,21
5,4,3,7,8,9,10,12,88,13,15,16,17,18,0,21
5,4,3,7,8,9,10,12,88,13,15,16,17,18,0,21
5,4,3,7,8,9,10,12,88,13,15,16,17,18,0,21
5,4,3,7,8,9,10,12,88,13,15,16,17,18,0,21
5,4,3,7,8,9,10,12,88,13,15,16,17,18,0,21
5,4,3,7,8,9,10,12,88,13,15,16,17,18,0,21
5,4,3,7,8,9,10,12,88,13,15,16,17,18,0,21
5,4,3,7,8,9,10,12,88,13,15,16,17,18,0,21
5,4,3,7,8,9,10,12,88,13,15,16,17,18,0,21
5,4,3,7,8,9,10,12,88,13,15,16,17,18,0,21
5,4,3,7,8,9,10,12,88,13,15,16,17,18,0,21
5,4,3,7,8,9,10,12,88,13,15,16,17,18,0,21
5,4,3,7,8,9,10,12,88,13,15,16,17,18,0,21
5,4,3,7,8,9,10,12,88,13,15,16,17,18,0,21
5,4,3,7,8,9,10,12,88,13,15,16,17,18,0,21
5,4,3,7,8,9,10,12,88,13,15,16,17,18,0,21
5,4,3,7,8,9,10,12,88,13,15,16,17,18,0,21
5,4,3,7,8,9,10,12,88,13,15,16,17,18,0,21
5,4,3,7,8,9,10,12,88,13,15,16,17,18,0,21
5,4,3,7,8,9,10,12,88,13,15,16,17,18,0,21
5,4,3,7,8,9,10,12,88,13,15,16,17,18,0,21
5,4,3,7,8,9,10,12,88,13,15,16,17,18,0,21
5,4,3,7,8,9,10,12,88,13,15,16,17,18,0,21
5,4,3,7,8,9,10,12,88,13,15,16,17,18,0,21
5,4,3,7,8,9,10,12,88,13,15,16,17,18,0,21
5,4,3,7,8,9,10,12,88,13,15,16,17,18,0,21
5,4,3,7,8,9,10,12,88,13,15,16,17,18,0,21
5,4,3,7,8,9,10,12,88,13,15,16,17,18,0,21
5,4,3,7,8,9,10,12,88,13,15,16,17,18,0,21
5,4,3,7,8,9,10,12,88,13,15,16,17,18,0,21
5,4,3,7,8,9,10,12,88,13,15,16,17,18,0,21
5,4,3,7,8,9,10,12,88,13,15,16,17,18,0,21
5,4,3,7,8,9,10,12,88,13,15,16,17,18,0,21
5,4,3,7,8,9,10,12,88,13,15,16,17,18,0,21
5,4,3,7,8,9,10,12,88,13,15,16,17,18,0,21
5,4,3,7,8,9,10,12,88,13,15,16,17,18,0,21
5,4,3,7,8,9,10,12,88,13,15,16,17,18,0,21
5,4,3,7,8,9,10,12,88,13,15,16,17,18,0,21
5,4,3,7,8,9,10,12,88,13,15,16,17,18,0,21
5,4,3,7,8,9,10,12,88,13,15,16,17,18,0,21
5,4,3,7,8,9,10,12,88,13,15,16,17,18,0,21
5,4,3,7,8,9,10,12,88,13,15,16,17,18,0,21
5,4,3,7,8,9,10,12,88,13,15,16,17,18,0,21
5,4,3,7,8,9,10,12,88,13,15,16,17,18,0,21
5,4,3,7,8,9,10,12,88,13,15,16,17,18,0,21
5,4,3,7,8,9,10,12,88,13,15,16,17,18,0,21
5,4,3,7,8,9,10,12,88,13,15,16,17,18,0,21
5,4,3,7,8,9,10,12,88,13,15,16,17,18,0,21
5,4,3,7,8,9,10,12,88,13,15,16,17,18,0,21
5,4,3,7,8,9,10,12,88,13,15,16,17,18,0,21
5,4,3,7,8,9,10,12,88,13,15,16,17,18,0,21
5,4,3,7,8,9,10,12,88,13,15,16,17,18,0,21
5,4,3,7,8,9,10,12,88,13,15,16,17,18,0,21
5,4,3,7,8,9,10,12,88,13,15,16,17,18,0,21
5,4,3,7,8,9,10,12,88,13,15,16,17,18,0,21
5,4,3,7,8,9,10,12,88,13,15,16,17,18,0,21
5,4,3,7,8,9,10,12,88,13,15,16,17,18,0,21
5,4,3,7,8,9,10,12,88,13,15,16,17,18,0,21
5,4,3,7,8,9,10,12,88,13,15,16,17,18,0,21
5,4,3,7,8,9,10,12,88,13,15,16,17,18,0,21
5,4,3,7,8,9,10,12,88,13,15,16,17,18,0,21
5,4,3,7,8,9,10,12,88,13,15,16,17,18,0,21
5,4,3,7,8,9,10,12,88,13,15,16,17,18,0,21
5,4,3,7,8,9,10,12,88,13,15,16,17,18,0,21
5,4,3,7,8,9,10,12,88,13,15,16,17,18,0,21
5,4,3,7,8,9,10,12,88,13,15,16,17,18,0,21
5,4,3,7,8,9,10,12,88,13,15,16,17,18,0,21
5,4,3,7,8,9,10,12,88,13,15,16,17,18,0,21
5,4,3,7,8,9,10,12,88,13,15,16,17,18,0,21
5,4,3,7,8,9,10,12,88,13,15,16,17,18,0,21
5,4,3,7,8,9,10,12,88,13,15,16,17,18,0,21
5,4,3,7,8,9,10,12,88,13,15,16,17,18,0,21
5,4,3,7,8,9,10,12,88,13,15,16,17,18,0,21
5,4,3,7,8,9,10,12,88,13,15,16,17,18,0,21
5,4,3,7,8,9,10,12,88,13,15,16,17,18,0,21
5,4,3,7,8,9,10,12,88,13,15,16,17,18,0,21
5,4,3,7,8,9,10,12,88,13,15,16,17,18,0,21
5,4,3,7,8,9,10,12,88,13,15,16,17,18,0,21
5,4,3,7,8,9,10,12,88,13,15,16,17,18,0,21
5,4,3,7,8,9,10,12,88,13,15,16,17,18,0,21
5,4,3,7,8,9,10,12,88,13,15,16,17,18,0,21
5,4,3,7,8,9,10,12,88,13,15,16,17,18,0,21
5,4,3,7,8,9,10,12,88,13,15,16,17,18,0,21
5,4,3,7,8,9,10,12,88,13,15,16,17,18,0,21
5,4,3,7,8,9,10,12,88,13,15,16,17,18,0,21
5,4,3,7,8,9,10,12,88,13,15,16,17,18,0,21
5,4,3,7,8,9,10,12,88,13,15,16,17,18,0,21
5,4,3,7,8,9,10,12,88,13,15,16,17,18,0,21
5,4,3,7,8,9,10,12,88,13,15,16,17,18,0,21
5,4,3,7,8,9,10,12,88,13,15,16,17,18,0,21
5,4,3,7,8,9,10,12,88,13,15,16,17,18,0,21
5,4,3,7,8,9,10,12,88,13,15,16,17,18,0,21
5,4,3,7,8,9,10,12,88,13,15,16,17,18,0,21
5,4,3,7,8,9,10,12,88,13,15,16,17,18,0,21
5,4,3,7,8,9,10,12,88,13,15,16,17,18,0,21
5,4,3,7,8,9,10,12,88,13,15,16,17,18,0,21
5,4,3,7,8,9,10,12,88,13,15,16,17,18,0,21
5,4,3,7,8,9,10,12,88,13,15,16,17,18,0,21
5,4,3,7,8,9,10,12,88,13,15,16,17,18,0,21
5,4,3,7,8,9,10,12,88,13,15,16,17,18,0,21
5,4,3,7,8,9,10,12,88,13,15,16,17,18,0,21
5,4,3,7,8,9,10,12,88,13,15,16,17,18,0,21
5,4,3,7,8,9,10,12,88,13,15,16,17,18,0,21
5,4,3,7,8,9,10,12,88,13,15,16,17,18,0,21
5,4,3,7,8,9,10,12,88,13,15,16,17,18,0,21
5,4,3,7,8,9,10,12,88,13,15,16,17,18,0,21
5,4,3,7,8,9,10,12,88,13,15,16,17,18,0,21
5,4,3,7,8,9,10,12,88,13,15,16,17,18,0,21
5,4,3,7,8,9,10,12,88,13,15,16,17,18,0,21
5,4,3,7,8,9,10,12,88,13,15,16,17,18,0,21
5,4,3,7,8,9,10,12,88,13,15,16,17,18,0,21
5,4,3,7,8,9,10,12,88,13,15,16,17,18,0,21
5,4,3,7,8,9,10,12,88,13,15,16,17,18,0,21
5,4,3,7,8,9,10,12,88,13,15,16,17,18,0,21
5,4,3,7,8,9,10,12,88,13,15,16,17,18,0,21
5,4,3,7,8,9,10,12,88,13,15,16,17,18,0,21
5,4,3,7,8,9,10,12,88,13,15,16,17,18,0,21
5,4,3,7,8,9,10,12,88,13,15,16,17,18,0,21
5,4,3,7,8,9,10,12,88,13,15,16,17,18,0,21
5,4,3,7,8,9,10,12,88,13,15,16,17,18,0,21
5,4,3,7,8,9,10,12,88,13,15,16,17,18,0,21
5,4,3,7,8,9,10,12,88,13,15,16,17,18,0,21
5,4,3,7,8,9,10,12,88,13,15,16,17,18,0,21
5,4,3,7,8,9,10,12,88,13,15,16,17,18,0,21
5,4,3,7,8,9,10,12,88,13,15,16,17,18,0,21
5,4,3,7,8,9,10,12,88,13,15,16,17,18,0,21
5,4,3,7,8,9,10,12,88,13,15,16,17,18,0,21
5,4,3,7,8,9,10,12,88,13,15,16,17,18,0,21
5,4,3,7,8,9,10,12,88,13,15,16,17,18,0,21
5,4,3,7,8,9,10,12,88,13,15,16,17,18,0,21
5,4,3,7,8,9,10,12,88,13,15,16,17,18,0,21
5,4,3,7,8,9,10,12,88,13,15,16,17,18,0,21
5,4,3,7,8,9,10,12,88,13,15,16,17,18,0,21
5,4,3,7,8,9,10,12,88,13,15,16,17,18,0,21
5,4,3,7,8,9,10,12,88,13,15,16,17,18,0,21
5,4,3,7,8,9,10,12,88,13,15,16,17,18,0,21
5,4,3,7,8,9,10,12,88,13,15,16,17,18,0,21
5,4,3,7,8,9,10,12,88,13,15,16,17,18,0,21
5,4,3,7,8,9,10,12,88,13,15,16,17,18,0,21
5,4,3,7,8,9,10,12,88,13,15,16,17,18,0,21
5,4,3,7,8,9,10,12,88,13,15,16,17,18,0,21
5,4,3,7,8,9,10,12,88,13,15,16,17,18,0,21
5,4,3,7,8,9,10,12,88,13,15,16,17,18,0,21
5,4,3,7,8,9,10,12,88,13,15,16,17,18,0,21
5,4,3,7,8,9,10,12,88,13,15,16,17,18,0,21
5,4,3,7,8,9,10,12,88,13,15,16,17,18,0,21
5,4,3,7,8,9,10,12,88,13,15,16,17,18,0,21
5,4,3,7,8,9,10,12,88,13,15,16,17,18,0,21
5,4,3,7,8,9,10,12,88,13,15,16,17,18,0,21
5,4,3,7,8,9,10,12,88,13,15,16,17,18,0,21
5,4,3,7,8,9,10,12,88,13,15,16,17,18,0,21
5,4,3,7,8,9,10,12,88,13,15,16,17,18,0,21
5,4,3,7,8,9,10,12,88,13,15,16,17,18,0,21
5,4,3,7,8,9,10,12,88,13,15,16,17,18,0,21
5,4,3,7,8,9,10,12,88,13,15,16,17,18,0,21
5,4,3,7,8,9,10,12,88,13,15,16,17,18,0,21
5,4,3,7,8,9,10,12,88,13,15,16,17,18,0,21
5,4,3,7,8,9,10,12,88,13,15,16,17,18,0,21
5,4,3,7,8,9,10,12,88,13,15,16,17,18,0,21
5,4,3,7,8,9,10,12,88,13,15,16,17,18,0,21
5,4,3,7,8,9,10,12,88,13,15,16,17,18,0,21
5,4,3,7,8,9,10,12,88,13,15,16,17,18,0,21
5,4,3,7,8,9,10,12,88,13,15,16,17,18,0,21
5,4,3,7,8,9,10,12,88,13,15,16,17,18,0,21
5,4,3,7,8,9,10,12,88,13,15,16,17,18,0,21
5,4,3,7,8,9,10,12,88,13,15,16,17,18,0,21
5,4,3,7,8,9,10,12,88,13,15,16,17,18,0,21
5,4,3,7,8,9,10,12,88,13,15,16,17,18,0,21
5,4,3,7,8,9,10,12,88,13,15,16,17,18,0,21
5,4,3,7,8,9,10,12,88,13,15,16,17,18,0,21
5,4,3,7,8,9,10,12,88,13,15,16,17,18,0,21
5,4,3,7,8,9,10,12,88,13,15,16,17,18,0,21
5,4,3,7,8,9,10,12,88,13,15,16,17,18,0,21
5,4,3,7,8,9,10,12,88,13,15,16,17,18,0,21
5,4,3,7,8,9,10,12,88,13,15,16,17,18,0,21
5,4,3,7,8,9,10,12,88,13,15,16,17,18,0,21
5,4,3,7,8,9,10,12,88,13,15,16,17,18,0,21
5,4,3,7,8,9,10,12,88,13,15,16,17,18,0,21
5,4,3,7,8,9,10,12,88,13,15,16,17,18,0,21
5,4,3,7,8,9,10,12,88,13,15,16,17,18,0,21
5,4,3,7,8,9,10,12,88,13,15,16,17,18,0,21
5,4,3,7,8,9,10,12,88,13,15,16,17,18,0,21
5,4,3,7,8,9,10,12,88,13,15,16,17,18,0,21
5,4,3,7,8,9,10,12,88,13,15,16,17,18,0,21
5,4,3,7,8,9,10,12,88,13,15,16,17,18,0,21
5,4,3,7,8,9,10,12,88,13,15,16,17,18,0,21
5,4,3,7,8,9,10,12,88,13,15,16,17,18,0,21
5,4,3,7,8,9,10,12,88,13,15,16,17,18,0,21
5,4,3,7,8,9,10,12,88,13,15,16,17,18,0,21
5,4,3,7,8,9,10,12,88,13,15,16,17,18,0,21
5,4,3,7,8,9,10,12,88,13,15,16,17,18,0,21
5,4,3,7,8,9,10,12,88,13,15,16,17,18,0,21
5,4,3,7,8,9,10,12,88,13,15,16,17,18,0,21
5,4,3,7,8,9,10,12,88,13,15,16,17,18,0,21
5,4,3,7,8,9,10,12,88,13,15,16,17,18,0,21
5,4,3,7,8,9,10,12,88,13,15,16,17,18,0,21
5,4,3,7,8,9,10,12,88,13,15,16,17,18,0,21
5,4,3,7,8,9,10,12,88,13,15,16,17,18,0,21
5,4,3,7,8,9,10,12,88,13,15,16,17,18,0,21
5,4,3,7,8,9,10,12,88,13,15,16,17,18,0,21
5,4,3,7,8,9,10,12,88,13,15,16,17,18,0,21
5,4,3,7,8,9,10,12,88,13,15,16,17,18,0,21
5,4,3,7,8,9,10,12,88,13,15,16,17,18,0,21
5,4,3,7,8,9,10,12,88,13,15,16,17,18,0,21
5,4,3,7,8,9,10,12,88,13,15,16,17,18,0,21
5,4,3,7,8,9,10,12,88,13,15,16,17,18,0,21
5,4,3,7,8,9,10,12,88,13,15,16,17,18,0,21
5,4,3,7,8,9,10,12,88,13,15,16,17,18,0,21
5,4,3,7,8,9,10,12,88,13,15,16,17,18,0,21
5,4,3,7,8,9,10,12,88,13,15,16,17,18,0,21
5,4,3,7,8,9,10,12,88,13,15,16,17,18,0,21
5,4,3,7,8,9,10,12,88,13,15,16,17,18,0,21
5,4,3,7,8,9,10,12,88,13,15,16,17,18,0,21
5,4,3,7,8,9,10,12,88,13,15,16,17,18,0,21
5,4,3,7,8,9,10,12,88,13,15,16,17,18,0,21
5,4,3,7,8,9,10,12,88,13,15,16,17,18,0,21
5,4,3,7,8,9,10,12,88,13,15,16,17,18,0,21
5,4,3,7,8,9,10,12,88,13,15,16,17,18,0,21
5,4,3,7,8,9,10,12,88,13,15,16,17,18,0,21
5,4,3,7,8,9,10,12,88,13,15,16,17,18,0,21
5,4,3,7,8,9,10,12,88,13,15,16,17,18,0,21
5,4,3,7,8,9,10,12,88,13,15,16,17,18,0,21
5,4,3,7,8,9,10,12,88,13,15,16,17,18,0,21
5,4,3,7,8,9,10,12,88,13,15,16,17,18,0,21
5,4,3,7,8,9,10,12,88,13,15,16,17,18,0,21
5,4,3,7,8,9,10,12,88,13,15,16,17,18,0,21
5,4,3,7,8,9,10,12,88,13,15,16,17,18,0,21
5,4,3,7,8,9,10,12,88,13,15,16,17,18,0,21
5,4,3,7,8,9,10,12,88,13,15,16,17,18,0,21
5,4,3,7,8,9,10,12,88,13,15,16,17,18,0,21
5,4,3,7,8,9,10,12,88,13,15,16,17,18,0,21
5,4,3,7,8,9,10,12,88,13,15,16,17,18,0,21
5,4,3,7,8,9,10,12,88,13,15,16,17,18,0,21
5,4,3,7,8,9,10,12,88,13,15,16,17,18,0,21
5,4,3,7,8,9,10,12,88,13,15,16,17,18,0,21
5,4,3,7,8,9,10,12,88,13,15,16,17,18,0,21
5,4,3,7,8,9,10,12,88,13,15,16,17,18,0,21
5,4,3,7,8,9,10,12,88,13,15,16,17,18,0,21
5,4,3,7,8,9,10,12,88,13,15,16,17,18,0,21
5,4,3,7,8,9,10,12,88,13,15,16,17,18,0,21
5,4,3,7,8,9,10,12,88,13,15,16,17,18,0,21
5,4,3,7,8,9,10,12,88,13,15,16,17,18,0,21
5,4,3,7,8,9,10,12,88,13,15,16,17,18,0,21
5,4,3,7,8,9,10,12,88,13,15,16,17,18,0,21
5,4,3,7,8,9,10,12,88,13,15,16,17,18,0,21
5,4,3,7,8,9,10,12,88,13,15,16,17,18,0,21
5,4,3,7,8,9,10,12,88,13,15,16,17,18,0,21
5,4,3,7,8,9,10,12,88,13,15,16,17,18,0,21
5,4,3,7,8,9,10,12,88,13,15,16,17,18,0,21
5,4,3,7,8,9,10,12,88,13,15,16,17,18,0,21
5,4,3,7,8,9,10,12,88,13,15,16,17,18,0,21
5,4,3,7,8,9,10,12,88,13,15,16,17,18,0,21
5,4,3,7,8,9,10,12,88,13,15,16,17,18,0,21
5,4,3,7,8,9,10,12,88,13,15,16,17,18,0,21
5,4,3,7,8,9,10,12,88,13,15,16,17,18,0,21
5,4,3,7,8,9,10,12,88,13,15,16,17,18,0,21
5,4,3,7,8,9,10,12,88,13,15,16,17,18,0,21
5,4,3,7,8,9,10,12,88,13,15,16,17,18,0,21
5,4,3,7,8,9,10,12,88,13,15,16,17,18,0,21
5,4,3,7,8,9,10,12,88,13,15,16,17,18,0,21
5,4,3,7,8,9,10,12,88,13,15,16,17,18,0,21
5,4,3,7,8,9,10,12,88,13,15,16,17,18,0,21
5,4,3,7,8,9,10,12,88,13,15,16,17,18,0,21
5,4,3,7,8,9,10,12,88,13,15,16,17,18,0,21
5,4,3,7,8,9,10,12,88,13,15,16,17,18,0,21
5,4,3,7,8,9,10,12,88,13,15,16,17,18,0,21
5,4,3,7,8,9,10,12,88,13,15,16,17,18,0,21
5,4,3,7,8,9,10,12,88,13,15,16,17,18,0,21
5,4,3,7,8,9,10,12,88,13,15,16,17,18,0,21
5,4,3,7,8,9,10,12,88,13,15,16,17,18,0,21
5,4,3,7,8,9,10,12,88,13,15,16,17,18,0,21
5,4,3,7,8,9,10,12,88,13,15,16,17,18,0,21
5,4,3,7,8,9,10,12,88,13,15,16,17,18,0,21
5,4,3,7,8,9,10,12,88,13,15,16,17,18,0,21
5,4,3,7,8,9,10,12,88,13,15,16,17,18,0,21
5,4,3,7,8,9,10,12,88,13,15,16,17,18,0,21
5,4,3,7,8,9,10,12,88,13,15,16,17,18,0,21
5,4,3,7,8,9,10,12,88,13,15,16,17,18,0,21
5,4,3,7,8,9,10,12,88,13,15,16,17,18,0,21
5,4,3,7,8,9,10,12,88,13,15,16,17,18,0,21
5,4,3,7,8,9,10,12,88,13,15,16,17,18,0,21
5,4,3,7,8,9,10,12,88,13,15,16,17,18,0,21
5,4,3,7,8,9,10,12,88,13,15,16,17,18,0,21
5,4,3,7,8,9,10,12,88,13,15,16,17,18,0,21
5,4,3,7,8,9,10,12,88,13,15,16,17,18,0,21
5,4,3,7,8,9,10,12,88,13,15,16,17,18,0,21
5,4,3,7,8,9,10,12,88,13,15,16,17,18,0,21
5,4,3,7,8,9,10,12,88,13,15,16,17,18,0,21
5,4,3,7,8,9,10,12,88,13,15,16,17,18,0,21
5,4,3,7,8,9,10,12,88,13,15,16,17,18,0,21
5,4,3,7,8,9,10,12,88,13,15,16,17,18,0,21
5,4,3,7,8,9,10,12,88,13,15,16,17,18,0,21
5,4,3,7,8,9,10,12,88,13,15,16,17,18,0,21
5,4,3,7,8,9,10,12,88,13,15,16,17,18,0,21
5,4,3,7,8,9,10,12,88,13,15,16,17,18,0,21
5,4,3,7,8,9,10,12,88,13,15,16,17,18,0,21
5,4,3,7,8,9,10,12,88,13,15,16,17,18,0,21
5,4,3,7,8,9,10,12,88,13,15,16,17,18,0,21
5,4,3,7,8,9,10,12,88,13,15,16,17,18,0,21
5,4,3,7,8,9,10,12,88,13,15,16,17,18,0,21
5,4,3,7,8,9,10,12,88,13,15,16,17,18,0,21
5,4,3,7,8,9,10,12,88,13,15,16,17,18,0,21
5,4,3,7,8,9,10,12,88,13,15,16,17,18,0,21
5,4,3,7,8,9,10,12,88,13,15,16,17,18,0,21
5,4,3,7,8,9,10,12,88,13,15,16,17,18,0,21
5,4,3,7,8,9,10,12,88,13,15,16,17,18,0,21
5,4,3,7,8,9,10,12,88,13,15,16,17,18,0,21
5,4,3,7,8,9,10,12,88,13,15,16,17,18,0,21
5,4,3,7,8,9,10,12,88,13,15,16,17,18,0,21
5,4,3,7,8,9,10,12,88,13,15,16,17,18,0,21
5,4,3,7,8,9,10,12,88,13,15,16,17,18,0,21
5,4,3,7,8,9,10,12,88,13,15,16,17,18,0,21
5,4,3,7,8,9,10,12,88,13,15,16,17,18,0,21
5,4,3,7,8,9,10,12,88,13,15,16,17,18,0,21
5,4,3,7,8,9,10,12,88,13,15,16,17,18,0,21
5,4,3,7,8,9,10,12,88,13,15,16,17,18,0,21
5,4,3,7,8,9,10,12,88,13,15,16,17,18,0,21
5,4,3,7,8,9,10,12,88,13,15,16,17,18,0,21
5,4,3,7,8,9,10,12,88,13,15,16,17,18,0,21
5,4,3,7,8,9,10,12,88,13,15,16,17,18,0,21
5,4,3,7,8,9,10,12,88,13,15,16,17,18,0,21
5,4,3,7,8,9,10,12,88,13,15,16,17,18,0,21
5,4,3,7,8,9,10,12,88,13,15,16,17,18,0,21
5,4,3,7,8,9,10,12,88,13,15,16,17,18,0,21
5,4,3,7,8,9,10,12,88,13,15,16,17,18,0,21
5,4,3,7,8,9,10,12,88,13,15,16,17,18,0,21
5,4,3,7,8,9,10,12,88,13,15,16,17,18,0,21
5,4,3,7,8,9,10,12,88,13,15,16,17,18,0,21
5,4,3,7,8,9,10,12,88,13,15,16,17,18,0,21
5,4,3,7,8,9,10,12,88,13,15,16,17,18,0,21
5,4,3,7,8,9,10,12,88,13,15,16,17,18,0,21
5,4,3,7,8,9,10,12,88,13,15,16,17,18,0,21
5,4,3,7,8,9,10,12,88,13,15,16,17,18,0,21
5,4,3,7,8,9,10,12,88,13,15,16,17,18,0,21
5,4,3,7,8,9,10,12,88,13,15,16,17,18,0,21
5,4,3,7,8,9,10,12,88,13,15,16,17,18,0,21
5,4,3,7,8,9,10,12,88,13,15,16,17,18,0,21
5,4,3,7,8,9,10,12,88,13,15,16,17,18,0,21
5,4,3,7,8,9,10,12,88,13,15,16,17,18,0,21
5,4,3,7,8,9,10,12,88,13,15,16,17,18,0,21
5,4,3,7,8,9,10,12,88,13,15,16,17,18,0,21
5,4,3,7,8,9,10,12,88,13,15,16,17,18,0,21
5,4,3,7,8,9,10,12,88,13,15,16,17,18,0,21
5,4,3,7,8,9,10,12,88,13,15,16,17,18,0,21
5,4,3,7,8,9,10,12,88,13,15,16,17,18,0,21
5,4,3,7,8,9,10,12,88,13,15,16,17,18,0,21
5,4,3,7,8,9,10,12,88,13,15,16,17,18,0,21
5,4,3,7,8,9,10,12,88,13,15,16,17,18,0,21
5,4,3,7,8,9,10,12,88,13,15,16,17,18,0,21
5,4,3,7,8,9,10,12,88,13,15,16,17,18,0,21
5,4,3,7,8,9,10,12,88,13,15,16,17,18,0,21
5,4,3,7,8,9,10,12,88,13,15,16,17,18,0,21
5,4,3,7,8,9,10,12,88,13,15,16,17,18,0,21
5,4,3,7,8,9,10,12,88,13,15,16,17,18,0,21
5,4,3,7,8,9,10,12,88,13,15,16,17,18,0,21
5,4,3,7,8,9,10,12,88,13,15,16,17,18,0,21
5,4,3,7,8,9,10,12,88,13,15,16,17,18,0,21
5,4,3,7,8,9,10,12,88,13,15,16,17,18,0,21
5,4,3,7,8,9,10,12,88,13,15,16,17,18,0,21
5,4,3,7,8,9,10,12,88,13,15,16,17,18,0,21
5,4,3,7,8,9,10,12,88,13,15,16,17,18,0,21
5,4,3,7,8,9,10,12,88,13,15,16,17,18,0,21
5,4,3,7,8,9,10,12,88,13,15,16,17,18,0,21
5,4,3,7,8,9,10,12,88,13,15,16,17,18,0,21
5,4,3,7,8,9,10,12,88,13,15,16,17,18,0,21
5,4,3,7,8,9,10,12,88,13,15,16,17,18,0,21
5,4,3,7,8,9,10,12,88,13,15,16,17,18,0,21
5,4,3,7,8,9,10,12,88,13,15,16,17,18,0,21
5,4,3,7,8,9,10,12,88,13,15,16,17,18,0,21
5,4,3,7,8,9,10,12,88,13,15,16,17,18,0,21
5,4,3,7,8,9,10,12,88,13,15,16,17,18,0,21
5,4,3,7,8,9,10,12,88,13,15,16,17,18,0,21
5,4,3,7,8,9,10,12,88,13,15,16,17,18,0,21
5,4,3,7,8,9,10,12,88,13,15,16,17,18,0,21
5,4,3,7,8,9,10,12,88,13,15,16,17,18,0,21
5,4,3,7,8,9,10,12,88,13,15,16,17,18,0,21
5,4,3,7,8,9,10,12,88,13,15,16,17,18,0,21
5,4,3,7,8,9,10,12,88,13,15,16,17,18,0,21
5,4,3,7,8,9,10,12,88,13,15,16,17,18,0,21
5,4,3,7,8,9,10,12,88,13,15,16,17,18,0,21
5,4,3,7,8,9,10,12,88,13,15,16,17,18,0,21
5,4,3,7,8,9,10,12,88,13,15,16,17,18,0,21
5,4,3,7,8,9,10,12,88,13,15,16,17,18,0,21
5,4,3,7,8,9,10,12,88,13,15,16,17,18,0,21
5,4,3,7,8,9,10,12,88,13,15,16,17,18,0,21
5,4,3,7,8,9,10,12,88,13,15,16,17,18,0,21
5,4,3,7,8,9,10,2,1,15,16,17,18,0,21
5,4,3,7,8,9,10,2,1,15,16,17,18,0,21
5,4,3,7,8,9,10,2,1,15,16,17,18,0,21
5,4,3,7,8,9,10,2,1,15,16,17,18,0,21
5,4,3,7,8,9,10,2,1,15,16,17,18,0,21
5,4,3,7,8,9,10,2,1,15,16,17,18,0,21
5,4,3,7,8,9,10,2,1,15,16,17,18,0,21
5,4,3,7,8,9,10,2,1,15,16,17,18,0,21
5,4,3,7,8,9,10,2,1,15,16,17,18,0,21
5,4,3,7,8,9,10,2,1,15,16,17,18,0,21
5,4,3,7,8,9,10,2,1,15,16,17,18,0,21
5,4,3,7,8,9,10,2,1,15,16,17,18,0,21
5,4,3,7,8,9,10,2,1,15,16,17,18,0,21
5,4,3,7,8,9,10,2,1,15,16,17,18,0,21
5,4,3,7,8,9,10,2,1,15,16,17,18,0,21
5,4,3,7,8,9,10,2,1,15,16,17,18,0,21
5,4,3,7,8,9,10,2,1,15,16,17,18,0,21
5,4,3,7,8,9,10,2,1,15,16,17,18,0,21
5,4,3,7,8,9,10,2,1,15,16,17,18,0,21
5,4,3,7,8,9,10,2,1,15,16,17,18,0,21
5,4,3,7,8,9,10,2,1,15,16,17,18,0,21
5,4,3,7,8,9,10,2,1,15,16,17,18,0,21
5,4,3,7,8,9,10,2,1,15,16,17,18,0,21
5,4,3,7,8,9,10,2,1,15,16,17,18,0,21
5,4,3,7,8,9,10,2,1,15,16,17,18,0,21
5,4,3,7,8,9,10,2,1,15,16,17,18,0,21
5,4,3,7,8,9,10,2,1,15,16,17,18,0,21
5,4,3,7,8,9,10,2,1,15,16,17,18,0,21
5,4,3,7,8,9,10,2,1,15,16,17,18,0,21
5,4,3,7,8,9,10,2,1,15,16,17,18,0,21
5,4,3,7,8,9,10,2,1,15,16,17,18,0,21
5,4,3,7,8,9,10,2,1,15,16,17,18,0,21
5,4,3,7,8,9,10,2,1,15,16,17,18,0,21
5,4,3,7,8,9,10,2,1,15,16,17,18,0,21
5,4,3,7,8,9,10,2,1,15,16,17,18,0,21
5,4,3,7,8,9,10,2,1,15,16,17,18,0,21
5,4,3,7,8,9,10,2,1,15,16,17,18,0,21
5,4,3,7,8,9,10,2,1,15,16,17,18,0,21
5,4,3,7,8,9,10,2,1,15,16,17,18,0,21
5,4,3,7,8,9,10,2,1,15,16,17,18,0,21
5,4,3,7,8,9,10,2,1,15,16,17,18,0,21
5,4,3,7,8,9,10,2,1,15,16,17,18,0,21
5,4,3,7,8,9,10,2,1,15,16,17,18,0,21
5,4,3,7,8,9,10,2,1,15,16,17,18,0,21
5,4,3,7,8,9,10,2,1,15,16,17,18,0,21
5,4,3,7,8,9,10,2,1,15,16,17,18,0,21
5,4,3,7,8,9,10,2,1,15,16,17,18,0,21
5,4,3,7,8,9,10,2,1,15,16,17,18,0,21
5,4,3,7,8,9,10,2,1,15,16,17,18,0,21
5,4,3,7,8,9,10,2,1,15,16,17,18,0,21
5,4,3,7,8,9,10,2,1,15,16,17,18,0,21
5,4,3,7,8,9,10,2,1,15,16,17,18,0,21
5,4,3,7,8,9,10,2,1,15,16,17,18,0,21
5,4,3,7,8,9,10,2,1,15,16,17,18,0,21
5,4,3,7,8,9,10,2,1,15,16,17,18,0,21
5,4,3,7,8,9,10,2,1,15,16,17,18,0,21
5,4,3,7,8,9,10,2,1,15,16,17,18,0,21
5,4,3,7,8,9,10,2,1,15,16,17,18,0,21
5,4,3,7,8,9,10,2,1,15,16,17,18,0,21
5,4,3,7,8,9,10,2,1,15,16,17,18,0,21
5,4,3,7,8,9,10,2,1,15,16,17,18,0,21
5,4,3,7,8,9,10,2,1,15,16,17,18,0,21
5,4,3,7,8,9,10,2,1,15,16,17,18,0,21
5,4,3,7,8,9,10,2,1,15,16,17,18,0,21
5,4,3,7,8,9,10,2,1,15,16,17,18,0,21
5,4,3,7,8,9,10,2,1,15,16,17,18,0,21
5,4,3,7,8,9,10,2,1,15,16,17,18,0,21
5,4,3,7,8,9,10,2,1,15,16,17,18,0,21
5,4,3,7,8,9,10,2,1,15,16,17,18,0,21
5,4,3,7,8,9,10,2,1,15,16,17,18,0,21
5,4,3,7,8,9,10,2,1,15,16,17,18,0,21
5,4,3,7,8,9,10,2,1,15,16,17,18,0,21
5,4,3,7,8,9,10,2,1,15,16,17,18,0,21
5,4,3,7,8,9,10,2,1,15,16,17,18,0,21
5,4,3,7,8,9,10,2,1,15,16,17,18,0,21
5,4,3,7,8,9,10,2,1,15,16,17,18,0,21
5,4,3,7,8,9,10,2,1,15,16,17,18,0,21
5,4,3,7,8,9,10,2,1,15,16,17,18,0,21
5,4,3,7,8,9,10,2,1,15,16,17,18,0,21
5,4,3,7,8,9,10,2,1,15,16,17,18,0,21
5,4,3,7,8,9,10,2,1,15,16,17,18,0,21
5,4,3,7,8,9,10,2,1,15,16,17,18,0,21
5,4,3,7,8,9,10,2,1,15,16,17,18,0,21
5,4,3,7,8,9,10,2,1,15,16,17,18,0,21
5,4,3,7,8,9,10,2,1,15,16,17,18,0,21
5,4,3,7,8,9,10,2,1,15,16,17,18,0,21
5,4,3,7,8,9,10,2,1,15,16,17,18,0,21
5,4,3,7,8,9,10,2,1,15,16,17,18,0,21
5,4,3,7,8,9,10,2,1,15,16,17,18,0,21
5,4,3,7,8,9,10,2,1,15,16,17,18,0,21
5,4,3,7,8,9,10,2,1,15,16,17,18,0,21
5,4,3,7,8,9,10,2,1,15,16,17,18,0,21
5,4,3,7,8,9,10,2,1,15,16,17,18,0,21
5,4,3,7,8,9,10,2,1,15,16,17,18,0,21
5,4,3,7,8,9,10,2,1,15,16,17,18,0,21
5,4,3,7,8,9,10,2,1,15,16,17,18,0,21
5,4,3,7,8,9,10,2,1,15,16,17,18,0,21
5,4,3,7,8,9,10,2,1,15,16,17,18,0,21
5,4,3,7,8,9,10,2,1,15,16,17,18,0,21
5,4,3,7,8,9,10,2,1,15,16,17,18,0,21
5,4,3,7,8,9,10,2,1,15,16,17,18,0,21
5,4,3,7,8,9,10,2,1,15,16,17,18,0,21
5,4,3,7,8,9,10,2,1,15,16,17,18,0,21
5,4,3,7,8,9,10,2,1,15,16,17,18,0,21
5,4,3,7,8,9,10,2,1,15,16,17,18,0,21
5,4,3,7,8,9,10,2,1,15,16,17,18,0,21
5,4,3,7,8,9,10,2,1,15,16,17,18,0,21
5,4,3,7,8,9,10,2,1,15,16,17,18,0,21
5,4,3,7,8,9,10,2,1,15,16,17,18,0,21
5,4,3,7,8,9,10,2,1,15,16,17,18,0,21
5,4,3,7,8,9,10,2,1,15,16,17,18,0,21
5,4,3,7,8,9,10,2,1,15,16,17,18,0,21
5,4,3,7,8,9,10,2,1,15,16,17,18,0,21
5,4,3,7,8,9,10,2,1,15,16,17,18,0,21
5,4,3,7,8,9,10,2,1,15,16,17,18,0,21
5,4,3,7,8,9,10,2,1,15,16,17,18,0,21
5,4,3,7,8,9,10,2,1,15,16,17,18,0,21
5,4,3,7,8,9,10,2,1,15,16,17,18,0,21
5,4,3,7,8,9,10,2,1,15,16,17,18,0,21
5,4,3,7,8,9,10,2,1,15,16,17,18,0,21
5,4,3,7,8,9,10,2,1,15,16,17,18,0,21
5,4,3,7,8,9,10,2,1,15,16,17,18,0,21
5,4,3,7,8,9,10,2,1,15,16,17,18,0,21
5,4,3,7,8,9,10,2,1,15,16,17,18,0,21
5,4,3,7,8,9,10,2,1,15,16,17,18,0,21
5,4,3,7,8,9,10,2,1,15,16,17,18,0,21
5,4,3,7,8,9,10,2,1,15,16,17,18,0,21
5,4,3,7,8,9,10,2,1,15,16,17,18,0,21
5,4,3,7,8,9,10,2,1,15,16,17,18,0,21
5,4,3,7,8,9,10,2,1,15,16,17,18,0,21
5,4,3,7,8,9,10,2,1,15,16,17,18,0,21
5,4,3,7,8,9,10,2,1,15,16,17,18,0,21
5,4,3,7,8,9,10,2,1,15,16,17,18,0,21
5,4,3,7,8,9,10,2,1,15,16,17,18,0,21
5,4,3,7,8,9,10,2,1,15,16,17,18,0,21
5,4,3,7,8,9,10,2,1,15,16,17,18,0,21
5,4,3,7,8,9,10,2,1,15,16,17,18,0,21
5,4,3,7,8,9,10,2,1,15,16,17,18,0,21
5,4,3,7,8,9,10,2,1,15,16,17,18,0,21
5,4,3,7,8,9,10,2,1,15,16,17,18,0,21
5,4,3,7,8,9,10,2,1,15,16,17,18,0,21
5,4,3,7,8,9,10,2,1,15,16,17,18,0,21
5,4,3,7,8,9,10,2,1,15,16,17,18,0,21
5,4,3,7,8,9,10,2,1,15,16,17,18,0,21
5,4,3,7,8,9,10,2,1,15,16,17,18,0,21
5,4,3,7,8,9,10,2,1,15,16,17,18,0,21
5,4,3,7,8,9,10,2,1,15,16,17,18,0,21
5,4,3,7,8,9,10,2,1,15,16,17,18,0,21
5,4,3,7,8,9,10,2,1,15,16,17,18,0,21
5,4,3,7,8,9,10,2,1,15,16,17,18,0,21
5,4,3,7,8,9,10,2,1,15,16,17,18,0,21
5,4,3,7,8,9,10,2,1,15,16,17,18,0,21
5,4,3,7,8,9,10,2,1,15,16,17,18,0,21
5,4,3,7,8,9,10,2,1,15,16,17,18,0,21
5,4,3,7,8,9,10,2,1,15,16,17,18,0,21
5,4,3,7,8,9,10,2,1,15,16,17,18,0,21
5,4,3,7,8,9,10,2,1,15,16,17,18,0,21
5,4,3,7,8,9,10,2,1,15,16,17,18,0,21
5,4,3,7,8,9,10,2,1,15,16,17,18,0,21
5,4,3,7,8,9,10,2,1,15,16,17,18,0,21
5,4,3,7,8,9,10,2,1,15,16,17,18,0,21
5,4,3,7,8,9,10,2,1,15,16,17,18,0,21
5,4,3,7,8,9,10,2,1,15,16,17,18,0,21
5,4,3,7,8,9,10,2,1,15,16,17,18,0,21
5,4,3,7,8,9,10,2,1,15,16,17,18,0,21
5,4,3,7,8,9,10,2,1,15,16,17,18,0,21
5,4,3,7,8,9,10,2,1,15,16,17,18,0,21
5,4,3,7,8,9,10,2,1,15,16,17,18,0,21
5,4,3,7,8,9,10,2,1,15,16,17,18,0,21
5,4,3,7,8,9,10,2,1,15,16,17,18,0,21
5,4,3,7,8,9,10,2,1,15,16,17,18,0,21
5,4,3,7,8,9,10,2,1,15,16,17,18,0,21
5,4,3,7,8,9,10,2,1,15,16,17,18,0,21
5,4,3,7,8,9,10,2,1,15,16,17,18,0,21
5,4,3,7,8,9,10,2,1,15,16,17,18,0,21
5,4,3,7,8,9,10,2,1,15,16,17,18,0,21
5,4,3,7,8,9,10,2,1,15,16,17,18,0,21
5,4,3,7,8,9,10,2,1,15,16,17,18,0,21
5,4,3,7,8,9,10,2,1,15,16,17,18,0,21
5,4,3,7,8,9,10,2,1,15,16,17,18,0,21
5,4,3,7,8,9,10,2,1,15,16,17,18,0,21
5,4,3,7,8,9,10,2,1,15,16,17,18,0,21
5,4,3,7,8,9,10,2,1,15,16,17,18,0,21
5,4,3,7,8,9,10,2,1,15,16,17,18,0,21
5,4,3,7,8,9,10,2,1,15,16,17,18,0,21
5,4,3,7,8,9,10,2,1,15,16,17,18,0,21
5,4,3,7,8,9,10,2,1,15,16,17,18,0,21
5,4,3,7,8,9,10,2,1,15,16,17,18,0,21
5,4,3,7,8,9,10,2,1,15,16,17,18,0,21
5,4,3,7,8,9,10,2,1,15,16,17,18,0,21
5,4,3,7,8,9,10,2,1,15,16,17,18,0,21
5,4,3,7,8,9,10,2,1,15,16,17,18,0,21
5,4,3,7,8,9,10,2,1,15,16,17,18,0,21
5,4,3,7,8,9,10,2,1,15,16,17,18,0,21
5,4,3,7,8,9,10,2,1,15,16,17,18,0,21
5,4,3,7,8,9,10,2,1,15,16,17,18,0,21
5,4,3,7,8,9,10,2,1,15,16,17,18,0,21
5,4,3,7,8,9,10,2,1,15,16,17,18,0,21
5,4,3,7,8,9,10,2,1,15,16,17,18,0,21
5,4,3,7,8,9,10,2,1,15,16,17,18,0,21
5,4,3,7,8,9,10,2,1,15,16,17,18,0,21
5,4,3,7,8,9,10,2,1,15,16,17,18,0,21
5,4,3,7,8,9,10,2,1,15,16,17,18,0,21
5,4,3,7,8,9,10,2,1,15,16,17,18,0,21
5,4,3,7,8,9,10,2,1,15,16,17,18,0,21
5,4,3,7,8,9,10,2,1,15,16,17,18,0,21
5,4,3,7,8,9,10,2,1,15,16,17,18,0,21
5,4,3,7,8,9,10,2,1,15,16,17,18,0,21
5,4,3,7,8,9,10,2,1,15,16,17,18,0,21
5,4,3,7,8,9,10,2,1,15,16,17,18,0,21
5,4,3,7,8,9,10,2,1,15,16,17,18,0,21
5,4,3,7,8,9,10,2,1,15,16,17,18,0,21
5,4,3,7,8,9,10,2,1,15,16,17,18,0,21
5,4,3,7,8,9,10,2,1,15,16,17,18,0,21
5,4,3,7,8,9,10,2,1,15,16,17,18,0,21
5,4,3,7,8,9,10,2,1,15,16,17,18,0,21
5,4,3,7,8,9,10,2,1,15,16,17,18,0,21
5,4,3,7,8,9,10,2,1,15,16,17,18,0,21
5,4,3,7,8,9,10,2,1,15,16,17,18,0,21
5,4,3,7,8,9,10,2,1,15,16,17,18,0,21
5,4,3,7,8,9,10,2,1,15,16,17,18,0,21
5,4,3,7,8,9,10,2,1,15,16,17,18,0,21
5,4,3,7,8,9,10,2,1,15,16,17,18,0,21
5,4,3,7,8,9,10,2,1,15,16,17,18,0,21
5,4,3,7,8,9,10,2,1,15,16,17,18,0,21
5,4,3,7,8,9,10,2,1,15,16,17,18,0,21
5,4,3,7,8,9,10,2,1,15,16,17,18,0,21
5,4,3,7,8,9,10,2,1,15,16,17,18,0,21
5,4,3,7,8,9,10,2,1,15,16,17,18,0,21
5,4,3,7,8,9,10,2,1,15,16,17,18,0,21
5,4,3,7,8,9,10,2,1,15,16,17,18,0,21
5,4,3,7,8,9,10,2,1,15,16,17,18,0,21
5,4,3,7,8,9,10,2,1,15,16,17,18,0,21
5,4,3,7,8,9,10,2,1,15,16,17,18,0,21
5,4,3,7,8,9,10,2,1,15,16,17,18,0,21
5,4,3,7,8,9,10,2,1,15,16,17,18,0,21
5,4,3,7,8,9,10,2,1,15,16,17,18,0,21
5,4,3,7,8,9,10,2,1,15,16,17,18,0,21
5,4,3,7,8,9,10,2,1,15,16,17,18,0,21
5,4,3,7,8,9,10,2,1,15,16,17,18,0,21
5,4,3,7,8,9,10,2,1,15,16,17,18,0,21
5,4,3,7,8,9,10,2,1,15,16,17,18,0,21
5,4,3,7,8,9,10,2,1,15,16,17,18,0,21
5,4,3,7,8,9,10,2,1,15,16,17,18,0,21
5,4,3,7,8,9,10,2,1,15,16,17,18,0,21
5,4,3,7,8,9,10,2,1,15,16,17,18,0,21
5,4,3,7,8,9,10,2,1,15,16,17,18,0,21
5,4,3,7,8,9,10,2,1,15,16,17,18,0,21
5,4,3,7,8,9,10,2,1,15,16,17,18,0,21
5,4,3,7,8,9,10,2,1,15,16,17,18,0,21
5,4,3,7,8,9,10,2,1,15,16,17,18,0,21
5,4,3,7,8,9,10,2,1,15,16,17,18,0,21
5,4,3,7,8,9,10,2,1,15,16,17,18,0,21
5,4,3,7,8,9,10,2,1,15,16,17,18,0,21
5,4,3,7,8,9,10,2,1,15,16,17,18,0,21
5,4,3,7,8,9,10,2,1,15,16,17,18,0,21
5,4,3,7,8,9,10,2,1,15,16,17,18,0,21
5,4,3,7,8,9,10,2,1,15,16,17,18,0,21
5,4,3,7,8,9,10,2,1,15,16,17,18,0,21
5,4,3,7,8,9,10,2,1,15,16,17,18,0,21
5,4,3,7,8,9,10,2,1,15,16,17,18,0,21
5,4,3,7,8,9,10,2,1,15,16,17,18,0,21
5,4,3,7,8,9,10,2,1,15,16,17,18,0,21
5,4,3,7,8,9,10,2,1,15,16,17,18,0,21
5,4,3,7,8,9,10,2,1,15,16,17,18,0,21
5,4,3,7,8,9,10,2,1,15,16,17,18,0,21
5,4,3,7,8,9,10,2,1,15,16,17,18,0,21
5,4,3,7,8,9,10,2,1,15,16,17,18,0,21
5,4,3,7,8,9,10,2,1,15,16,17,18,0,21
5,4,3,7,8,9,10,2,1,15,16,17,18,0,21
5,4,3,7,8,9,10,2,1,15,16,17,18,0,21
5,4,3,7,8,9,10,2,1,15,16,17,18,0,21
5,4,3,7,8,9,10,2,1,15,16,17,18,0,21
5,4,3,7,8,9,10,2,1,15,16,17,18,0,21
5,4,3,7,8,9,10,2,1,15,16,17,18,0,21
5,4,3,7,8,9,10,2,1,15,16,17,18,0,21
5,4,3,7,8,9,10,2,1,15,16,17,18,0,21
5,4,3,7,8,9,10,2,1,15,16,17,18,0,21
5,4,3,7,8,9,10,2,1,15,16,17,18,0,21
5,4,3,7,8,9,10,2,1,15,16,17,18,0,21
5,4,3,7,8,9,10,2,1,15,16,17,18,0,21
5,4,3,7,8,9,10,2,1,15,16,17,18,0,21
5,4,3,7,8,9,10,2,1,15,16,17,18,0,21
5,4,3,7,8,9,10,2,1,15,16,17,18,0,21
5,4,3,7,8,9,10,2,1,15,16,17,18,0,21
5,4,3,7,8,9,10,2,1,15,16,17,18,0,21
5,4,3,7,8,9,10,2,1,15,16,17,18,0,21
5,4,3,7,8,9,10,2,1,15,16,17,18,0,21
5,4,3,7,8,9,10,2,1,15,16,17,18,0,21
5,4,3,7,8,9,10,2,1,15,16,17,18,0,21
5,4,3,7,8,9,10,2,1,15,16,17,18,0,21
5,4,3,7,8,9,10,2,1,15,16,17,18,0,21
5,4,3,7,8,9,10,2,1,15,16,17,18,0,21
5,4,3,7,8,9,10,2,1,15,16,17,18,0,21
5,4,3,7,8,9,10,2,1,15,16,17,18,0,21
5,4,3,7,8,9,10,2,1,15,16,17,18,0,21
5,4,3,7,8,9,10,2,1,15,16,17,18,0,21
5,4,3,7,8,9,10,2,1,15,16,17,18,0,21
5,4,3,7,8,9,10,2,1,15,16,17,18,0,21
5,4,3,7,8,9,10,2,1,15,16,17,18,0,21
5,4,3,7,8,9,10,2,1,15,16,17,18,0,21
5,4,3,7,8,9,10,2,1,15,16,17,18,0,21
5,4,3,7,8,9,10,2,1,15,16,17,18,0,21
5,4,3,7,8,9,10,2,1,15,16,17,18,0,21
5,4,3,7,8,9,10,2,1,15,16,17,18,0,21
5,4,3,7,8,9,10,2,1,15,16,17,18,0,21
5,4,3,7,8,9,10,2,1,15,16,17,18,0,21
5,4,3,7,8,9,10,2,1,15,16,17,18,0,21
5,4,3,7,8,9,10,2,1,15,16,17,18,0,21
5,4,3,7,8,9,10,2,1,15,16,17,18,0,21
5,4,3,7,8,9,10,2,1,15,16,17,18,0,21
5,4,3,7,8,9,10,2,1,15,16,17,18,0,21
5,4,3,7,8,9,10,2,1,15,16,17,18,0,21
5,4,3,7,8,9,10,2,1,15,16,17,18,0,21
5,4,3,7,8,9,10,2,1,15,16,17,18,0,21
5,4,3,7,8,9,10,2,1,15,16,17,18,0,21
5,4,3,7,8,9,10,2,1,15,16,17,18,0,21
5,4,3,7,8,9,10,2,1,15,16,17,18,0,21
5,4,3,7,8,9,10,2,1,15,16,17,18,0,21
5,4,3,7,8,9,10,2,1,15,16,17,18,0,21
5,4,3,7,8,9,10,2,1,15,16,17,18,0,21
5,4,3,7,8,9,10,2,1,15,16,17,18,0,21
5,4,3,7,8,9,10,2,1,15,16,17,18,0,21
5,4,3,7,8,9,10,2,1,15,16,17,18,0,21
5,4,3,7,8,9,10,2,1,15,16,17,18,0,21
5,4,3,7,8,9,10,2,1,15,16,17,18,0,21
5,4,3,7,8,9,10,2,1,15,16,17,18,0,21
5,4,3,7,8,9,10,2,1,15,16,17,18,0,21
5,4,3,7,8,9,10,2,1,15,16,17,18,0,21
5,4,3,7,8,9,10,2,1,15,16,17,18,0,21
5,4,3,7,8,9,10,2,1,15,16,17,18,0,21
5,4,3,7,8,9,10,2,1,15,16,17,18,0,21
5,4,3,7,8,9,10,2,1,15,16,17,18,0,21
5,4,3,7,8,9,10,2,1,15,16,17,18,0,21
5,4,3,7,8,9,10,2,1,15,16,17,18,0,21
5,4,3,7,8,9,10,2,1,15,16,17,18,0,21
5,4,3,7,8,9,10,2,1,15,16,17,18,0,21
5,4,3,7,8,9,10,2,1,15,16,17,18,0,21
5,4,3,7,8,9,10,2,1,15,16,17,18,0,21
5,4,3,7,8,9,10,2,1,15,16,17,18,0,21
5,4,3,7,8,9,10,2,1,15,16,17,18,0,21
5,4,3,7,8,9,10,2,1,15,16,17,18,0,21
5,4,3,7,8,9,10,2,1,15,16,17,18,0,21
5,4,3,7,8,9,10,2,1,15,16,17,18,0,21
5,4,3,7,8,9,10,2,1,15,16,17,18,0,21
5,4,3,7,8,9,10,2,1,15,16,17,18,0,21
5,4,3,7,8,9,10,2,1,15,16,17,18,0,21
5,4,3,7,8,9,10,2,1,15,16,17,18,0,21
5,4,3,7,8,9,10,2,1,15,16,17,18,0,21
5,4,3,7,8,9,10,2,1,15,16,17,18,0,21
5,4,3,7,8,9,10,2,1,15,16,17,18,0,21
5,4,3,7,8,9,10,2,1,15,16,17,18,0,21
5,4,3,7,8,9,10,2,1,15,16,17,18,0,21
5,4,3,7,8,9,10,2,1,15,16,17,18,0,21
5,4,3,7,8,9,10,2,1,15,16,17,18,0,21
5,4,3,7,8,9,10,2,1,15,16,17,18,0,21
5,4,3,7,8,9,10,2,1,15,16,17,18,0,21
5,4,3,7,8,9,10,2,1,15,16,17,18,0,21
5,4,3,7,8,9,10,2,1,15,16,17,18,0,21
5,4,3,7,8,9,10,2,1,15,16,17,18,0,21
5,4,3,7,8,9,10,2,1,15,16,17,18,0,21
5,4,3,7,8,9,10,2,1,15,16,17,18,0,21
5,4,3,7,8,9,10,2,1,15,16,17,18,0,21
5,4,3,7,8,9,10,2,1,15,16,17,18,0,21
5,4,3,7,8,9,10,2,1,15,16,17,18,0,21
5,4,3,7,8,9,10,2,1,15,16,17,18,0,21
5,4,3,7,8,9,10,2,1,15,16,17,18,0,21
5,4,3,7,8,9,10,2,1,15,16,17,18,0,21
5,4,3,7,8,9,10,2,1,15,16,17,18,0,21
5,4,3,7,8,9,10,2,1,15,16,17,18,0,21
5,4,3,7,8,9,10,2,1,15,16,17,18,0,21
5,4,3,7,8,9,10,2,1,15,16,17,18,0,21
5,4,3,7,8,9,10,2,1,15,16,17,18,0,21
5,4,3,7,8,9,10,2,1,15,16,17,18,0,21
5,4,3,7,8,9,10,2,1,15,16,17,18,0,21
5,4,3,7,8,9,10,2,1,15,16,17,18,0,21
5,4,3,7,8,9,10,2,1,15,16,17,18,0,21
5,4,3,7,8,9,10,2,1,15,16,17,18,0,21
5,4,3,7,8,9,10,2,1,15,16,17,18,0,21
5,4,3,7,8,9,10,2,1,15,16,17,18,0,21
5,4,3,7,8,9,10,2,1,15,16,17,18,0,21
5,4,3,7,8,9,10,2,1,15,16,17,18,0,21
5,4,3,7,8,9,10,2,1,15,16,17,18,0,21
5,4,3,7,8,9,10,2,1,15,16,17,18,0,21
5,4,3,7,8,9,10,2,1,15,16,17,18,0,21
5,4,3,7,8,9,10,2,1,15,16,17,18,0,21
5,4,3,7,8,9,10,2,1,15,16,17,18,0,21
5,4,3,7,8,9,10,2,1,15,16,17,18,0,21
5,4,3,7,8,9,10,2,1,15,16,17,18,0,21
5,4,3,7,8,9,10,2,1,15,16,17,18,0,21
5,4,3,7,8,9,10,2,1,15,16,17,18,0,21
5,4,3,7,8,9,10,2,1,15,16,17,18,0,21
5,4,3,7,8,9,10,2,1,15,16,17,18,0,21
5,4,3,7,8,9,10,2,1,15,16,17,18,0,21
5,4,3,7,8,9,10,2,1,15,16,17,18,0,21
5,4,3,7,8,9,10,2,1,15,16,17,18,0,21
5,4,3,7,8,9,10,2,1,15,16,17,18,0,21
5,4,3,7,8,9,10,2,1,15,16,17,18,0,21
5,4,3,7,8,9,10,2,1,15,16,17,18,0,21
5,4,3,7,8,9,10,2,1,15,16,17,18,0,21
5,4,3,7,8,9,10,2,1,15,16,17,18,0,21
5,4,3,7,8,9,10,2,1,15,16,17,18,0,21
5,4,3,7,8,9,10,2,1,15,16,17,18,0,21
5,4,3,7,8,9,10,2,1,15,16,17,18,0,21
5,4,3,7,8,9,10,2,1,15,16,17,18,0,21
5,4,3,7,8,9,10,2,1,15,16,17,18,0,21
5,4,3,7,8,9,10,2,1,15,16,17,18,0,21
5,4,3,7,8,9,10,2,1,15,16,17,18,0,21
5,4,3,7,8,9,10,2,1,15,16,17,18,0,21
5,4,3,7,8,9,10,2,1,15,16,17,18,0,21
5,4,3,7,8,9,10,2,1,15,16,17,18,0,21
5,4,3,7,8,9,10,2,1,15,16,17,18,0,21
5,4,3,7,8,9,10,2,1,15,16,17,18,0,21
5,4,3,7,8,9,10,2,1,15,16,17,18,0,21
5,4,3,7,8,9,10,2,1,15,16,17,18,0,21
5,4,3,7,8,9,10,2,1,15,16,17,18,0,21
5,4,3,7,8,9,10,2,1,15,16,17,18,0,21
5,4,3,7,8,9,10,2,1,15,16,17,18,0,21
5,4,3,7,8,9,10,2,1,15,16,17,18,0,21
5,4,3,7,8,9,10,2,1,15,16,17,18,0,21
5,4,3,7,8,9,10,2,1,15,16,17,18,0,21
5,4,3,7,8,9,10,2,1,15,16,17,18,0,21
5,4,3,7,8,9,10,2,1,15,16,17,18,0,21
5,4,3,7,8,9,10,2,1,15,16,17,18,0,21
5,4,3,7,8,9,10,2,1,15,16,17,18,0,21
5,4,3,7,8,9,10,2,1,15,16,17,18,0,21
5,4,3,7,8,9,10,2,1,15,16,17,18,0,21
5,4,3,7,8,9,10,2,1,15,16,17,18,0,21
5,4,3,7,8,9,10,2,1,15,16,17,18,0,21
5,4,3,7,8,9,10,2,1,15,16,17,18,0,21
5,4,3,7,8,9,10,2,1,15,16,17,18,0,21
5,4,3,7,8,9,10,2,1,15,16,17,18,0,21
5,4,3,7,8,9,10,2,1,15,16,17,18,0,21
5,4,3,7,8,9,10,2,1,15,16,17,18,0,21
5,4,3,7,8,9,10,2,1,15,16,17,18,0,21
5,4,3,7,8,9,10,2,1,15,16,17,18,0,21
5,4,3,7,8,9,10,2,1,15,16,17,18,0,21
5,4,3,7,8,9,10,2,1,15,16,17,18,0,21
5,4,3,7,8,9,10,2,1,15,16,17,18,0,21
5,4,3,7,8,9,10,2,1,15,16,17,18,0,21
5,4,3,7,8,9,10,2,1,15,16,17,18,0,21
5,4,3,7,8,9,10,2,1,15,16,17,18,0,21
5,4,3,7,8,9,10,2,1,15,16,17,18,0,21
5,4,3,7,8,9,10,2,1,15,16,17,18,0,21
5,4,3,7,8,9,10,2,1,15,16,17,18,0,21
5,4,3,7,8,9,10,2,1,15,16,17,18,0,21
5,4,3,7,8,9,10,2,1,15,16,17,18,0,21
5,4,3,7,8,9,10,2,1,15,16,17,18,0,21
5,4,3,7,8,9,10,2,1,15,16,17,18,0,21
5,4,3,7,8,9,10,2,1,15,16,17,18,0,21
5,4,3,7,8,9,10,2,1,15,16,17,18,0,21
5,4,3,7,8,9,10,2,1,15,16,17,18,0,21
5,4,3,7,8,9,10,2,1,15,16,17,18,0,21
5,4,3,7,8,9,10,2,1,15,16,17,18,0,21
5,4,3,7,8,9,10,2,1,15,16,17,18,0,21
5,4,3,7,8,9,10,2,1,15,16,17,18,0,21
5,4,3,7,8,9,10,2,1,15,16,17,18,0,21
5,4,3,7,8,9,10,2,1,15,16,17,18,0,21
5,4,3,7,8,9,10,2,1,15,16,17,18,0,21
5,4,3,7,8,9,10,2,1,15,16,17,18,0,21
5,4,3,7,8,9,10,2,1,15,16,17,18,0,21
5,4,3,7,8,9,10,2,1,15,16,17,18,0,21
5,4,3,7,8,9,10,2,1,15,16,17,18,0,21
5,4,3,7,8,9,10,2,1,15,16,17,18,0,21
5,4,3,7,8,9,10,2,1,15,16,17,18,0,21
5,4,3,7,8,9,10,2,1,15,16,17,18,0,21
5,4,3,7,8,9,10,2,1,15,16,17,18,0,21
5,4,3,7,8,9,10,2,1,15,16,17,18,0,21
5,4,3,7,8,9,10,2,1,15,16,17,18,0,21
5,4,3,7,8,9,10,2,1,15,16,17,18,0,21
5,4,3,7,8,9,10,2,1,15,16,17,18,0,21
5,4,3,7,8,9,10,2,1,15,16,17,18,0,21
5,4,3,7,8,9,10,2,1,15,16,17,18,0,21
5,4,3,7,8,9,10,2,1,15,16,17,18,0,21
5,4,3,7,8,9,10,2,1,15,16,17,18,0,21
5,4,3,7,8,9,10,2,1,15,16,17,18,0,21
5,4,3,7,8,9,10,2,1,15,16,17,18,0,21
5,4,3,7,8,9,10,2,1,15,16,17,18,0,21
5,4,3,7,8,9,10,2,1,15,16,17,18,0,21
5,4,3,7,8,9,10,2,1,15,16,17,18,0,21
5,4,3,7,8,9,10,2,1,15,16,17,18,0,21
5,4,3,7,8,9,10,2,1,15,16,17,18,0,21
5,4,3,7,8,9,10,2,1,15,16,17,18,0,21
5,4,3,7,8,9,10,2,1,15,16,17,18,0,21
5,4,3,7,8,9,10,2,1,15,16,17,18,0,21
5,4,3,7,8,9,10,2,1,15,16,17,18,0,21
5,4,3,7,8,9,10,2,1,15,16,17,18,0,21
5,4,3,7,8,9,10,2,1,15,16,17,18,0,21
5,4,3,7,8,9,10,2,1,15,16,17,18,0,21
5,4,3,7,8,9,10,2,1,15,16,17,18,0,21
5,4,3,7,8,9,10,2,1,15,16,17,18,0,21
5,4,3,7,8,9,10,2,1,15,16,17,18,0,21
5,4,3,7,8,9,10,2,1,15,16,17,18,0,21
5,4,3,7,8,9,10,2,1,15,16,17,18,0,21
5,4,3,7,8,9,10,2,1,15,16,17,18,0,21
5,4,3,7,8,9,10,2,1,15,16,17,18,0,21
5,4,3,7,8,9,10,2,1,15,16,17,18,0,21
5,4,3,7,8,9,10,2,1,15,16,17,18,0,21
5,4,3,7,8,9,10,2,1,15,16,17,18,0,21
5,4,3,7,8,9,10,2,1,15,16,17,18,0,21
5,4,3,7,8,9,10,2,1,15,16,17,18,0,21
5,4,3,7,8,9,10,2,1,15,16,17,18,0,21
5,4,3,7,8,9,10,2,1,15,16,17,18,0,21
5,4,3,7,8,9,10,2,1,15,16,17,18,0,21
5,4,3,7,8,9,10,2,1,15,16,17,18,0,21
5,4,3,7,8,9,10,2,1,15,16,17,18,0,21
5,4,3,7,8,9,10,2,1,15,16,17,18,0,21
5,4,3,7,8,9,10,2,1,15,16,17,18,0,21
5,4,3,7,8,9,10,2,1,15,16,17,18,0,21
5,4,3,7,8,9,10,2,1,15,16,17,18,0,21
5,4,3,7,8,9,10,2,1,15,16,17,18,0,21
5,4,3,7,8,9,10,2,1,15,16,17,18,0,21
5,6,7,8,10,12,88,13,15,1,0,18,19,20,21
5,6,7,8,10,12,88,13,15,1,0,18,19,20,21
5,6,7,8,10,12,88,13,15,1,0,18,19,20,21
5,6,7,8,10,12,88,13,15,1,0,18,19,20,21
5,6,7,8,10,12,88,13,15,1,0,18,19,20,21
5,6,7,8,10,12,88,13,15,1,0,18,19,20,21
5,6,7,8,10,12,88,13,15,1,0,18,19,20,21
5,6,7,8,10,12,88,13,15,1,0,18,19,20,21
5,6,7,8,10,12,88,13,15,1,0,18,19,20,21
5,6,7,8,10,12,88,13,15,1,0,18,19,20,21
5,6,7,8,10,12,88,13,15,1,0,18,19,20,21
5,6,7,8,10,12,88,13,15,1,0,18,19,20,21
5,6,7,8,10,12,88,13,15,1,0,18,19,20,21
5,6,7,8,10,12,88,13,15,1,0,18,19,20,21
5,6,7,8,10,12,88,13,15,1,0,18,19,20,21
5,6,7,8,10,12,88,13,15,1,0,18,19,20,21
5,6,7,8,10,12,88,13,15,1,0,18,19,20,21
5,6,7,8,10,12,88,13,15,1,0,18,19,20,21
5,6,7,8,10,12,88,13,15,1,0,18,19,20,21
5,6,7,8,10,12,88,13,15,1,0,18,19,20,21
5,6,7,8,10,12,88,13,15,1,0,18,19,20,21
5,6,7,8,10,12,88,13,15,1,0,18,19,20,21
5,6,7,8,10,12,88,13,15,1,0,18,19,20,21
5,6,7,8,10,12,88,13,15,1,0,18,19,20,21
5,6,7,8,10,12,88,13,15,1,0,18,19,20,21
5,6,7,8,10,12,88,13,15,1,0,18,19,20,21
5,6,7,8,10,12,88,13,15,1,0,18,19,20,21
5,6,7,8,10,12,88,13,15,1,0,18,19,20,21
5,6,7,8,10,12,88,13,15,1,0,18,19,20,21
5,6,7,8,10,12,88,13,15,1,0,18,19,20,21
5,6,7,8,10,12,88,13,15,1,0,18,19,20,21
5,6,7,8,10,12,88,13,15,1,0,18,19,20,21
5,6,7,8,10,12,88,13,15,1,0,18,19,20,21
5,6,7,8,10,12,88,13,15,1,0,18,19,20,21
5,6,7,8,10,12,88,13,15,1,0,18,19,20,21
5,6,7,8,10,12,88,13,15,1,0,18,19,20,21
5,6,7,8,10,12,88,13,15,1,0,18,19,20,21
5,6,7,8,10,12,88,13,15,1,0,18,19,20,21
5,6,7,8,10,12,88,13,15,1,0,18,19,20,21
5,6,7,8,10,12,88,13,15,1,0,18,19,20,21
5,6,7,8,10,12,88,13,15,1,0,18,19,20,21
5,6,7,8,10,12,88,13,15,1,0,18,19,20,21
5,6,7,8,10,12,88,13,15,1,0,18,19,20,21
5,6,7,8,10,12,88,13,15,1,0,18,19,20,21
5,6,7,8,10,12,88,13,15,1,0,18,19,20,21
5,6,7,8,10,12,88,13,15,1,0,18,19,20,21
5,6,7,8,10,12,88,13,15,1,0,18,19,20,21
5,6,7,8,10,12,88,13,15,1,0,18,19,20,21
5,6,7,8,10,12,88,13,15,1,0,18,19,20,21
5,6,7,8,10,12,88,13,15,1,0,18,19,20,21
5,6,7,8,10,12,88,13,15,1,0,18,19,20,21
5,6,7,8,10,12,88,13,15,1,0,18,19,20,21
5,6,7,8,10,12,88,13,15,1,0,18,19,20,21
5,6,7,8,10,12,88,13,15,1,0,18,19,20,21
5,6,7,8,10,12,88,13,15,1,0,18,19,20,21
5,6,7,8,10,12,88,13,15,1,0,18,19,20,21
5,6,7,8,10,12,88,13,15,1,0,18,19,20,21
5,6,7,8,10,12,88,13,15,1,0,18,19,20,21
5,6,7,8,10,12,88,13,15,1,0,18,19,20,21
5,6,7,8,10,12,88,13,15,1,0,18,19,20,21
5,6,7,8,10,12,88,13,15,1,0,18,19,20,21
5,6,7,8,10,12,88,13,15,1,0,18,19,20,21
5,6,7,8,10,12,88,13,15,1,0,18,19,20,21
5,6,7,8,10,12,88,13,15,1,0,18,19,20,21
5,6,7,8,10,12,88,13,15,1,0,18,19,20,21
5,6,7,8,10,12,88,13,15,1,0,18,19,20,21
5,6,7,8,10,12,88,13,15,1,0,18,19,20,21
5,6,7,8,10,12,88,13,15,1,0,18,19,20,21
5,6,7,8,10,12,88,13,15,1,0,18,19,20,21
5,6,7,8,10,12,88,13,15,1,0,18,19,20,21
5,6,7,8,10,12,88,13,15,1,0,18,19,20,21
5,6,7,8,10,12,88,13,15,1,0,18,19,20,21
5,6,7,8,10,12,88,13,15,1,0,18,19,20,21
5,6,7,8,10,12,88,13,15,1,0,18,19,20,21
5,6,7,8,10,12,88,13,15,1,0,18,19,20,21
5,6,7,8,10,12,88,13,15,1,0,18,19,20,21
5,6,7,8,10,12,88,13,15,1,0,18,19,20,21
5,6,7,8,10,12,88,13,15,1,0,18,19,20,21
5,6,7,8,10,12,88,13,15,1,0,18,19,20,21
5,6,7,8,10,12,88,13,15,1,0,18,19,20,21
5,6,7,8,10,12,88,13,15,1,0,18,19,20,21
5,6,7,8,10,12,88,13,15,1,0,18,19,20,21
5,6,7,8,10,12,88,13,15,1,0,18,19,20,21
5,6,7,8,10,12,88,13,15,1,0,18,19,20,21
5,6,7,8,10,12,88,13,15,1,0,18,19,20,21
5,6,7,8,10,12,88,13,15,1,0,18,19,20,21
5,6,7,8,10,12,88,13,15,1,0,18,19,20,21
5,6,7,8,10,12,88,13,15,1,0,18,19,20,21
5,6,7,8,10,12,88,13,15,1,0,18,19,20,21
5,6,7,8,10,12,88,13,15,1,0,18,19,20,21
5,6,7,8,10,12,88,13,15,1,0,18,19,20,21
5,6,7,8,10,12,88,13,15,1,0,18,19,20,21
5,6,7,8,10,12,88,13,15,1,0,18,19,20,21
5,6,7,8,10,12,88,13,15,1,0,18,19,20,21
5,6,7,8,10,12,88,13,15,1,0,18,19,20,21
5,6,7,8,10,12,88,13,15,1,0,18,19,20,21
5,6,7,8,10,12,88,13,15,1,0,18,19,20,21
5,6,7,8,10,12,88,13,15,1,0,18,19,20,21
5,6,7,8,10,12,88,13,15,1,0,18,19,20,21
5,6,7,8,10,12,88,13,15,1,0,18,19,20,21
5,6,7,8,10,12,88,13,15,1,0,18,19,20,21
5,6,7,8,10,12,88,13,15,1,0,18,19,20,21
5,6,7,8,10,12,88,13,15,1,0,18,19,20,21
5,6,7,8,10,12,88,13,15,1,0,18,19,20,21
5,6,7,8,10,12,88,13,15,1,0,18,19,20,21
5,6,7,8,10,12,88,13,15,1,0,18,19,20,21
5,6,7,8,10,12,88,13,15,1,0,18,19,20,21
5,6,7,8,10,12,88,13,15,1,0,18,19,20,21
5,6,7,8,10,12,88,13,15,1,0,18,19,20,21
5,6,7,8,10,12,88,13,15,1,0,18,19,20,21
5,6,7,8,10,12,88,13,15,1,0,18,19,20,21
5,6,7,8,10,12,88,13,15,1,0,18,19,20,21
5,6,7,8,10,12,88,13,15,1,0,18,19,20,21
5,6,7,8,10,12,88,13,15,1,0,18,19,20,21
5,6,7,8,10,12,88,13,15,1,0,18,19,20,21
5,6,7,8,10,12,88,13,15,1,0,18,19,20,21
5,6,7,8,10,12,88,13,15,1,0,18,19,20,21
5,6,7,8,10,12,88,13,15,1,0,18,19,20,21
5,6,7,8,10,12,88,13,15,1,0,18,19,20,21
5,6,7,8,10,12,88,13,15,1,0,18,19,20,21
5,6,7,8,10,12,88,13,15,1,0,18,19,20,21
5,6,7,8,10,12,88,13,15,1,0,18,19,20,21
5,6,7,8,10,12,88,13,15,1,0,18,19,20,21
5,6,7,8,10,12,88,13,15,1,0,18,19,20,21
5,6,7,8,10,12,88,13,15,1,0,18,19,20,21
5,6,7,8,10,12,88,13,15,1,0,18,19,20,21
5,6,7,8,10,12,88,13,15,1,0,18,19,20,21
5,6,7,8,10,12,88,13,15,1,0,18,19,20,21
5,6,7,8,10,12,88,13,15,1,0,18,19,20,21
5,6,7,8,10,12,88,13,15,1,0,18,19,20,21
5,6,7,8,10,12,88,13,15,1,0,18,19,20,21
5,6,7,8,10,12,88,13,15,1,0,18,19,20,21
5,6,7,8,10,12,88,13,15,1,0,18,19,20,21
5,6,7,8,10,12,88,13,15,1,0,18,19,20,21
5,6,7,8,10,12,88,13,15,1,0,18,19,20,21
5,6,7,8,10,12,88,13,15,1,0,18,19,20,21
5,6,7,8,10,12,88,13,15,1,0,18,19,20,21
5,6,7,8,10,12,88,13,15,1,0,18,19,20,21
5,6,7,8,10,12,88,13,15,1,0,18,19,20,21
5,6,7,8,10,12,88,13,15,1,0,18,19,20,21
5,6,7,8,10,12,88,13,15,1,0,18,19,20,21
5,6,7,8,10,12,88,13,15,1,0,18,19,20,21
5,6,7,8,10,12,88,13,15,1,0,18,19,20,21
5,6,7,8,10,12,88,13,15,1,0,18,19,20,21
5,6,7,8,10,12,88,13,15,1,0,18,19,20,21
5,6,7,8,10,12,88,13,15,1,0,18,19,20,21
5,6,7,8,10,12,88,13,15,1,0,18,19,20,21
5,6,7,8,10,12,88,13,15,1,0,18,19,20,21
5,6,7,8,10,12,88,13,15,1,0,18,19,20,21
5,6,7,8,10,12,88,13,15,1,0,18,19,20,21
5,6,7,8,10,12,88,13,15,1,0,18,19,20,21
5,6,7,8,10,12,88,13,15,1,0,18,19,20,21
5,6,7,8,10,12,88,13,15,1,0,18,19,20,21
5,6,7,8,10,12,88,13,15,1,0,18,19,20,21
5,6,7,8,10,12,88,13,15,1,0,18,19,20,21
5,6,7,8,10,12,88,13,15,1,0,18,19,20,21
5,6,7,8,10,12,88,13,15,1,0,18,19,20,21
5,6,7,8,10,12,88,13,15,1,0,18,19,20,21
5,6,7,8,10,12,88,13,15,1,0,18,19,20,21
5,6,7,8,10,12,88,13,15,1,0,18,19,20,21
5,6,7,8,10,12,88,13,15,1,0,18,19,20,21
5,6,7,8,10,12,88,13,15,1,0,18,19,20,21
5,6,7,8,10,12,88,13,15,1,0,18,19,20,21
5,6,7,8,10,12,88,13,15,1,0,18,19,20,21
5,6,7,8,10,12,88,13,15,1,0,18,19,20,21
5,6,7,8,10,12,88,13,15,1,0,18,19,20,21
5,6,7,8,10,12,88,13,15,1,0,18,19,20,21
5,6,7,8,10,12,88,13,15,1,0,18,19,20,21
5,6,7,8,10,12,88,13,15,1,0,18,19,20,21
5,6,7,8,10,12,88,13,15,1,0,18,19,20,21
5,6,7,8,10,12,88,13,15,1,0,18,19,20,21
5,6,7,8,10,12,88,13,15,1,0,18,19,20,21
5,6,7,8,10,12,88,13,15,1,0,18,19,20,21
5,6,7,8,10,12,88,13,15,1,0,18,19,20,21
5,6,7,8,10,12,88,13,15,1,0,18,19,20,21
5,6,7,8,10,12,88,13,15,1,0,18,19,20,21
5,6,7,8,10,12,88,13,15,1,0,18,19,20,21
5,6,7,8,10,12,88,13,15,1,0,18,19,20,21
5,6,7,8,10,12,88,13,15,1,0,18,19,20,21
5,6,7,8,10,12,88,13,15,1,0,18,19,20,21
5,6,7,8,10,12,88,13,15,1,0,18,19,20,21
5,6,7,8,10,12,88,13,15,1,0,18,19,20,21
5,6,7,8,10,12,88,13,15,1,0,18,19,20,21
5,6,7,8,10,12,88,13,15,1,0,18,19,20,21
5,6,7,8,10,12,88,13,15,1,0,18,19,20,21
5,6,7,8,10,12,88,13,15,1,0,18,19,20,21
5,6,7,8,10,12,88,13,15,1,0,18,19,20,21
5,6,7,8,10,12,88,13,15,1,0,18,19,20,21
5,6,7,8,10,12,88,13,15,1,0,18,19,20,21
5,6,7,8,10,12,88,13,15,1,0,18,19,20,21
5,6,7,8,10,12,88,13,15,1,0,18,19,20,21
5,6,7,8,10,12,88,13,15,1,0,18,19,20,21
5,6,7,8,10,12,88,13,15,1,0,18,19,20,21
5,6,7,8,10,12,88,13,15,1,0,18,19,20,21
5,6,7,8,10,12,88,13,15,1,0,18,19,20,21
5,6,7,8,10,12,88,13,15,1,0,18,19,20,21
5,6,7,8,10,12,88,13,15,1,0,18,19,20,21
5,6,7,8,10,12,88,13,15,1,0,18,19,20,21
5,6,7,8,10,12,88,13,15,1,0,18,19,20,21
5,6,7,8,10,12,88,13,15,1,0,18,19,20,21
5,6,7,8,10,12,88,13,15,1,0,18,19,20,21
5,6,7,8,10,12,88,13,15,1,0,18,19,20,21
5,6,7,8,10,12,88,13,15,1,0,18,19,20,21
5,6,7,8,10,12,88,13,15,1,0,18,19,20,21
5,6,7,8,10,12,88,13,15,1,0,18,19,20,21
5,6,7,8,10,12,88,13,15,1,0,18,19,20,21
5,6,7,8,10,12,88,13,15,1,0,18,19,20,21
5,6,7,8,10,12,88,13,15,1,0,18,19,20,21
5,6,7,8,10,12,88,13,15,1,0,18,19,20,21
5,6,7,8,10,12,88,13,15,1,0,18,19,20,21
5,6,7,8,10,12,88,13,15,1,0,18,19,20,21
5,6,7,8,10,12,88,13,15,1,0,18,19,20,21
5,6,7,8,10,12,88,13,15,1,0,18,19,20,21
5,6,7,8,10,12,88,13,15,1,0,18,19,20,21
5,6,7,8,10,12,88,13,15,1,0,18,19,20,21
5,6,7,8,10,12,88,13,15,1,0,18,19,20,21
5,6,7,8,10,12,88,13,15,1,0,18,19,20,21
5,6,7,8,10,12,88,13,15,1,0,18,19,20,21
5,6,7,8,10,12,88,13,15,1,0,18,19,20,21
5,6,7,8,10,12,88,13,15,1,0,18,19,20,21
5,6,7,8,10,12,88,13,15,1,0,18,19,20,21
5,6,7,8,10,12,88,13,15,1,0,18,19,20,21
5,6,7,8,10,12,88,13,15,1,0,18,19,20,21
5,6,7,8,10,12,88,13,15,1,0,18,19,20,21
5,6,7,8,10,12,88,13,15,1,0,18,19,20,21
5,6,7,8,10,12,88,13,15,1,0,18,19,20,21
5,6,7,8,10,12,88,13,15,1,0,18,19,20,21
5,6,7,8,10,12,88,13,15,1,0,18,19,20,21
5,6,7,8,10,12,88,13,15,1,0,18,19,20,21
5,6,7,8,10,12,88,13,15,1,0,18,19,20,21
5,6,7,8,10,12,88,13,15,1,0,18,19,20,21
5,6,7,8,10,12,88,13,15,1,0,18,19,20,21
5,6,7,8,10,12,88,13,15,1,0,18,19,20,21
5,6,7,8,10,12,88,13,15,1,0,18,19,20,21
5,6,7,8,10,12,88,13,15,1,0,18,19,20,21
5,6,7,8,10,12,88,13,15,1,0,18,19,20,21
5,6,7,8,10,12,88,13,15,1,0,18,19,20,21
5,6,7,8,10,12,88,13,15,1,0,18,19,20,21
5,6,7,8,10,12,88,13,15,1,0,18,19,20,21
5,6,7,8,10,12,88,13,15,1,0,18,19,20,21
5,6,7,8,10,12,88,13,15,1,0,18,19,20,21
5,6,7,8,10,12,88,13,15,1,0,18,19,20,21
5,6,7,8,10,12,88,13,15,1,0,18,19,20,21
5,6,7,8,10,12,88,13,15,1,0,18,19,20,21
5,6,7,8,10,12,88,13,15,1,0,18,19,20,21
5,6,7,8,10,12,88,13,15,1,0,18,19,20,21
5,6,7,8,10,12,88,13,15,1,0,18,19,20,21
5,6,7,8,10,12,88,13,15,1,0,18,19,20,21
5,6,7,8,10,12,88,13,15,1,0,18,19,20,21
5,6,7,8,10,12,88,13,15,1,0,18,19,20,21
5,6,7,8,10,12,88,13,15,1,0,18,19,20,21
5,6,7,8,10,12,88,13,15,1,0,18,19,20,21
5,6,7,8,10,12,88,13,15,1,0,18,19,20,21
5,6,7,8,10,12,88,13,15,1,0,18,19,20,21
5,6,7,8,10,12,88,13,15,1,0,18,19,20,21
5,6,7,8,10,12,88,13,15,1,0,18,19,20,21
5,6,7,3,2,10,12,88,13,15,17,18,19,20,21
5,6,7,3,2,10,12,88,13,15,17,18,19,20,21
5,6,7,3,2,10,12,88,13,15,17,18,19,20,21
5,6,7,3,2,10,12,88,13,15,17,18,19,20,21
5,6,7,3,2,10,12,88,13,15,17,18,19,20,21
5,6,7,3,2,10,12,88,13,15,17,18,19,20,21
5,6,7,3,2,10,12,88,13,15,17,18,19,20,21
5,6,7,3,2,10,12,88,13,15,17,18,19,20,21
5,6,7,3,2,10,12,88,13,15,17,18,19,20,21
5,6,7,3,2,10,12,88,13,15,17,18,19,20,21
5,6,7,3,2,10,12,88,13,15,17,18,19,20,21
5,6,7,3,2,10,12,88,13,15,17,18,19,20,21
5,6,7,3,2,10,12,88,13,15,17,18,19,20,21
5,6,7,3,2,10,12,88,13,15,17,18,19,20,21
5,6,7,3,2,10,12,88,13,15,17,18,19,20,21
5,6,7,3,2,10,12,88,13,15,17,18,19,20,21
5,6,7,3,2,10,12,88,13,15,17,18,19,20,21
5,6,7,3,2,10,12,88,13,15,17,18,19,20,21
5,6,7,3,2,10,12,88,13,15,17,18,19,20,21
5,6,7,3,2,10,12,88,13,15,17,18,19,20,21
5,6,7,3,2,10,12,88,13,15,17,18,19,20,21
5,6,7,3,2,10,12,88,13,15,17,18,19,20,21
5,6,7,3,2,10,12,88,13,15,17,18,19,20,21
5,6,7,3,2,10,12,88,13,15,17,18,19,20,21
5,6,7,3,2,10,12,88,13,15,17,18,19,20,21
5,6,7,3,2,10,12,88,13,15,17,18,19,20,21
5,6,7,3,2,10,12,88,13,15,17,18,19,20,21
5,6,7,3,2,10,12,88,13,15,17,18,19,20,21
5,6,7,3,2,10,12,88,13,15,17,18,19,20,21
5,6,7,3,2,10,12,88,13,15,17,18,19,20,21
5,6,7,3,2,10,12,88,13,15,17,18,19,20,21
5,6,7,3,2,10,12,88,13,15,17,18,19,20,21
5,6,7,3,2,10,12,88,13,15,17,18,19,20,21
5,6,7,3,2,10,12,88,13,15,17,18,19,20,21
5,6,7,3,2,10,12,88,13,15,17,18,19,20,21
5,6,7,3,2,10,12,88,13,15,17,18,19,20,21
5,6,7,3,2,10,12,88,13,15,17,18,19,20,21
5,6,7,3,2,10,12,88,13,15,17,18,19,20,21
5,6,7,3,2,10,12,88,13,15,17,18,19,20,21
5,6,7,3,2,10,12,88,13,15,17,18,19,20,21
5,6,7,3,2,10,12,88,13,15,17,18,19,20,21
5,6,7,3,2,10,12,88,13,15,17,18,19,20,21
5,6,7,3,2,10,12,88,13,15,17,18,19,20,21
5,6,7,3,2,10,12,88,13,15,17,18,19,20,21
5,6,7,3,2,10,12,88,13,15,17,18,19,20,21
5,6,7,3,2,10,12,88,13,15,17,18,19,20,21
5,6,7,3,2,10,12,88,13,15,17,18,19,20,21
5,6,7,3,2,10,12,88,13,15,17,18,19,20,21
5,6,7,3,2,10,12,88,13,15,17,18,19,20,21
5,6,7,3,2,10,12,88,13,15,17,18,19,20,21
5,6,7,3,2,10,12,88,13,15,17,18,19,20,21
5,6,7,3,2,10,12,88,13,15,17,18,19,20,21
5,6,7,3,2,10,12,88,13,15,17,18,19,20,21
5,6,7,3,2,10,12,88,13,15,17,18,19,20,21
5,6,7,3,2,10,12,88,13,15,17,18,19,20,21
5,6,7,3,2,10,12,88,13,15,17,18,19,20,21
5,6,7,3,2,10,12,88,13,15,17,18,19,20,21
5,6,7,3,2,10,12,88,13,15,17,18,19,20,21
5,6,7,3,2,10,12,88,13,15,17,18,19,20,21
5,6,7,3,2,10,12,88,13,15,17,18,19,20,21
5,6,7,3,2,10,12,88,13,15,17,18,19,20,21
5,6,7,3,2,10,12,88,13,15,17,18,19,20,21
5,6,7,3,2,10,12,88,13,15,17,18,19,20,21
5,6,7,3,2,10,12,88,13,15,17,18,19,20,21
5,6,7,3,2,10,12,88,13,15,17,18,19,20,21
5,6,7,3,2,10,12,88,13,15,17,18,19,20,21
5,6,7,3,2,10,12,88,13,15,17,18,19,20,21
5,6,7,3,2,10,12,88,13,15,17,18,19,20,21
5,6,7,3,2,10,12,88,13,15,17,18,19,20,21
5,6,7,3,2,10,12,88,13,15,17,18,19,20,21
5,6,7,3,2,10,12,88,13,15,17,18,19,20,21
5,6,7,3,2,10,12,88,13,15,17,18,19,20,21
5,6,7,3,2,10,12,88,13,15,17,18,19,20,21
5,6,7,3,2,10,12,88,13,15,17,18,19,20,21
5,6,7,3,2,10,12,88,13,15,17,18,19,20,21
5,6,7,3,2,10,12,88,13,15,17,18,19,20,21
5,6,7,3,2,10,12,88,13,15,17,18,19,20,21
5,6,7,3,2,10,12,88,13,15,17,18,19,20,21
5,6,7,3,2,10,12,88,13,15,17,18,19,20,21
5,6,7,3,2,10,12,88,13,15,17,18,19,20,21
5,6,7,3,2,10,12,88,13,15,17,18,19,20,21
5,6,7,3,2,10,12,88,13,15,17,18,19,20,21
5,6,7,3,2,10,12,88,13,15,17,18,19,20,21
5,6,7,3,2,10,12,88,13,15,17,18,19,20,21
5,6,7,3,2,10,12,88,13,15,17,18,19,20,21
5,6,7,3,2,10,12,88,13,15,17,18,19,20,21
5,6,7,3,2,10,12,88,13,15,17,18,19,20,21
5,6,7,3,2,10,12,88,13,15,17,18,19,20,21
5,6,7,3,2,10,12,88,13,15,17,18,19,20,21
5,6,7,3,2,10,12,88,13,15,17,18,19,20,21
5,6,7,3,2,10,12,88,13,15,17,18,19,20,21
5,6,7,3,2,10,12,88,13,15,17,18,19,20,21
5,6,7,3,2,10,12,88,13,15,17,18,19,20,21
5,6,7,3,2,10,12,88,13,15,17,18,19,20,21
5,6,7,3,2,10,12,88,13,15,17,18,19,20,21
5,6,7,3,2,10,12,88,13,15,17,18,19,20,21
5,6,7,3,2,10,12,88,13,15,17,18,19,20,21
5,6,7,3,2,10,12,88,13,15,17,18,19,20,21
5,6,7,3,2,10,12,88,13,15,17,18,19,20,21
5,6,7,3,2,10,12,88,13,15,17,18,19,20,21
5,6,7,3,2,10,12,88,13,15,17,18,19,20,21
5,6,7,3,2,10,12,88,13,15,17,18,19,20,21
5,6,7,3,2,10,12,88,13,15,17,18,19,20,21
5,6,7,3,2,10,12,88,13,15,17,18,19,20,21
5,6,7,3,2,10,12,88,13,15,17,18,19,20,21
5,6,7,3,2,10,12,88,13,15,17,18,19,20,21
5,6,7,3,2,10,12,88,13,15,17,18,19,20,21
5,6,7,3,2,10,12,88,13,15,17,18,19,20,21
5,6,7,3,2,10,12,88,13,15,17,18,19,20,21
5,6,7,3,2,10,12,88,13,15,17,18,19,20,21
5,6,7,3,2,10,12,88,13,15,17,18,19,20,21
5,6,7,3,2,10,12,88,13,15,17,18,19,20,21
5,6,7,3,2,10,12,88,13,15,17,18,19,20,21
5,6,7,3,2,10,12,88,13,15,17,18,19,20,21
5,6,7,3,2,10,12,88,13,15,17,18,19,20,21
5,6,7,3,2,10,12,88,13,15,17,18,19,20,21
5,6,7,3,2,10,12,88,13,15,17,18,19,20,21
5,6,7,3,2,10,12,88,13,15,17,18,19,20,21
5,6,7,3,2,10,12,88,13,15,17,18,19,20,21
5,6,7,3,2,10,12,88,13,15,17,18,19,20,21
5,6,7,3,2,10,12,88,13,15,17,18,19,20,21
5,6,7,3,2,10,12,88,13,15,17,18,19,20,21
5,6,7,3,2,10,12,88,13,15,17,18,19,20,21
5,6,7,3,2,10,12,88,13,15,17,18,19,20,21
5,6,7,3,2,10,12,88,13,15,17,18,19,20,21
5,6,7,3,2,10,12,88,13,15,17,18,19,20,21
5,6,7,3,2,10,12,88,13,15,17,18,19,20,21
5,6,7,3,2,10,12,88,13,15,17,18,19,20,21
5,6,7,3,2,10,12,88,13,15,17,18,19,20,21
5,6,7,3,2,10,12,88,13,15,17,18,19,20,21
5,6,7,3,2,10,12,88,13,15,17,18,19,20,21
5,6,7,3,2,10,12,88,13,15,17,18,19,20,21
5,6,7,3,2,10,12,88,13,15,17,18,19,20,21
5,6,7,3,2,10,12,88,13,15,17,18,19,20,21
5,6,7,3,2,10,12,88,13,15,17,18,19,20,21
5,6,7,3,2,10,12,88,13,15,17,18,19,20,21
5,6,7,3,2,10,12,88,13,15,17,18,19,20,21
5,6,7,3,2,10,12,88,13,15,17,18,19,20,21
5,6,7,3,2,10,12,88,13,15,17,18,19,20,21
5,6,7,3,2,10,12,88,13,15,17,18,19,20,21
5,6,7,3,2,10,12,88,13,15,17,18,19,20,21
5,6,7,3,2,10,12,88,13,15,17,18,19,20,21
5,6,7,3,2,10,12,88,13,15,17,18,19,20,21
5,6,7,3,2,10,12,88,13,15,17,18,19,20,21
5,6,7,3,2,10,12,88,13,15,17,18,19,20,21
5,6,7,3,2,10,12,88,13,15,17,18,19,20,21
5,6,7,3,2,10,12,88,13,15,17,18,19,20,21
5,6,7,3,2,10,12,88,13,15,17,18,19,20,21
5,6,7,3,2,10,12,88,13,15,17,18,19,20,21
5,6,7,3,2,10,12,88,13,15,17,18,19,20,21
5,6,7,3,2,10,12,88,13,15,17,18,19,20,21
5,6,7,3,2,10,12,88,13,15,17,18,19,20,21
5,6,7,3,2,10,12,88,13,15,17,18,19,20,21
5,6,7,3,2,10,12,88,13,15,17,18,19,20,21
5,6,7,3,2,10,12,88,13,15,17,18,19,20,21
5,6,7,3,2,10,12,88,13,15,17,18,19,20,21
5,6,7,3,2,10,12,88,13,15,17,18,19,20,21
5,6,7,3,2,10,12,88,13,15,17,18,19,20,21
5,6,7,3,2,10,12,88,13,15,17,18,19,20,21
5,6,7,3,2,10,12,88,13,15,17,18,19,20,21
5,6,7,3,2,10,12,88,13,15,17,18,19,20,21
5,6,7,3,2,10,12,88,13,15,17,18,19,20,21
5,6,7,3,2,10,12,88,13,15,17,18,19,20,21
5,6,7,3,2,10,12,88,13,15,17,18,19,20,21
5,6,7,3,2,10,12,88,13,15,17,18,19,20,21
5,6,7,3,2,10,12,88,13,15,17,18,19,20,21
5,6,7,3,2,10,12,88,13,15,17,18,19,20,21
5,6,7,3,2,10,12,88,13,15,17,18,19,20,21
5,6,7,3,2,10,12,88,13,15,17,18,19,20,21
5,6,7,3,2,10,12,88,13,15,17,18,19,20,21
5,6,7,3,2,10,12,88,13,15,17,18,19,20,21
5,6,7,3,2,10,12,88,13,15,17,18,19,20,21
5,6,7,3,2,10,12,88,13,15,17,18,19,20,21
5,6,7,3,2,10,12,88,13,15,17,18,19,20,21
5,6,7,3,2,10,12,88,13,15,17,18,19,20,21
5,6,7,3,2,10,12,88,13,15,17,18,19,20,21
5,6,7,3,2,10,12,88,13,15,17,18,19,20,21
5,6,7,3,2,10,12,88,13,15,17,18,19,20,21
5,6,7,3,2,10,12,88,13,15,17,18,19,20,21
5,6,7,3,2,10,12,88,13,15,17,18,19,20,21
5,6,7,3,2,10,12,88,13,15,17,18,19,20,21
5,6,7,3,2,10,12,88,13,15,17,18,19,20,21
5,6,7,3,2,10,12,88,13,15,17,18,19,20,21
5,6,7,3,2,10,12,88,13,15,17,18,19,20,21
5,6,7,3,2,10,12,88,13,15,17,18,19,20,21
5,6,7,3,2,10,12,88,13,15,17,18,19,20,21
5,6,7,3,2,10,12,88,13,15,17,18,19,20,21
5,6,7,3,2,10,12,88,13,15,17,18,19,20,21
5,6,7,3,2,10,12,88,13,15,17,18,19,20,21
5,6,7,3,2,10,12,88,13,15,17,18,19,20,21
5,6,7,3,2,10,12,88,13,15,17,18,19,20,21
5,6,7,3,2,10,12,88,13,15,17,18,19,20,21
5,6,7,3,2,10,12,88,13,15,17,18,19,20,21
5,6,7,3,2,10,12,88,13,15,17,18,19,20,21
5,6,7,3,2,10,12,88,13,15,17,18,19,20,21
5,6,7,3,2,10,12,88,13,15,17,18,19,20,21
5,6,7,3,2,10,12,88,13,15,17,18,19,20,21
5,6,7,3,2,10,12,88,13,15,17,18,19,20,21
5,6,7,3,2,10,12,88,13,15,17,18,19,20,21
5,6,7,3,2,10,12,88,13,15,17,18,19,20,21
5,6,7,3,2,10,12,88,13,15,17,18,19,20,21
5,6,7,3,2,10,12,88,13,15,17,18,19,20,21
5,6,7,3,2,10,12,88,13,15,17,18,19,20,21
5,6,7,3,2,10,12,88,13,15,17,18,19,20,21
5,6,7,3,2,10,12,88,13,15,17,18,19,20,21
5,6,7,3,2,10,12,88,13,15,17,18,19,20,21
5,6,7,3,2,10,12,88,13,15,17,18,19,20,21
5,6,7,3,2,10,12,88,13,15,17,18,19,20,21
5,6,7,3,2,10,12,88,13,15,17,18,19,20,21
5,6,7,3,2,10,12,88,13,15,17,18,19,20,21
5,6,7,3,2,10,12,88,13,15,17,18,19,20,21
5,6,7,3,2,10,12,88,13,15,17,18,19,20,21
5,6,7,3,2,10,12,88,13,15,17,18,19,20,21
5,6,7,3,2,10,12,88,13,15,17,18,19,20,21
5,6,7,3,2,10,12,88,13,15,17,18,19,20,21
5,6,7,3,2,10,12,88,13,15,17,18,19,20,21
5,6,7,3,2,10,12,88,13,15,17,18,19,20,21
5,6,7,3,2,10,12,88,13,15,17,18,19,20,21
5,6,7,3,2,10,12,88,13,15,17,18,19,20,21
5,6,7,3,2,10,12,88,13,15,17,18,19,20,21
5,6,7,3,2,10,12,88,13,15,17,18,19,20,21
5,6,7,3,2,10,12,88,13,15,17,18,19,20,21
5,6,7,3,2,10,12,88,13,15,17,18,19,20,21
5,6,7,3,2,10,12,88,13,15,17,18,19,20,21
5,6,7,3,2,10,12,88,13,15,17,18,19,20,21
5,6,7,3,2,10,12,88,13,15,17,18,19,20,21
5,6,7,3,2,10,12,88,13,15,17,18,19,20,21
5,6,7,3,2,10,12,88,13,15,17,18,19,20,21
5,6,7,3,2,10,12,88,13,15,17,18,19,20,21
5,6,7,3,2,10,12,88,13,15,17,18,19,20,21
5,6,7,3,2,10,12,88,13,15,17,18,19,20,21
5,6,7,3,2,10,12,88,13,15,17,18,19,20,21
5,6,7,3,2,10,12,88,13,15,17,18,19,20,21
5,6,7,3,2,10,12,88,13,15,17,18,19,20,21
5,6,7,3,2,10,12,88,13,15,17,18,19,20,21
5,6,7,3,2,10,12,88,13,15,17,18,19,20,21
5,6,7,3,2,10,12,88,13,15,17,18,19,20,21
5,6,7,3,2,10,12,88,13,15,17,18,19,20,21
5,6,7,3,2,10,12,88,13,15,17,18,19,20,21
5,6,7,3,2,10,12,88,13,15,17,18,19,20,21
5,6,7,3,2,10,12,88,13,15,17,18,19,20,21
5,6,7,3,2,10,12,88,13,15,17,18,19,20,21
5,6,7,3,2,10,12,88,13,15,17,18,19,20,21
5,6,7,3,2,10,12,88,13,15,17,18,19,20,21
5,6,7,3,2,10,12,88,13,15,17,18,19,20,21
5,6,7,3,2,10,12,88,13,15,17,18,19,20,21
5,6,7,3,2,10,12,88,13,15,17,18,19,20,21
5,6,7,3,2,10,12,88,13,15,17,18,19,20,21
5,6,7,3,2,10,12,88,13,15,17,18,19,20,21
5,6,7,3,2,10,12,88,13,15,17,18,19,20,21
5,6,7,3,2,10,12,88,13,15,17,18,19,20,21
5,6,7,3,2,10,12,88,13,15,17,18,19,20,21
5,6,7,3,2,10,12,88,13,15,17,18,19,20,21
5,6,7,3,2,10,12,88,13,15,17,18,19,20,21
5,6,7,3,2,10,12,88,13,15,17,18,19,20,21
5,6,7,3,2,10,12,88,13,15,17,18,19,20,21
5,6,7,8,9,10,12,88,13,15,1,0,18,19,20,21
5,6,7,8,9,10,12,88,13,15,1,0,18,19,20,21
5,6,7,8,9,10,12,88,13,15,1,0,18,19,20,21
5,6,7,8,9,10,12,88,13,15,1,0,18,19,20,21
5,6,7,8,9,10,12,88,13,15,1,0,18,19,20,21
5,6,7,8,9,10,12,88,13,15,1,0,18,19,20,21
5,6,7,8,9,10,12,88,13,15,1,0,18,19,20,21
5,6,7,8,9,10,12,88,13,15,1,0,18,19,20,21
5,6,7,8,9,10,12,88,13,15,1,0,18,19,20,21
5,6,7,8,9,10,12,88,13,15,1,0,18,19,20,21
5,6,7,8,9,10,12,88,13,15,1,0,18,19,20,21
5,6,7,8,9,10,12,88,13,15,1,0,18,19,20,21
5,6,7,8,9,10,12,88,13,15,1,0,18,19,20,21
5,6,7,8,9,10,12,88,13,15,1,0,18,19,20,21
5,6,7,8,9,10,12,88,13,15,1,0,18,19,20,21
5,6,7,8,9,10,12,88,13,15,1,0,18,19,20,21
5,6,7,8,9,10,12,88,13,15,1,0,18,19,20,21
5,6,7,8,9,10,12,88,13,15,1,0,18,19,20,21
5,6,7,8,9,10,12,88,13,15,1,0,18,19,20,21
5,6,7,8,9,10,12,88,13,15,1,0,18,19,20,21
5,6,7,8,9,10,12,88,13,15,1,0,18,19,20,21
5,6,7,8,9,10,12,88,13,15,1,0,18,19,20,21
5,6,7,8,9,10,12,88,13,15,1,0,18,19,20,21
5,6,7,8,9,10,12,88,13,15,1,0,18,19,20,21
5,6,7,8,9,10,12,88,13,15,1,0,18,19,20,21
5,6,7,8,9,10,12,88,13,15,1,0,18,19,20,21
5,6,7,8,9,10,12,88,13,15,1,0,18,19,20,21
5,6,7,8,9,10,12,88,13,15,1,0,18,19,20,21
5,6,7,8,9,10,12,88,13,15,1,0,18,19,20,21
5,6,7,8,9,10,12,88,13,15,1,0,18,19,20,21
5,6,7,8,9,10,12,88,13,15,1,0,18,19,20,21
5,6,7,8,9,10,12,88,13,15,1,0,18,19,20,21
5,6,7,8,9,10,12,88,13,15,1,0,18,19,20,21
5,6,7,8,9,10,12,88,13,15,1,0,18,19,20,21
5,6,7,8,9,10,12,88,13,15,1,0,18,19,20,21
5,6,7,8,9,10,12,88,13,15,1,0,18,19,20,21
5,6,7,8,9,10,12,88,13,15,1,0,18,19,20,21
5,6,7,8,9,10,12,88,13,15,1,0,18,19,20,21
5,6,7,8,9,10,12,88,13,15,1,0,18,19,20,21
5,6,7,8,9,10,12,88,13,15,1,0,18,19,20,21
5,6,7,8,9,10,12,88,13,15,1,0,18,19,20,21
5,6,7,8,9,10,12,88,13,15,1,0,18,19,20,21
5,6,7,8,9,10,12,88,13,15,1,0,18,19,20,21
5,6,7,8,9,10,12,88,13,15,1,0,18,19,20,21
5,6,7,8,9,10,12,88,13,15,1,0,18,19,20,21
5,6,7,8,9,10,12,88,13,15,1,0,18,19,20,21
5,6,7,8,9,10,12,88,13,15,1,0,18,19,20,21
5,6,7,8,9,10,12,88,13,15,1,0,18,19,20,21
5,6,7,8,9,10,12,88,13,15,1,0,18,19,20,21
5,6,7,8,9,10,12,88,13,15,1,0,18,19,20,21
5,6,7,8,9,10,12,88,13,15,1,0,18,19,20,21
5,6,7,8,9,10,12,88,13,15,1,0,18,19,20,21
5,6,7,8,9,10,12,88,13,15,1,0,18,19,20,21
5,6,7,8,9,10,12,88,13,15,1,0,18,19,20,21
5,6,7,8,9,10,12,88,13,15,1,0,18,19,20,21
5,6,7,8,9,10,12,88,13,15,1,0,18,19,20,21
5,6,7,8,9,10,12,88,13,15,1,0,18,19,20,21
5,6,7,8,9,10,12,88,13,15,1,0,18,19,20,21
5,6,7,8,9,10,12,88,13,15,1,0,18,19,20,21
5,6,7,8,9,10,12,88,13,15,1,0,18,19,20,21
5,6,7,8,9,10,12,88,13,15,1,0,18,19,20,21
5,6,7,8,9,10,12,88,13,15,1,0,18,19,20,21
5,6,7,8,9,10,12,88,13,15,1,0,18,19,20,21
5,6,7,8,9,10,12,88,13,15,1,0,18,19,20,21
5,6,7,8,9,10,12,88,13,15,1,0,18,19,20,21
5,6,7,8,9,10,12,88,13,15,1,0,18,19,20,21
5,6,7,8,9,10,12,88,13,15,1,0,18,19,20,21
5,6,7,8,9,10,12,88,13,15,1,0,18,19,20,21
5,6,7,8,9,10,12,88,13,15,1,0,18,19,20,21
5,6,7,8,9,10,12,88,13,15,1,0,18,19,20,21
5,6,7,8,9,10,12,88,13,15,1,0,18,19,20,21
5,6,7,8,9,10,12,88,13,15,1,0,18,19,20,21
5,6,7,8,9,10,12,88,13,15,1,0,18,19,20,21
5,6,7,8,9,10,12,88,13,15,1,0,18,19,20,21
5,6,7,8,9,10,12,88,13,15,1,0,18,19,20,21
5,6,7,8,9,10,12,88,13,15,1,0,18,19,20,21
5,6,7,8,9,10,12,88,13,15,1,0,18,19,20,21
5,6,7,8,9,10,12,88,13,15,1,0,18,19,20,21
5,6,7,8,9,10,12,88,13,15,1,0,18,19,20,21
5,6,7,8,9,10,12,88,13,15,1,0,18,19,20,21
5,6,7,8,9,10,12,88,13,15,1,0,18,19,20,21
5,6,7,8,9,10,12,88,13,15,1,0,18,19,20,21
5,6,7,8,9,10,12,88,13,15,1,0,18,19,20,21
5,6,7,8,9,10,12,88,13,15,1,0,18,19,20,21
5,6,7,8,9,10,12,88,13,15,1,0,18,19,20,21
5,6,7,8,9,10,12,88,13,15,1,0,18,19,20,21
5,6,7,8,9,10,12,88,13,15,1,0,18,19,20,21
5,6,7,8,9,10,12,88,13,15,1,0,18,19,20,21
5,6,7,8,9,10,12,88,13,15,1,0,18,19,20,21
5,6,7,8,9,10,12,88,13,15,1,0,18,19,20,21
5,6,7,8,9,10,12,88,13,15,1,0,18,19,20,21
5,6,7,8,9,10,12,88,13,15,1,0,18,19,20,21
5,6,7,8,9,10,12,88,13,15,1,0,18,19,20,21
5,6,7,8,9,10,12,88,13,15,1,0,18,19,20,21
5,6,7,8,9,10,12,88,13,15,1,0,18,19,20,21
5,6,7,8,9,10,12,88,13,15,1,0,18,19,20,21
5,6,7,8,9,10,12,88,13,15,1,0,18,19,20,21
5,6,7,8,9,10,12,88,13,15,1,0,18,19,20,21
5,6,7,8,9,10,12,88,13,15,1,0,18,19,20,21
5,6,7,8,9,10,12,88,13,15,1,0,18,19,20,21
5,6,7,8,9,10,12,88,13,15,1,0,18,19,20,21
5,6,7,8,9,10,12,88,13,15,1,0,18,19,20,21
5,6,7,8,9,10,12,88,13,15,1,0,18,19,20,21
5,6,7,8,9,10,12,88,13,15,1,0,18,19,20,21
5,6,7,8,9,10,12,88,13,15,1,0,18,19,20,21
5,6,7,8,9,10,12,88,13,15,1,0,18,19,20,21
5,6,7,8,9,10,12,88,13,15,1,0,18,19,20,21
5,6,7,8,9,10,12,88,13,15,1,0,18,19,20,21
5,6,7,8,9,10,12,88,13,15,1,0,18,19,20,21
5,6,7,8,9,10,12,88,13,15,1,0,18,19,20,21
5,6,7,8,9,10,12,88,13,15,1,0,18,19,20,21
5,6,7,8,9,10,12,88,13,15,1,0,18,19,20,21
5,6,7,8,9,10,12,88,13,15,1,0,18,19,20,21
5,6,7,8,9,10,12,88,13,15,1,0,18,19,20,21
5,6,7,8,9,10,12,88,13,15,1,0,18,19,20,21
5,6,7,8,9,10,12,88,13,15,1,0,18,19,20,21
5,6,7,8,9,10,12,88,13,15,1,0,18,19,20,21
5,6,7,8,9,10,12,88,13,15,1,0,18,19,20,21
5,6,7,8,9,10,12,88,13,15,1,0,18,19,20,21
5,6,7,8,9,10,12,88,13,15,1,0,18,19,20,21
5,6,7,8,9,10,12,88,13,15,1,0,18,19,20,21
5,6,7,8,9,10,12,88,13,15,1,0,18,19,20,21
5,6,7,8,9,10,12,88,13,15,1,0,18,19,20,21
5,6,7,8,9,10,12,88,13,15,1,0,18,19,20,21
5,6,7,8,9,10,12,88,13,15,1,0,18,19,20,21
5,6,7,8,9,10,12,88,13,15,1,0,18,19,20,21
5,6,7,8,9,10,12,88,13,15,1,0,18,19,20,21
5,6,7,8,9,10,12,88,13,15,1,0,18,19,20,21
5,6,7,8,9,10,12,88,13,15,1,0,18,19,20,21
5,6,7,8,9,10,12,88,13,15,1,0,18,19,20,21
5,6,7,8,9,10,12,88,13,15,1,0,18,19,20,21
5,6,7,8,9,10,12,88,13,15,1,0,18,19,20,21
5,6,7,8,9,10,12,88,13,15,1,0,18,19,20,21
5,6,7,8,9,10,12,88,13,15,1,0,18,19,20,21
5,6,7,8,9,10,12,88,13,15,1,0,18,19,20,21
5,6,7,8,9,10,12,88,13,15,1,0,18,19,20,21
5,6,7,8,9,10,12,88,13,15,1,0,18,19,20,21
5,6,7,8,9,10,12,88,13,15,1,0,18,19,20,21
5,6,7,8,9,10,12,88,13,15,1,0,18,19,20,21
5,6,7,8,9,10,12,88,13,15,1,0,18,19,20,21
5,6,7,8,9,10,12,88,13,15,1,0,18,19,20,21
5,6,7,8,9,10,12,88,13,15,1,0,18,19,20,21
5,6,7,8,9,10,12,88,13,15,1,0,18,19,20,21
5,6,7,8,9,10,12,88,13,15,1,0,18,19,20,21
5,6,7,8,9,10,12,88,13,15,1,0,18,19,20,21
5,6,7,8,9,10,12,88,13,15,1,0,18,19,20,21
5,6,7,8,9,10,12,88,13,15,1,0,18,19,20,21
5,6,7,8,9,10,12,88,13,15,1,0,18,19,20,21
5,6,7,8,9,10,12,88,13,15,1,0,18,19,20,21
5,6,7,8,9,10,12,88,13,15,1,0,18,19,20,21
5,6,7,8,9,10,12,88,13,15,1,0,18,19,20,21
5,6,7,8,9,10,12,88,13,15,1,0,18,19,20,21
5,6,7,8,9,10,12,88,13,15,1,0,18,19,20,21
5,6,7,8,9,10,12,88,13,15,1,0,18,19,20,21
5,6,7,8,9,10,12,88,13,15,1,0,18,19,20,21
5,6,7,8,9,10,12,88,13,15,1,0,18,19,20,21
5,6,7,8,9,10,12,88,13,15,1,0,18,19,20,21
5,6,7,8,9,10,12,88,13,15,1,0,18,19,20,21
5,6,7,8,9,10,12,88,13,15,1,0,18,19,20,21
5,6,7,8,9,10,12,88,13,15,1,0,18,19,20,21
5,6,7,8,9,10,12,88,13,15,1,0,18,19,20,21
5,6,7,8,9,10,12,88,13,15,1,0,18,19,20,21
5,6,7,8,9,10,12,88,13,15,1,0,18,19,20,21
5,6,7,8,9,10,12,88,13,15,1,0,18,19,20,21
5,6,7,8,9,10,12,88,13,15,1,0,18,19,20,21
5,6,7,8,9,10,12,88,13,15,1,0,18,19,20,21
5,6,7,8,9,10,12,88,13,15,1,0,18,19,20,21
5,6,7,8,9,10,12,88,13,15,1,0,18,19,20,21
5,6,7,8,9,10,12,88,13,15,1,0,18,19,20,21
5,6,7,8,9,10,12,88,13,15,1,0,18,19,20,21
5,6,7,8,9,10,12,88,13,15,1,0,18,19,20,21
5,6,7,8,9,10,12,88,13,15,1,0,18,19,20,21
5,6,7,8,9,10,12,88,13,15,1,0,18,19,20,21
5,6,7,8,9,10,12,88,13,15,1,0,18,19,20,21
5,6,7,8,9,10,12,88,13,15,1,0,18,19,20,21
5,6,7,8,9,10,12,88,13,15,1,0,18,19,20,21
5,6,7,8,9,10,12,88,13,15,1,0,18,19,20,21
5,6,7,8,9,10,12,88,13,15,1,0,18,19,20,21
5,6,7,8,9,10,12,88,13,15,1,0,18,19,20,21
5,6,7,8,9,10,12,88,13,15,1,0,18,19,20,21
5,6,7,8,9,10,12,88,13,15,1,0,18,19,20,21
5,6,7,8,9,10,12,88,13,15,1,0,18,19,20,21
5,6,7,8,9,10,12,88,13,15,1,0,18,19,20,21
5,6,7,8,9,10,12,88,13,15,1,0,18,19,20,21
5,6,7,8,9,10,12,88,13,15,1,0,18,19,20,21
5,6,7,8,9,10,12,88,13,15,1,0,18,19,20,21
5,6,7,8,9,10,12,88,13,15,1,0,18,19,20,21
5,6,7,8,9,10,12,88,13,15,1,0,18,19,20,21
5,6,7,8,9,10,12,88,13,15,1,0,18,19,20,21
5,6,7,8,9,10,12,88,13,15,1,0,18,19,20,21
5,6,7,8,9,10,12,88,13,15,1,0,18,19,20,21
5,6,7,8,9,10,12,88,13,15,1,0,18,19,20,21
5,6,7,8,9,10,12,88,13,15,1,0,18,19,20,21
5,6,7,8,9,10,12,88,13,15,1,0,18,19,20,21
5,6,7,8,9,10,12,88,13,15,1,0,18,19,20,21
5,6,7,8,9,10,12,88,13,15,1,0,18,19,20,21
5,6,7,8,9,10,12,88,13,15,1,0,18,19,20,21
5,6,7,8,9,10,12,88,13,15,1,0,18,19,20,21
5,6,7,8,9,10,12,88,13,15,1,0,18,19,20,21
5,6,7,8,9,10,12,88,13,15,1,0,18,19,20,21
5,6,7,8,9,10,12,88,13,15,1,0,18,19,20,21
5,6,7,8,9,10,12,88,13,15,1,0,18,19,20,21
5,6,7,8,9,10,12,88,13,15,1,0,18,19,20,21
5,6,7,8,9,10,12,88,13,15,1,0,18,19,20,21
5,6,7,8,9,10,12,88,13,15,1,0,18,19,20,21
5,6,7,8,9,10,12,88,13,15,1,0,18,19,20,21
5,6,7,8,9,10,12,88,13,15,1,0,18,19,20,21
5,6,7,8,9,10,12,88,13,15,1,0,18,19,20,21
5,6,7,8,9,10,12,88,13,15,1,0,18,19,20,21
5,6,7,8,9,10,12,88,13,15,1,0,18,19,20,21
5,6,7,8,9,10,12,88,13,15,1,0,18,19,20,21
5,6,7,8,9,10,12,88,13,15,1,0,18,19,20,21
5,6,7,8,9,10,12,88,13,15,1,0,18,19,20,21
5,6,7,8,9,10,12,88,13,15,1,0,18,19,20,21
5,6,7,8,9,10,12,88,13,15,1,0,18,19,20,21
5,6,7,8,9,10,12,88,13,15,1,0,18,19,20,21
5,6,7,8,9,10,12,88,13,15,1,0,18,19,20,21
5,6,7,8,9,10,12,88,13,15,1,0,18,19,20,21
5,6,7,8,9,10,12,88,13,15,1,0,18,19,20,21
5,6,7,8,9,10,12,88,13,15,1,0,18,19,20,21
5,6,7,8,9,10,12,88,13,15,1,0,18,19,20,21
5,6,7,8,9,10,12,88,13,15,1,0,18,19,20,21
5,6,7,8,9,10,12,88,13,15,1,0,18,19,20,21
5,6,7,8,9,10,12,88,13,15,1,0,18,19,20,21
5,6,7,8,9,10,12,88,13,15,1,0,18,19,20,21
5,6,7,8,9,10,12,88,13,15,1,0,18,19,20,21
5,6,7,8,9,10,12,88,13,15,1,0,18,19,20,21
5,6,7,8,9,10,12,88,13,15,1,0,18,19,20,21
5,6,7,8,9,10,12,88,13,15,1,0,18,19,20,21
5,6,7,8,9,10,12,88,13,15,1,0,18,19,20,21
5,6,7,8,9,10,12,88,13,15,1,0,18,19,20,21
5,6,7,8,9,10,12,88,13,15,1,0,18,19,20,21
5,6,7,8,9,10,12,88,13,15,1,0,18,19,20,21
5,6,7,8,9,10,12,88,13,15,1,0,18,19,20,21
5,6,7,8,9,10,12,88,13,15,1,0,18,19,20,21
5,6,7,8,9,10,12,88,13,15,1,0,18,19,20,21
5,6,7,8,9,10,12,88,13,15,1,0,18,19,20,21
5,6,7,8,9,10,12,88,13,15,1,0,18,19,20,21
5,6,7,8,9,10,12,88,13,15,1,0,18,19,20,21
5,6,7,8,9,10,12,88,13,15,1,0,18,19,20,21
5,6,7,8,9,10,12,88,13,15,1,0,18,19,20,21
5,6,7,8,9,10,12,88,13,15,1,0,18,19,20,21
5,6,7,8,9,10,12,88,13,15,1,0,18,19,20,21
5,6,7,8,9,10,12,88,13,15,1,0,18,19,20,21
5,6,7,8,9,10,12,88,13,15,1,0,18,19,20,21
5,6,7,8,9,10,12,88,13,15,1,0,18,19,20,21
5,6,7,8,9,10,12,88,13,15,1,0,18,19,20,21
5,6,7,8,9,10,12,88,13,15,1,0,18,19,20,21
5,6,7,8,9,10,12,88,13,15,1,0,18,19,20,21
5,6,7,8,9,10,12,88,13,15,1,0,18,19,20,21
5,6,7,8,9,10,12,88,13,15,1,0,18,19,20,21
5,6,7,8,9,10,12,88,13,15,1,0,18,19,20,21
5,6,7,8,9,10,12,88,13,15,1,0,18,19,20,21
5,6,7,8,9,10,12,88,13,15,1,0,18,19,20,21
5,6,7,8,9,10,12,88,13,15,1,0,18,19,20,21
5,6,7,8,9,10,12,88,13,15,1,0,18,19,20,21
5,6,7,8,9,10,12,88,13,15,1,0,18,19,20,21
5,6,7,8,9,10,12,88,13,15,1,0,18,19,20,21
5,6,7,8,9,10,12,88,13,15,1,0,18,19,20,21
5,6,7,8,9,10,12,88,13,15,1,0,18,19,20,21
5,6,7,8,9,10,12,88,13,15,1,0,18,19,20,21
5,6,7,8,9,10,12,88,13,15,1,0,18,19,20,21
5,6,7,8,9,10,12,88,13,15,1,0,18,19,20,21
5,6,7,8,9,10,12,88,13,15,1,0,18,19,20,21
5,6,7,8,9,10,12,88,13,15,1,0,18,19,20,21
5,6,7,8,9,10,12,88,13,15,1,0,18,19,20,21
5,6,7,8,9,10,12,88,13,15,1,0,18,19,20,21
5,6,7,8,9,10,12,88,13,15,1,0,18,19,20,21
5,6,7,8,9,10,12,88,13,15,1,0,18,19,20,21
5,6,7,8,9,10,12,88,13,15,1,0,18,19,20,21
5,6,7,8,9,10,12,88,13,15,1,0,18,19,20,21
5,6,7,8,9,10,12,88,13,15,1,0,18,19,20,21
5,6,7,8,9,10,12,88,13,15,1,0,18,19,20,21
5,6,7,8,9,10,12,88,13,15,1,0,18,19,20,21
5,6,7,8,9,10,12,88,13,15,1,0,18,19,20,21
5,6,7,8,9,10,12,88,13,15,1,0,18,19,20,21
5,6,7,8,9,10,12,88,13,15,1,0,18,19,20,21
5,6,7,8,9,10,12,88,13,15,1,0,18,19,20,21
5,6,7,8,9,10,12,88,13,15,1,0,18,19,20,21
5,6,7,8,9,10,12,88,13,15,1,0,18,19,20,21
5,6,7,8,9,10,12,88,13,15,1,0,18,19,20,21
5,6,7,8,9,10,12,88,13,15,1,0,18,19,20,21
5,6,7,8,9,10,12,88,13,15,1,0,18,19,20,21
5,6,7,8,9,10,12,88,13,15,1,0,18,19,20,21
5,6,7,8,9,10,12,88,13,15,1,0,18,19,20,21
5,6,7,8,9,10,12,88,13,15,1,0,18,19,20,21
5,6,7,8,9,10,12,88,13,15,1,0,18,19,20,21
5,6,7,8,9,10,12,88,13,15,1,0,18,19,20,21
5,6,7,8,9,10,12,88,13,15,1,0,18,19,20,21
5,6,7,8,9,10,12,88,13,15,1,0,18,19,20,21
5,6,7,8,9,10,12,88,13,15,1,0,18,19,20,21
5,6,7,8,9,10,12,88,13,15,1,0,18,19,20,21
5,6,7,8,9,10,12,88,13,15,1,0,18,19,20,21
5,6,7,8,9,10,12,88,13,15,1,0,18,19,20,21
5,6,7,8,9,10,12,88,13,15,1,0,18,19,20,21
5,6,7,8,9,10,12,88,13,15,1,0,18,19,20,21
5,6,7,8,9,10,12,88,13,15,1,0,18,19,20,21
5,6,7,8,9,10,12,88,13,15,1,0,18,19,20,21
5,6,7,8,9,10,12,88,13,15,1,0,18,19,20,21
5,6,7,8,9,10,12,88,13,15,1,0,18,19,20,21
5,6,7,8,9,10,12,88,13,15,1,0,18,19,20,21
5,6,7,8,9,10,12,88,13,15,1,0,18,19,20,21
5,6,7,8,9,10,12,88,13,15,1,0,18,19,20,21
5,6,7,8,9,10,12,88,13,15,1,0,18,19,20,21
5,6,7,8,9,10,12,88,13,15,1,0,18,19,20,21
5,6,7,8,9,10,12,88,13,15,1,0,18,19,20,21
5,6,7,8,9,10,12,88,13,15,1,0,18,19,20,21
5,6,7,8,9,10,12,88,13,15,1,0,18,19,20,21
5,6,7,8,9,10,12,88,13,15,1,0,18,19,20,21
5,6,7,8,9,10,12,88,13,15,1,0,18,19,20,21
5,6,7,8,9,10,12,88,13,15,1,0,18,19,20,21
5,6,7,8,9,10,12,88,13,15,1,0,18,19,20,21
5,6,7,8,9,10,12,88,13,15,1,0,18,19,20,21
5,6,7,8,9,10,12,88,13,15,1,0,18,19,20,21
5,6,7,8,9,10,12,88,13,15,1,0,18,19,20,21
5,6,7,8,9,10,12,88,13,15,1,0,18,19,20,21
5,6,7,8,9,10,12,88,13,15,1,0,18,19,20,21
5,6,7,8,9,10,12,88,13,15,1,0,18,19,20,21
5,6,7,8,9,10,12,88,13,15,1,0,18,19,20,21
5,6,7,8,9,10,12,88,13,15,1,0,18,19,20,21
5,6,7,8,9,10,12,88,13,15,1,0,18,19,20,21
5,6,7,8,9,10,12,88,13,15,1,0,18,19,20,21
5,6,7,8,9,10,12,88,13,15,1,0,18,19,20,21
5,6,7,8,9,10,12,88,13,15,1,0,18,19,20,21
5,6,7,8,9,10,12,88,13,15,1,0,18,19,20,21
5,6,7,8,9,10,12,88,13,15,1,0,18,19,20,21
5,6,7,8,9,10,12,88,13,15,1,0,18,19,20,21
5,6,7,8,9,10,12,88,13,15,1,0,18,19,20,21
5,6,7,8,9,10,12,88,13,15,1,0,18,19,20,21
5,6,7,8,9,10,12,88,13,15,1,0,18,19,20,21
5,6,7,8,9,10,12,88,13,15,1,0,18,19,20,21
5,6,7,8,9,10,12,88,13,15,1,0,18,19,20,21
5,6,7,8,9,10,12,88,13,15,1,0,18,19,20,21
5,6,7,8,9,10,12,88,13,15,1,0,18,19,20,21
5,6,7,8,9,10,12,88,13,15,1,0,18,19,20,21
5,6,7,8,9,10,12,88,13,15,1,0,18,19,20,21
5,6,7,8,9,10,12,88,13,15,1,0,18,19,20,21
5,6,7,8,9,10,12,88,13,15,1,0,18,19,20,21
5,6,7,8,9,10,12,88,13,15,1,0,18,19,20,21
5,6,7,8,9,10,12,88,13,15,1,0,18,19,20,21
5,6,7,8,9,10,12,88,13,15,1,0,18,19,20,21
5,6,7,8,9,10,12,88,13,15,1,0,18,19,20,21
5,6,7,8,9,10,12,88,13,15,1,0,18,19,20,21
5,6,7,8,9,10,12,88,13,15,1,0,18,19,20,21
5,6,7,8,9,10,12,88,13,15,1,0,18,19,20,21
5,6,7,8,9,10,12,88,13,15,1,0,18,19,20,21
5,6,7,8,9,10,12,88,13,15,1,0,18,19,20,21
5,6,7,8,9,10,12,88,13,15,1,0,18,19,20,21
5,6,7,8,9,10,12,88,13,15,1,0,18,19,20,21
5,6,7,8,9,10,12,88,13,15,1,0,18,19,20,21
5,6,7,8,9,10,12,88,13,15,1,0,18,19,20,21
5,6,7,8,9,10,12,88,13,15,1,0,18,19,20,21
5,6,7,8,9,10,12,88,13,15,1,0,18,19,20,21
5,6,7,8,9,10,12,88,13,15,1,0,18,19,20,21
5,6,7,8,9,10,12,88,13,15,1,0,18,19,20,21
5,6,7,8,9,10,12,88,13,15,1,0,18,19,20,21
5,6,7,8,9,10,12,88,13,15,1,0,18,19,20,21
5,6,7,8,9,10,12,88,13,15,1,0,18,19,20,21
5,6,7,8,9,10,12,88,13,15,1,0,18,19,20,21
5,6,7,8,9,10,12,88,13,15,1,0,18,19,20,21
5,6,7,8,9,10,12,88,13,15,1,0,18,19,20,21
5,6,7,8,9,10,12,88,13,15,1,0,18,19,20,21
5,6,7,8,9,10,12,88,13,15,1,0,18,19,20,21
5,6,7,8,9,10,12,88,13,15,1,0,18,19,20,21
5,6,7,8,9,10,12,88,13,15,1,0,18,19,20,21
5,6,7,8,9,10,12,88,13,15,1,0,18,19,20,21
5,6,7,8,9,10,12,88,13,15,1,0,18,19,20,21
5,6,7,8,9,10,12,88,13,15,1,0,18,19,20,21
5,6,7,8,9,10,12,88,13,15,1,0,18,19,20,21
5,6,7,8,9,10,12,88,13,15,1,0,18,19,20,21
5,6,7,8,9,10,12,88,13,15,1,0,18,19,20,21
5,6,7,8,9,10,12,88,13,15,1,0,18,19,20,21
5,6,7,8,9,10,12,88,13,15,1,0,18,19,20,21
5,6,7,8,9,10,12,88,13,15,1,0,18,19,20,21
5,6,7,8,9,10,12,88,13,15,1,0,18,19,20,21
5,6,7,8,9,10,12,88,13,15,1,0,18,19,20,21
5,6,7,8,9,10,12,88,13,15,1,0,18,19,20,21
5,6,7,8,9,10,12,88,13,15,1,0,18,19,20,21
5,6,7,8,9,10,12,88,13,15,1,0,18,19,20,21
5,6,7,8,9,10,12,88,13,15,1,0,18,19,20,21
5,6,7,8,9,10,12,88,13,15,1,0,18,19,20,21
5,6,7,8,9,10,12,88,13,15,1,0,18,19,20,21
5,6,7,8,9,10,12,88,13,15,1,0,18,19,20,21
5,6,7,8,9,10,12,88,13,15,1,0,18,19,20,21
5,6,7,8,9,10,12,88,13,15,1,0,18,19,20,21
5,6,7,8,9,10,12,88,13,15,1,0,18,19,20,21
5,6,7,8,9,10,12,88,13,15,1,0,18,19,20,21
5,6,7,8,9,10,12,88,13,15,1,0,18,19,20,21
5,6,7,8,9,10,12,88,13,15,1,0,18,19,20,21
5,6,7,8,9,10,12,88,13,15,1,0,18,19,20,21
5,6,7,8,9,10,12,88,13,15,1,0,18,19,20,21
5,6,7,8,9,10,12,88,13,15,1,0,18,19,20,21
5,6,7,8,9,10,12,88,13,15,1,0,18,19,20,21
5,6,7,8,9,10,12,88,13,15,1,0,18,19,20,21
5,6,7,8,9,10,12,88,13,15,1,0,18,19,20,21
5,6,7,8,9,10,12,88,13,15,1,0,18,19,20,21
5,6,7,8,9,10,12,88,13,15,1,0,18,19,20,21
5,6,7,8,9,10,12,88,13,15,1,0,18,19,20,21
5,6,7,8,9,10,12,88,13,15,1,0,18,19,20,21
5,6,7,8,9,10,12,88,13,15,1,0,18,19,20,21
5,6,7,8,9,10,12,88,13,15,1,0,18,19,20,21
5,6,7,8,9,10,12,88,13,15,1,0,18,19,20,21
5,6,7,8,9,10,12,88,13,15,1,0,18,19,20,21
5,6,7,8,9,10,12,88,13,15,1,0,18,19,20,21
5,6,7,8,9,10,12,88,13,15,1,0,18,19,20,21
5,6,7,8,9,10,12,88,13,15,1,0,18,19,20,21
5,6,7,8,9,10,12,88,13,15,1,0,18,19,20,21
5,6,7,8,9,10,12,88,13,15,1,0,18,19,20,21
5,6,7,8,9,10,12,88,13,15,1,0,18,19,20,21
5,6,7,8,9,10,12,88,13,15,1,0,18,19,20,21
5,6,7,8,9,10,12,88,13,15,1,0,18,19,20,21
5,6,7,8,9,10,12,88,13,15,1,0,18,19,20,21
5,6,7,8,9,10,12,88,13,15,1,0,18,19,20,21
5,6,7,8,9,10,12,88,13,15,1,0,18,19,20,21
5,6,7,8,9,10,12,88,13,15,1,0,18,19,20,21
5,6,7,8,9,10,12,88,13,15,1,0,18,19,20,21
5,6,7,8,9,10,12,88,13,15,1,0,18,19,20,21
5,6,7,8,9,10,12,88,13,15,1,0,18,19,20,21
5,6,7,8,9,10,12,88,13,15,1,0,18,19,20,21
5,6,7,8,9,10,12,88,13,15,1,0,18,19,20,21
5,6,7,8,9,10,12,88,13,15,1,0,18,19,20,21
5,6,7,8,9,10,12,88,13,15,1,0,18,19,20,21
5,6,7,8,9,10,12,88,13,15,1,0,18,19,20,21
5,6,7,8,9,10,12,88,13,15,1,0,18,19,20,21
5,6,7,8,9,10,12,88,13,15,1,0,18,19,20,21
5,6,7,8,9,10,12,88,13,15,1,0,18,19,20,21
5,6,7,8,9,10,12,88,13,15,1,0,18,19,20,21
5,6,7,8,9,10,12,88,13,15,1,0,18,19,20,21
5,6,7,8,9,10,12,88,13,15,1,0,18,19,20,21
5,6,7,8,9,10,12,88,13,15,1,0,18,19,20,21
5,6,7,8,9,10,12,88,13,15,1,0,18,19,20,21
5,6,7,8,9,10,12,88,13,15,1,0,18,19,20,21
5,6,7,8,9,10,12,88,13,15,1,0,18,19,20,21
5,6,7,8,9,10,12,88,13,15,1,0,18,19,20,21
5,6,7,8,9,10,12,88,13,15,1,0,18,19,20,21
5,6,7,8,9,10,12,88,13,15,1,0,18,19,20,21
5,6,7,8,9,10,12,88,13,15,1,0,18,19,20,21
5,6,7,8,9,10,12,88,13,15,1,0,18,19,20,21
5,6,7,8,9,10,12,88,13,15,1,0,18,19,20,21
5,6,7,8,9,10,12,88,13,15,1,0,18,19,20,21
5,6,7,8,9,10,12,88,13,15,1,0,18,19,20,21
5,6,7,8,9,10,12,88,13,15,1,0,18,19,20,21
5,6,7,8,9,10,12,88,13,15,1,0,18,19,20,21
5,6,7,8,9,10,12,88,13,15,1,0,18,19,20,21
5,6,7,8,9,10,12,88,13,15,1,0,18,19,20,21
5,6,7,8,9,10,12,88,13,15,1,0,18,19,20,21
5,6,7,8,9,10,12,88,13,15,1,0,18,19,20,21
5,6,7,8,9,10,12,88,13,15,1,0,18,19,20,21
5,6,7,8,9,10,12,88,13,15,1,0,18,19,20,21
5,6,7,8,9,10,12,88,13,15,1,0,18,19,20,21
5,6,7,8,9,10,12,88,13,15,1,0,18,19,20,21
5,6,7,8,9,10,12,88,13,15,1,0,18,19,20,21
5,6,7,8,9,10,12,88,13,15,1,0,18,19,20,21
5,6,7,8,9,10,12,88,13,15,1,0,18,19,20,21
5,6,7,8,9,10,12,88,13,15,1,0,18,19,20,21
5,6,7,8,9,10,12,88,13,15,1,0,18,19,20,21
5,6,7,8,9,10,12,88,13,15,1,0,18,19,20,21
5,6,7,8,9,10,12,88,13,15,1,0,18,19,20,21
5,6,7,8,9,10,12,88,13,15,1,0,18,19,20,21
5,6,7,8,9,10,12,88,13,15,1,0,18,19,20,21
5,6,7,8,9,10,12,88,13,15,1,0,18,19,20,21
5,6,7,8,9,10,12,88,13,15,1,0,18,19,20,21
5,6,7,8,9,10,12,88,13,15,1,0,18,19,20,21
5,6,7,8,9,10,12,88,13,15,1,0,18,19,20,21
5,6,7,8,9,10,12,88,13,15,1,0,18,19,20,21
5,6,7,8,9,10,12,88,13,15,1,0,18,19,20,21
5,6,7,8,9,10,12,88,13,15,1,0,18,19,20,21
5,6,7,8,9,10,12,88,13,15,1,0,18,19,20,21
5,6,7,8,9,10,12,88,13,15,1,0,18,19,20,21
5,6,7,8,9,10,12,88,13,15,1,0,18,19,20,21
5,6,7,8,9,10,12,88,13,15,1,0,18,19,20,21
5,6,7,8,9,10,12,88,13,15,1,0,18,19,20,21
5,6,7,8,9,10,12,88,13,15,1,0,18,19,20,21
5,6,7,8,9,10,12,88,13,15,1,0,18,19,20,21
5,6,7,8,9,10,12,88,13,15,1,0,18,19,20,21
5,6,7,8,9,10,12,88,13,15,1,0,18,19,20,21
5,6,7,8,9,10,12,88,13,15,1,0,18,19,20,21
5,6,7,8,9,10,12,88,13,15,1,0,18,19,20,21
5,6,7,8,9,10,12,88,13,15,1,0,18,19,20,21
5,6,7,8,9,10,12,88,13,15,1,0,18,19,20,21
5,6,7,8,9,10,12,88,13,15,1,0,18,19,20,21
5,6,7,8,9,10,12,88,13,15,1,0,18,19,20,21
5,6,7,8,9,10,12,88,13,15,1,0,18,19,20,21
5,6,7,8,9,10,12,88,13,15,1,0,18,19,20,21
5,6,7,8,9,10,12,88,13,15,1,0,18,19,20,21
5,6,7,8,9,10,12,88,13,15,1,0,18,19,20,21
5,6,7,8,9,10,12,88,13,15,1,0,18,19,20,21
5,6,7,8,9,10,12,88,13,15,1,0,18,19,20,21
5,6,7,8,9,10,12,88,13,15,1,0,18,19,20,21
5,6,7,8,9,10,12,88,13,15,1,0,18,19,20,21
5,6,7,8,9,10,12,88,13,15,1,0,18,19,20,21
5,6,7,8,9,10,12,88,13,15,1,0,18,19,20,21
5,6,7,8,9,10,12,88,13,15,1,0,18,19,20,21
5,6,7,8,9,10,12,88,13,15,1,0,18,19,20,21
5,6,7,8,9,10,12,88,13,15,1,0,18,19,20,21
5,6,7,8,9,10,12,88,13,15,1,0,18,19,20,21
5,6,7,8,9,10,12,88,13,15,1,0,18,19,20,21
5,6,7,8,9,10,12,88,13,15,1,0,18,19,20,21
5,6,7,8,9,10,12,88,13,15,1,0,18,19,20,21
5,6,7,8,9,10,12,88,13,15,1,0,18,19,20,21
5,6,7,8,9,10,12,88,13,15,1,0,18,19,20,21
5,6,7,8,9,10,12,88,13,15,1,0,18,19,20,21
5,6,7,8,9,10,12,88,13,15,1,0,18,19,20,21
5,6,7,8,9,10,12,88,13,15,1,0,18,19,20,21
5,6,7,8,9,10,12,88,13,15,1,0,18,19,20,21
5,6,7,8,9,10,12,88,13,15,1,0,18,19,20,21
5,6,7,8,9,10,12,88,13,15,1,0,18,19,20,21
5,6,7,8,9,10,12,88,13,15,1,0,18,19,20,21
5,6,7,8,9,10,12,88,13,15,1,0,18,19,20,21
5,6,7,8,9,10,12,88,13,15,1,0,18,19,20,21
5,6,7,8,9,10,12,88,13,15,1,0,18,19,20,21
5,6,7,8,9,10,12,88,13,15,1,0,18,19,20,21
5,6,7,3,2,10,12,88,13,15,17,18,0,21
5,6,7,3,2,10,12,88,13,15,17,18,0,21
5,6,7,3,2,10,12,88,13,15,17,18,0,21
5,6,7,3,2,10,12,88,13,15,17,18,0,21
5,6,7,3,2,10,12,88,13,15,17,18,0,21
5,6,7,3,2,10,12,88,13,15,17,18,0,21
5,6,7,3,2,10,12,88,13,15,17,18,0,21
5,6,7,3,2,10,12,88,13,15,17,18,0,21
5,6,7,3,2,10,12,88,13,15,17,18,0,21
5,6,7,3,2,10,12,88,13,15,17,18,0,21
5,6,7,3,2,10,12,88,13,15,17,18,0,21
5,6,7,3,2,10,12,88,13,15,17,18,0,21
5,6,7,3,2,10,12,88,13,15,17,18,0,21
5,6,7,3,2,10,12,88,13,15,17,18,0,21
5,6,7,3,2,10,12,88,13,15,17,18,0,21
5,6,7,3,2,10,12,88,13,15,17,18,0,21
5,6,7,3,2,10,12,88,13,15,17,18,0,21
5,6,7,3,2,10,12,88,13,15,17,18,0,21
5,6,7,3,2,10,12,88,13,15,17,18,0,21
5,6,7,3,2,10,12,88,13,15,17,18,0,21
5,6,7,3,2,10,12,88,13,15,17,18,0,21
5,6,7,3,2,10,12,88,13,15,17,18,0,21
5,6,7,3,2,10,12,88,13,15,17,18,0,21
5,6,7,3,2,10,12,88,13,15,17,18,0,21
5,6,7,3,2,10,12,88,13,15,17,18,0,21
5,6,7,3,2,10,12,88,13,15,17,18,0,21
5,6,7,3,2,10,12,88,13,15,17,18,0,21
5,6,7,3,2,10,12,88,13,15,17,18,0,21
5,6,7,3,2,10,12,88,13,15,17,18,0,21
5,6,7,3,2,10,12,88,13,15,17,18,0,21
5,6,7,3,2,10,12,88,13,15,17,18,0,21
5,6,7,3,2,10,12,88,13,15,17,18,0,21
5,6,7,3,2,10,12,88,13,15,17,18,0,21
5,6,7,3,2,10,12,88,13,15,17,18,0,21
5,6,7,3,2,10,12,88,13,15,17,18,0,21
5,6,7,3,2,10,12,88,13,15,17,18,0,21
5,6,7,3,2,10,12,88,13,15,17,18,0,21
5,6,7,3,2,10,12,88,13,15,17,18,0,21
5,6,7,3,2,10,12,88,13,15,17,18,0,21
5,6,7,3,2,10,12,88,13,15,17,18,0,21
5,6,7,3,2,10,12,88,13,15,17,18,0,21
5,6,7,3,2,10,12,88,13,15,17,18,0,21
5,6,7,3,2,10,12,88,13,15,17,18,0,21
5,6,7,3,2,10,12,88,13,15,17,18,0,21
5,6,7,3,2,10,12,88,13,15,17,18,0,21
5,6,7,3,2,10,12,88,13,15,17,18,0,21
5,6,7,3,2,10,12,88,13,15,17,18,0,21
5,6,7,3,2,10,12,88,13,15,17,18,0,21
5,6,7,3,2,10,12,88,13,15,17,18,0,21
5,6,7,3,2,10,12,88,13,15,17,18,0,21
5,6,7,3,2,10,12,88,13,15,17,18,0,21
5,6,7,3,2,10,12,88,13,15,17,18,0,21
5,6,7,3,2,10,12,88,13,15,17,18,0,21
5,6,7,3,2,10,12,88,13,15,17,18,0,21
5,6,7,3,2,10,12,88,13,15,17,18,0,21
5,6,7,3,2,10,12,88,13,15,17,18,0,21
5,6,7,3,2,10,12,88,13,15,17,18,0,21
5,6,7,3,2,10,12,88,13,15,17,18,0,21
5,6,7,3,2,10,12,88,13,15,17,18,0,21
5,6,7,3,2,10,12,88,13,15,17,18,0,21
5,6,7,3,2,10,12,88,13,15,17,18,0,21
5,6,7,3,2,10,12,88,13,15,17,18,0,21
5,6,7,3,2,10,12,88,13,15,17,18,0,21
5,6,7,3,2,10,12,88,13,15,17,18,0,21
5,6,7,3,2,10,12,88,13,15,17,18,0,21
5,6,7,3,2,10,12,88,13,15,17,18,0,21
5,6,7,3,2,10,12,88,13,15,17,18,0,21
5,6,7,3,2,10,12,88,13,15,17,18,0,21
5,6,7,3,2,10,12,88,13,15,17,18,0,21
5,6,7,3,2,10,12,88,13,15,17,18,0,21
5,6,7,3,2,10,12,88,13,15,17,18,0,21
5,6,7,3,2,10,12,88,13,15,17,18,0,21
5,6,7,3,2,10,12,88,13,15,17,18,0,21
5,6,7,3,2,10,12,88,13,15,17,18,0,21
5,6,7,3,2,10,12,88,13,15,17,18,0,21
5,6,7,3,2,10,12,88,13,15,17,18,0,21
5,6,7,3,2,10,12,88,13,15,17,18,0,21
5,6,7,3,2,10,12,88,13,15,17,18,0,21
5,6,7,3,2,10,12,88,13,15,17,18,0,21
5,6,7,3,2,10,12,88,13,15,17,18,0,21
5,6,7,3,2,10,12,88,13,15,17,18,0,21
5,6,7,3,2,10,12,88,13,15,17,18,0,21
5,6,7,3,2,10,12,88,13,15,17,18,0,21
5,6,7,3,2,10,12,88,13,15,17,18,0,21
5,6,7,3,2,10,12,88,13,15,17,18,0,21
5,6,7,3,2,10,12,88,13,15,17,18,0,21
5,6,7,3,2,10,12,88,13,15,17,18,0,21
5,6,7,3,2,10,12,88,13,15,17,18,0,21
5,6,7,3,2,10,12,88,13,15,17,18,0,21
5,6,7,3,2,10,12,88,13,15,17,18,0,21
5,6,7,3,2,10,12,88,13,15,17,18,0,21
5,6,7,3,2,10,12,88,13,15,17,18,0,21
5,6,7,3,2,10,12,88,13,15,17,18,0,21
5,6,7,3,2,10,12,88,13,15,17,18,0,21
5,6,7,3,2,10,12,88,13,15,17,18,0,21
5,6,7,3,2,10,12,88,13,15,17,18,0,21
5,6,7,3,2,10,12,88,13,15,17,18,0,21
5,6,7,3,2,10,12,88,13,15,17,18,0,21
5,6,7,3,2,10,12,88,13,15,17,18,0,21
5,6,7,3,2,10,12,88,13,15,17,18,0,21
5,6,7,3,2,10,12,88,13,15,17,18,0,21
5,6,7,3,2,10,12,88,13,15,17,18,0,21
5,6,7,3,2,10,12,88,13,15,17,18,0,21
5,6,7,3,2,10,12,88,13,15,17,18,0,21
5,6,7,3,2,10,12,88,13,15,17,18,0,21
5,6,7,3,2,10,12,88,13,15,17,18,0,21
5,6,7,3,2,10,12,88,13,15,17,18,0,21
5,6,7,3,2,10,12,88,13,15,17,18,0,21
5,6,7,3,2,10,12,88,13,15,17,18,0,21
5,6,7,3,2,10,12,88,13,15,17,18,0,21
5,6,7,3,2,10,12,88,13,15,17,18,0,21
5,6,7,3,2,10,12,88,13,15,17,18,0,21
5,6,7,3,2,10,12,88,13,15,17,18,0,21
5,6,7,3,2,10,12,88,13,15,17,18,0,21
5,6,7,3,2,10,12,88,13,15,17,18,0,21
5,6,7,3,2,10,12,88,13,15,17,18,0,21
5,6,7,3,2,10,12,88,13,15,17,18,0,21
5,6,7,3,2,10,12,88,13,15,17,18,0,21
5,6,7,3,2,10,12,88,13,15,17,18,0,21
5,6,7,3,2,10,12,88,13,15,17,18,0,21
5,6,7,3,2,10,12,88,13,15,17,18,0,21
5,6,7,3,2,10,12,88,13,15,17,18,0,21
5,6,7,3,2,10,12,88,13,15,17,18,0,21
5,6,7,3,2,10,12,88,13,15,17,18,0,21
5,6,7,3,2,10,12,88,13,15,17,18,0,21
5,6,7,3,2,10,12,88,13,15,17,18,0,21
5,6,7,3,2,10,12,88,13,15,17,18,0,21
5,6,7,3,2,10,12,88,13,15,17,18,0,21
5,6,7,3,2,10,12,88,13,15,17,18,0,21
5,6,7,3,2,10,12,88,13,15,17,18,0,21
5,6,7,3,2,10,12,88,13,15,17,18,0,21
5,6,7,3,2,10,12,88,13,15,17,18,0,21
5,6,7,3,2,10,12,88,13,15,17,18,0,21
5,6,7,3,2,10,12,88,13,15,17,18,0,21
5,6,7,3,2,10,12,88,13,15,17,18,0,21
5,6,7,3,2,10,12,88,13,15,17,18,0,21
5,6,7,3,2,10,12,88,13,15,17,18,0,21
5,6,7,3,2,10,12,88,13,15,17,18,0,21
5,6,7,3,2,10,12,88,13,15,17,18,0,21
5,6,7,3,2,10,12,88,13,15,17,18,0,21
5,6,7,3,2,10,12,88,13,15,17,18,0,21
5,6,7,3,2,10,12,88,13,15,17,18,0,21
5,6,7,3,2,10,12,88,13,15,17,18,0,21
5,6,7,3,2,10,12,88,13,15,17,18,0,21
5,6,7,3,2,10,12,88,13,15,17,18,0,21
5,6,7,3,2,10,12,88,13,15,17,18,0,21
5,6,7,3,2,10,12,88,13,15,17,18,0,21
5,6,7,3,2,10,12,88,13,15,17,18,0,21
5,6,7,3,2,10,12,88,13,15,17,18,0,21
5,6,7,3,2,10,12,88,13,15,17,18,0,21
5,6,7,3,2,10,12,88,13,15,17,18,0,21
5,6,7,3,2,10,12,88,13,15,17,18,0,21
5,6,7,3,2,10,12,88,13,15,17,18,0,21
5,6,7,3,2,10,12,88,13,15,17,18,0,21
5,6,7,3,2,10,12,88,13,15,17,18,0,21
5,6,7,3,2,10,12,88,13,15,17,18,0,21
5,6,7,3,2,10,12,88,13,15,17,18,0,21
5,6,7,3,2,10,12,88,13,15,17,18,0,21
5,6,7,3,2,10,12,88,13,15,17,18,0,21
5,6,7,3,2,10,12,88,13,15,17,18,0,21
5,6,7,3,2,10,12,88,13,15,17,18,0,21
5,6,7,3,2,10,12,88,13,15,17,18,0,21
5,6,7,3,2,10,12,88,13,15,17,18,0,21
5,6,7,3,2,10,12,88,13,15,17,18,0,21
5,6,7,3,2,10,12,88,13,15,17,18,0,21
5,6,7,3,2,10,12,88,13,15,17,18,0,21
5,6,7,3,2,10,12,88,13,15,17,18,0,21
5,6,7,3,2,10,12,88,13,15,17,18,0,21
5,6,7,3,2,10,12,88,13,15,17,18,0,21
5,6,7,3,2,10,12,88,13,15,17,18,0,21
5,6,7,3,2,10,12,88,13,15,17,18,0,21
5,6,7,3,2,10,12,88,13,15,17,18,0,21
5,6,7,3,2,10,12,88,13,15,17,18,0,21
5,6,7,3,2,10,12,88,13,15,17,18,0,21
5,6,7,3,2,10,12,88,13,15,17,18,0,21
5,6,7,3,2,10,12,88,13,15,17,18,0,21
5,6,7,3,2,10,12,88,13,15,17,18,0,21
5,6,7,3,2,10,12,88,13,15,17,18,0,21
5,6,7,3,2,10,12,88,13,15,17,18,0,21
5,6,7,3,2,10,12,88,13,15,17,18,0,21
5,6,7,3,2,10,12,88,13,15,17,18,0,21
5,6,7,3,2,10,12,88,13,15,17,18,0,21
5,6,7,3,2,10,12,88,13,15,17,18,0,21
5,6,7,3,2,10,12,88,13,15,17,18,0,21
5,6,7,3,2,10,12,88,13,15,17,18,0,21
5,6,7,3,2,10,12,88,13,15,17,18,0,21
5,6,7,3,2,10,12,88,13,15,17,18,0,21
5,6,7,3,2,10,12,88,13,15,17,18,0,21
5,6,7,3,2,10,12,88,13,15,17,18,0,21
5,6,7,3,2,10,12,88,13,15,17,18,0,21
5,6,7,3,2,10,12,88,13,15,17,18,0,21
5,6,7,3,2,10,12,88,13,15,17,18,0,21
5,6,7,3,2,10,12,88,13,15,17,18,0,21
5,6,7,3,2,10,12,88,13,15,17,18,0,21
5,6,7,3,2,10,12,88,13,15,17,18,0,21
5,6,7,3,2,10,12,88,13,15,17,18,0,21
5,6,7,3,2,10,12,88,13,15,17,18,0,21
5,6,7,3,2,10,12,88,13,15,17,18,0,21
5,6,7,3,2,10,12,88,13,15,17,18,0,21
5,6,7,3,2,10,12,88,13,15,17,18,0,21
5,6,7,3,2,10,12,88,13,15,17,18,0,21
5,6,7,3,2,10,12,88,13,15,17,18,0,21
5,6,7,3,2,10,12,88,13,15,17,18,0,21
5,6,7,3,2,10,12,88,13,15,17,18,0,21
5,6,7,3,2,10,12,88,13,15,17,18,0,21
5,6,7,3,2,10,12,88,13,15,17,18,0,21
5,6,7,3,2,10,12,88,13,15,17,18,0,21
5,6,7,3,2,10,12,88,13,15,17,18,0,21
5,6,7,3,2,10,12,88,13,15,17,18,0,21
5,6,7,3,2,10,12,88,13,15,17,18,0,21
5,6,7,3,2,10,12,88,13,15,17,18,0,21
5,6,7,3,2,10,12,88,13,15,17,18,0,21
5,6,7,3,2,10,12,88,13,15,17,18,0,21
5,6,7,3,2,10,12,88,13,15,17,18,0,21
5,6,7,3,2,10,12,88,13,15,17,18,0,21
5,6,7,3,2,10,12,88,13,15,17,18,0,21
5,6,7,3,2,10,12,88,13,15,17,18,0,21
5,6,7,3,2,10,12,88,13,15,17,18,0,21
5,6,7,3,2,10,12,88,13,15,17,18,0,21
5,6,7,3,2,10,12,88,13,15,17,18,0,21
5,6,7,3,2,10,12,88,13,15,17,18,0,21
5,6,7,3,2,10,12,88,13,15,17,18,0,21
5,6,7,3,2,10,12,88,13,15,17,18,0,21
5,6,7,3,2,10,12,88,13,15,17,18,0,21
5,6,7,3,2,10,12,88,13,15,17,18,0,21
5,6,7,3,2,10,12,88,13,15,17,18,0,21
5,6,7,3,2,10,12,88,13,15,17,18,0,21
5,6,7,3,2,10,12,88,13,15,17,18,0,21
5,6,7,3,2,10,12,88,13,15,17,18,0,21
5,6,7,3,2,10,12,88,13,15,17,18,0,21
5,6,7,3,2,10,12,88,13,15,17,18,0,21
5,6,7,3,2,10,12,88,13,15,17,18,0,21
5,6,7,3,2,10,12,88,13,15,17,18,0,21
5,6,7,3,2,10,12,88,13,15,17,18,0,21
5,6,7,3,2,10,12,88,13,15,17,18,0,21
5,6,7,3,2,10,12,88,13,15,17,18,0,21
5,6,7,3,2,10,12,88,13,15,17,18,0,21
5,6,7,3,2,10,12,88,13,15,17,18,0,21
5,6,7,3,2,10,12,88,13,15,17,18,0,21
5,6,7,3,2,10,12,88,13,15,17,18,0,21
5,6,7,3,2,10,12,88,13,15,17,18,0,21
5,6,7,3,2,10,12,88,13,15,17,18,0,21
5,6,7,3,2,10,12,88,13,15,17,18,0,21
5,6,7,3,2,10,12,88,13,15,17,18,0,21
5,6,7,3,2,10,12,88,13,15,17,18,0,21
5,6,7,3,2,10,12,88,13,15,17,18,0,21
5,6,7,3,2,10,12,88,13,15,17,18,0,21
5,6,7,3,2,10,12,88,13,15,17,18,0,21
5,6,7,3,2,10,12,88,13,15,17,18,0,21
5,6,7,3,2,10,12,88,13,15,17,18,0,21
5,6,7,3,2,10,12,88,13,15,17,18,0,21
5,6,7,3,2,10,12,88,13,15,17,18,0,21
5,6,7,3,2,10,12,88,13,15,17,18,0,21
5,6,7,3,2,10,12,88,13,15,17,18,0,21
5,6,7,3,2,10,12,88,13,15,17,18,0,21
5,6,7,3,2,10,12,88,13,15,17,18,0,21
5,6,7,3,2,10,12,88,13,15,1,0,21
5,6,7,3,2,10,12,88,13,15,1,0,21
5,6,7,3,2,10,12,88,13,15,1,0,21
5,6,7,3,2,10,12,88,13,15,1,0,21
5,6,7,3,2,10,12,88,13,15,1,0,21
5,6,7,3,2,10,12,88,13,15,1,0,21
5,6,7,3,2,10,12,88,13,15,1,0,21
5,6,7,3,2,10,12,88,13,15,1,0,21
5,6,7,3,2,10,12,88,13,15,1,0,21
5,6,7,3,2,10,12,88,13,15,1,0,21
5,6,7,3,2,10,12,88,13,15,1,0,21
5,6,7,3,2,10,12,88,13,15,1,0,21
5,6,7,3,2,10,12,88,13,15,1,0,21
5,6,7,3,2,10,12,88,13,15,1,0,21
5,6,7,3,2,10,12,88,13,15,1,0,21
5,6,7,3,2,10,12,88,13,15,1,0,21
5,6,7,3,2,10,12,88,13,15,1,0,21
5,6,7,3,2,10,12,88,13,15,1,0,21
5,6,7,3,2,10,12,88,13,15,1,0,21
5,6,7,3,2,10,12,88,13,15,1,0,21
5,6,7,3,2,10,12,88,13,15,1,0,21
5,6,7,3,2,10,12,88,13,15,1,0,21
5,6,7,3,2,10,12,88,13,15,1,0,21
5,6,7,3,2,10,12,88,13,15,1,0,21
5,6,7,3,2,10,12,88,13,15,1,0,21
5,6,7,3,2,10,12,88,13,15,1,0,21
5,6,7,3,2,10,12,88,13,15,1,0,21
5,6,7,3,2,10,12,88,13,15,1,0,21
5,6,7,3,2,10,12,88,13,15,1,0,21
5,6,7,3,2,10,12,88,13,15,1,0,21
5,6,7,3,2,10,12,88,13,15,1,0,21
5,6,7,3,2,10,12,88,13,15,1,0,21
5,6,7,3,2,10,12,88,13,15,1,0,21
5,6,7,3,2,10,12,88,13,15,1,0,21
5,6,7,3,2,10,12,88,13,15,1,0,21
5,6,7,3,2,10,12,88,13,15,1,0,21
5,6,7,3,2,10,12,88,13,15,1,0,21
5,6,7,3,2,10,12,88,13,15,1,0,21
5,6,7,3,2,10,12,88,13,15,1,0,21
5,6,7,3,2,10,12,88,13,15,1,0,21
5,6,7,3,2,10,12,88,13,15,1,0,21
5,6,7,3,2,10,12,88,13,15,1,0,21
5,6,7,3,2,10,12,88,13,15,1,0,21
5,6,7,3,2,10,12,88,13,15,1,0,21
5,6,7,3,2,10,12,88,13,15,1,0,21
5,6,7,3,2,10,12,88,13,15,1,0,21
5,6,7,3,2,10,12,88,13,15,1,0,21
5,6,7,3,2,10,12,88,13,15,1,0,21
5,6,7,3,2,10,12,88,13,15,1,0,21
5,6,7,3,2,10,12,88,13,15,1,0,21
5,6,7,3,2,10,12,88,13,15,1,0,21
5,6,7,3,2,10,12,88,13,15,1,0,21
5,6,7,3,2,10,12,88,13,15,1,0,21
5,6,7,3,2,10,12,88,13,15,1,0,21
5,6,7,3,2,10,12,88,13,15,1,0,21
5,6,7,3,2,10,12,88,13,15,1,0,21
5,6,7,3,2,10,12,88,13,15,1,0,21
5,6,7,3,2,10,12,88,13,15,1,0,21
5,6,7,3,2,10,12,88,13,15,1,0,21
5,6,7,3,2,10,12,88,13,15,1,0,21
5,6,7,3,2,10,12,88,13,15,1,0,21
5,6,7,3,2,10,12,88,13,15,1,0,21
5,6,7,3,2,10,12,88,13,15,1,0,21
5,6,7,3,2,10,12,88,13,15,1,0,21
5,6,7,3,2,10,12,88,13,15,1,0,21
5,6,7,3,2,10,12,88,13,15,1,0,21
5,6,7,3,2,10,12,88,13,15,1,0,21
5,6,7,3,2,10,12,88,13,15,1,0,21
5,6,7,3,2,10,12,88,13,15,1,0,21
5,6,7,3,2,10,12,88,13,15,1,0,21
5,6,7,3,2,10,12,88,13,15,1,0,21
5,6,7,3,2,10,12,88,13,15,1,0,21
5,6,7,3,2,10,12,88,13,15,1,0,21
5,6,7,3,2,10,12,88,13,15,1,0,21
5,6,7,3,2,10,12,88,13,15,1,0,21
5,6,7,3,2,10,12,88,13,15,1,0,21
5,6,7,3,2,10,12,88,13,15,1,0,21
5,6,7,3,2,10,12,88,13,15,1,0,21
5,6,7,3,2,10,12,88,13,15,1,0,21
5,6,7,3,2,10,12,88,13,15,1,0,21
5,6,7,3,2,10,12,88,13,15,1,0,21
5,6,7,3,2,10,12,88,13,15,1,0,21
5,6,7,3,2,10,12,88,13,15,1,0,21
5,6,7,3,2,10,12,88,13,15,1,0,21
5,6,7,3,2,10,12,88,13,15,1,0,21
5,6,7,3,2,10,12,88,13,15,1,0,21
5,6,7,3,2,10,12,88,13,15,1,0,21
5,6,7,3,2,10,12,88,13,15,1,0,21
5,6,7,3,2,10,12,88,13,15,1,0,21
5,6,7,3,2,10,12,88,13,15,1,0,21
5,6,7,3,2,10,12,88,13,15,1,0,21
5,6,7,3,2,10,12,88,13,15,1,0,21
5,6,7,3,2,10,12,88,13,15,1,0,21
5,6,7,3,2,10,12,88,13,15,1,0,21
5,6,7,3,2,10,12,88,13,15,1,0,21
5,6,7,3,2,10,12,88,13,15,1,0,21
5,6,7,3,2,10,12,88,13,15,1,0,21
5,6,7,3,2,10,12,88,13,15,1,0,21
5,6,7,3,2,10,12,88,13,15,1,0,21
5,6,7,3,2,10,12,88,13,15,1,0,21
5,6,7,3,2,10,12,88,13,15,1,0,21
5,6,7,3,2,10,12,88,13,15,1,0,21
5,6,7,3,2,10,12,88,13,15,1,0,21
5,6,7,3,2,10,12,88,13,15,1,0,21
5,6,7,3,2,10,12,88,13,15,1,0,21
5,6,7,3,2,10,12,88,13,15,1,0,21
5,6,7,3,2,10,12,88,13,15,1,0,21
5,6,7,3,2,10,12,88,13,15,1,0,21
5,6,7,3,2,10,12,88,13,15,1,0,21
5,6,7,3,2,10,12,88,13,15,1,0,21
5,6,7,3,2,10,12,88,13,15,1,0,21
5,6,7,3,2,10,12,88,13,15,1,0,21
5,6,7,3,2,10,12,88,13,15,1,0,21
5,6,7,3,2,10,12,88,13,15,1,0,21
5,6,7,3,2,10,12,88,13,15,1,0,21
5,6,7,3,2,10,12,88,13,15,1,0,21
5,6,7,3,2,10,12,88,13,15,1,0,21
5,6,7,3,2,10,12,88,13,15,1,0,21
5,6,7,3,2,10,12,88,13,15,1,0,21
5,6,7,3,2,10,12,88,13,15,1,0,21
5,6,7,3,2,10,12,88,13,15,1,0,21
5,6,7,3,2,10,12,88,13,15,1,0,21
5,6,7,3,2,10,12,88,13,15,1,0,21
5,6,7,3,2,10,12,88,13,15,1,0,21
5,6,7,3,2,10,12,88,13,15,1,0,21
5,6,7,3,2,10,12,88,13,15,1,0,21
5,6,7,3,2,10,12,88,13,15,1,0,21
5,6,7,3,2,10,12,88,13,15,1,0,21
5,6,7,3,2,10,12,88,13,15,1,0,21
5,6,7,3,2,10,12,88,13,15,1,0,21
5,6,7,3,2,10,12,88,13,15,1,0,21
5,6,7,3,2,10,12,88,13,15,1,0,21
5,6,7,3,2,10,12,88,13,15,1,0,21
5,6,7,3,2,10,12,88,13,15,1,0,21
5,6,7,3,2,10,12,88,13,15,1,0,21
5,6,7,3,2,10,12,88,13,15,1,0,21
5,6,7,3,2,10,12,88,13,15,1,0,21
5,6,7,3,2,10,12,88,13,15,1,0,21
5,6,7,3,2,10,12,88,13,15,1,0,21
5,6,7,3,2,10,12,88,13,15,1,0,21
5,6,7,3,2,10,12,88,13,15,1,0,21
5,6,7,3,2,10,12,88,13,15,1,0,21
5,6,7,3,2,10,12,88,13,15,1,0,21
5,6,7,3,2,10,12,88,13,15,1,0,21
5,6,7,3,2,10,12,88,13,15,1,0,21
5,6,7,3,2,10,12,88,13,15,1,0,21
5,6,7,3,2,10,12,88,13,15,1,0,21
5,6,7,3,2,10,12,88,13,15,1,0,21
5,6,7,3,2,10,12,88,13,15,1,0,21
5,6,7,3,2,10,12,88,13,15,1,0,21
5,6,7,3,2,10,12,88,13,15,1,0,21
5,6,7,3,2,10,12,88,13,15,1,0,21
5,6,7,3,2,10,12,88,13,15,1,0,21
5,6,7,3,2,10,12,88,13,15,1,0,21
5,6,7,3,2,10,12,88,13,15,1,0,21
5,6,7,3,2,10,12,88,13,15,1,0,21
5,6,7,3,2,10,12,88,13,15,1,0,21
5,6,7,3,2,10,12,88,13,15,1,0,21
5,6,7,3,2,10,12,88,13,15,1,0,21
5,6,7,3,2,10,12,88,13,15,1,0,21
5,6,7,3,2,10,12,88,13,15,1,0,21
5,6,7,3,2,10,12,88,13,15,1,0,21
5,6,7,3,2,10,12,88,13,15,1,0,21
5,6,7,3,2,10,12,88,13,15,1,0,21
5,6,7,3,2,10,12,88,13,15,1,0,21
5,6,7,3,2,10,12,88,13,15,1,0,21
5,6,7,3,2,10,12,88,13,15,1,0,21
5,6,7,3,2,10,12,88,13,15,1,0,21
5,6,7,3,2,10,12,88,13,15,1,0,21
5,6,7,3,2,10,12,88,13,15,1,0,21
5,6,7,3,2,10,12,88,13,15,1,0,21
5,6,7,3,2,10,12,88,13,15,1,0,21
5,6,7,3,2,10,12,88,13,15,1,0,21
5,6,7,3,2,10,12,88,13,15,1,0,21
5,6,7,3,2,10,12,88,13,15,1,0,21
5,6,7,3,2,10,12,88,13,15,1,0,21
5,6,7,3,2,10,12,88,13,15,1,0,21
5,6,7,3,2,10,12,88,13,15,1,0,21
5,6,7,3,2,10,12,88,13,15,1,0,21
5,6,7,3,2,10,12,88,13,15,1,0,21
5,6,7,3,2,10,12,88,13,15,1,0,21
5,6,7,3,2,10,12,88,13,15,1,0,21
5,6,7,3,2,10,12,88,13,15,1,0,21
5,6,7,3,2,10,12,88,13,15,1,0,21
5,6,7,3,2,10,12,88,13,15,1,0,21
5,6,7,3,2,10,12,88,13,15,1,0,21
5,6,7,3,2,10,12,88,13,15,1,0,21
5,6,7,3,2,10,12,88,13,15,1,0,21
5,6,7,3,2,10,12,88,13,15,1,0,21
5,6,7,3,2,10,12,88,13,15,1,0,21
5,6,7,3,2,10,12,88,13,15,1,0,21
5,6,7,3,2,10,12,88,13,15,1,0,21
5,6,7,3,2,10,12,88,13,15,1,0,21
5,6,7,3,2,10,12,88,13,15,1,0,21
5,6,7,3,2,10,12,88,13,15,1,0,21
5,6,7,3,2,10,12,88,13,15,1,0,21
5,6,7,3,2,10,12,88,13,15,1,0,21
5,6,7,3,2,10,12,88,13,15,1,0,21
5,6,7,3,2,10,12,88,13,15,1,0,21
5,6,7,3,2,10,12,88,13,15,1,0,21
5,6,7,3,2,10,12,88,13,15,1,0,21
5,6,7,3,2,10,12,88,13,15,1,0,21
5,6,7,3,2,10,12,88,13,15,1,0,21
5,6,7,3,2,10,12,88,13,15,1,0,21
5,6,7,3,2,10,12,88,13,15,1,0,21
5,6,7,3,2,10,12,88,13,15,1,0,21
5,6,7,3,2,10,12,88,13,15,1,0,21
5,6,7,3,2,10,12,88,13,15,1,0,21
5,6,7,3,2,10,12,88,13,15,1,0,21
5,6,7,3,2,10,12,88,13,15,1,0,21
5,6,7,3,2,10,12,88,13,15,1,0,21
5,6,7,3,2,10,12,88,13,15,1,0,21
5,6,7,3,2,10,12,88,13,15,1,0,21
5,6,7,3,2,10,12,88,13,15,1,0,21
5,6,7,3,2,10,12,88,13,15,1,0,21
5,6,7,3,2,10,12,88,13,15,1,0,21
5,6,7,3,2,10,12,88,13,15,1,0,21
5,6,7,3,2,10,12,88,13,15,1,0,21
5,6,7,3,2,10,12,88,13,15,1,0,21
5,6,7,3,2,10,12,88,13,15,1,0,21
5,6,7,3,2,10,12,88,13,15,1,0,21
5,6,7,3,2,10,12,88,13,15,1,0,21
5,6,7,3,2,10,12,88,13,15,1,0,21
5,6,7,3,2,10,12,88,13,15,1,0,21
5,6,7,3,2,10,12,88,13,15,1,0,21
5,6,7,3,2,10,12,88,13,15,1,0,21
5,6,7,3,2,10,12,88,13,15,1,0,21
5,6,7,3,2,10,12,88,13,15,1,0,21
5,6,7,3,2,10,12,88,13,15,1,0,21
5,6,7,3,2,10,12,88,13,15,1,0,21
5,6,7,3,2,10,12,88,13,15,1,0,21
5,6,7,3,2,10,12,88,13,15,1,0,21
5,6,7,3,2,10,12,88,13,15,1,0,21
5,6,7,3,2,10,12,88,13,15,1,0,21
5,6,7,3,2,10,12,88,13,15,1,0,21
5,6,7,3,2,10,12,88,13,15,1,0,21
5,6,7,3,2,10,12,88,13,15,1,0,21
5,6,7,3,2,10,12,88,13,15,1,0,21
5,6,7,3,2,10,12,88,13,15,1,0,21
5,6,7,3,2,10,12,88,13,15,1,0,21
5,6,7,3,2,10,12,88,13,15,1,0,21
5,6,7,3,2,10,12,88,13,15,1,0,21
5,6,7,3,2,10,12,88,13,15,1,0,21
5,6,7,3,2,10,12,88,13,15,1,0,21
5,6,7,3,2,10,12,88,13,15,1,0,21
5,6,7,3,2,10,12,88,13,15,1,0,21
5,6,7,3,2,10,12,88,13,15,1,0,21
5,6,7,3,2,10,12,88,13,15,1,0,21
5,6,7,3,2,10,12,88,13,15,1,0,21
5,6,7,3,2,10,12,88,13,15,1,0,21
5,6,7,3,2,10,12,88,13,15,1,0,21
5,6,7,3,2,10,12,88,13,15,1,0,21
5,6,7,3,2,10,12,88,13,15,1,0,21
5,6,7,3,2,10,12,88,13,15,1,0,21
5,6,7,3,2,10,12,88,13,15,1,0,21
5,6,7,3,2,10,12,88,13,15,1,0,21
5,6,7,3,2,10,12,88,13,15,16,17,18,19,20,21
5,6,7,3,2,10,12,88,13,15,16,17,18,19,20,21
5,6,7,3,2,10,12,88,13,15,16,17,18,19,20,21
5,6,7,3,2,10,12,88,13,15,16,17,18,19,20,21
5,6,7,3,2,10,12,88,13,15,16,17,18,19,20,21
5,6,7,3,2,10,12,88,13,15,16,17,18,19,20,21
5,6,7,3,2,10,12,88,13,15,16,17,18,19,20,21
5,6,7,3,2,10,12,88,13,15,16,17,18,19,20,21
5,6,7,3,2,10,12,88,13,15,16,17,18,19,20,21
5,6,7,3,2,10,12,88,13,15,16,17,18,19,20,21
5,6,7,3,2,10,12,88,13,15,16,17,18,19,20,21
5,6,7,3,2,10,12,88,13,15,16,17,18,19,20,21
5,6,7,3,2,10,12,88,13,15,16,17,18,19,20,21
5,6,7,3,2,10,12,88,13,15,16,17,18,19,20,21
5,6,7,3,2,10,12,88,13,15,16,17,18,19,20,21
5,6,7,3,2,10,12,88,13,15,16,17,18,19,20,21
5,6,7,3,2,10,12,88,13,15,16,17,18,19,20,21
5,6,7,3,2,10,12,88,13,15,16,17,18,19,20,21
5,6,7,3,2,10,12,88,13,15,16,17,18,19,20,21
5,6,7,3,2,10,12,88,13,15,16,17,18,19,20,21
5,6,7,3,2,10,12,88,13,15,16,17,18,19,20,21
5,6,7,3,2,10,12,88,13,15,16,17,18,19,20,21
5,6,7,3,2,10,12,88,13,15,16,17,18,19,20,21
5,6,7,3,2,10,12,88,13,15,16,17,18,19,20,21
5,6,7,3,2,10,12,88,13,15,16,17,18,19,20,21
5,6,7,3,2,10,12,88,13,15,16,17,18,19,20,21
5,6,7,3,2,10,12,88,13,15,16,17,18,19,20,21
5,6,7,3,2,10,12,88,13,15,16,17,18,19,20,21
5,6,7,3,2,10,12,88,13,15,16,17,18,19,20,21
5,6,7,3,2,10,12,88,13,15,16,17,18,19,20,21
5,6,7,3,2,10,12,88,13,15,16,17,18,19,20,21
5,6,7,3,2,10,12,88,13,15,16,17,18,19,20,21
5,6,7,3,2,10,12,88,13,15,16,17,18,19,20,21
5,6,7,3,2,10,12,88,13,15,16,17,18,19,20,21
5,6,7,3,2,10,12,88,13,15,16,17,18,19,20,21
5,6,7,3,2,10,12,88,13,15,16,17,18,19,20,21
5,6,7,3,2,10,12,88,13,15,16,17,18,19,20,21
5,6,7,3,2,10,12,88,13,15,16,17,18,19,20,21
5,6,7,3,2,10,12,88,13,15,16,17,18,19,20,21
5,6,7,3,2,10,12,88,13,15,16,17,18,19,20,21
5,6,7,3,2,10,12,88,13,15,16,17,18,19,20,21
5,6,7,3,2,10,12,88,13,15,16,17,18,19,20,21
5,6,7,3,2,10,12,88,13,15,16,17,18,19,20,21
5,6,7,3,2,10,12,88,13,15,16,17,18,19,20,21
5,6,7,3,2,10,12,88,13,15,16,17,18,19,20,21
5,6,7,3,2,10,12,88,13,15,16,17,18,19,20,21
5,6,7,3,2,10,12,88,13,15,16,17,18,19,20,21
5,6,7,3,2,10,12,88,13,15,16,17,18,19,20,21
5,6,7,3,2,10,12,88,13,15,16,17,18,19,20,21
5,6,7,3,2,10,12,88,13,15,16,17,18,19,20,21
5,6,7,3,2,10,12,88,13,15,16,17,18,19,20,21
5,6,7,3,2,10,12,88,13,15,16,17,18,19,20,21
5,6,7,3,2,10,12,88,13,15,16,17,18,19,20,21
5,6,7,3,2,10,12,88,13,15,16,17,18,19,20,21
5,6,7,3,2,10,12,88,13,15,16,17,18,19,20,21
5,6,7,3,2,10,12,88,13,15,16,17,18,19,20,21
5,6,7,3,2,10,12,88,13,15,16,17,18,19,20,21
5,6,7,3,2,10,12,88,13,15,16,17,18,19,20,21
5,6,7,3,2,10,12,88,13,15,16,17,18,19,20,21
5,6,7,3,2,10,12,88,13,15,16,17,18,19,20,21
5,6,7,3,2,10,12,88,13,15,16,17,18,19,20,21
5,6,7,3,2,10,12,88,13,15,16,17,18,19,20,21
5,6,7,3,2,10,12,88,13,15,16,17,18,19,20,21
5,6,7,3,2,10,12,88,13,15,16,17,18,19,20,21
5,6,7,3,2,10,12,88,13,15,16,17,18,19,20,21
5,6,7,3,2,10,12,88,13,15,16,17,18,19,20,21
5,6,7,3,2,10,12,88,13,15,16,17,18,19,20,21
5,6,7,3,2,10,12,88,13,15,16,17,18,19,20,21
5,6,7,3,2,10,12,88,13,15,16,17,18,19,20,21
5,6,7,3,2,10,12,88,13,15,16,17,18,19,20,21
5,6,7,3,2,10,12,88,13,15,16,17,18,19,20,21
5,6,7,3,2,10,12,88,13,15,16,17,18,19,20,21
5,6,7,3,2,10,12,88,13,15,16,17,18,19,20,21
5,6,7,3,2,10,12,88,13,15,16,17,18,19,20,21
5,6,7,3,2,10,12,88,13,15,16,17,18,19,20,21
5,6,7,3,2,10,12,88,13,15,16,17,18,19,20,21
5,6,7,3,2,10,12,88,13,15,16,17,18,19,20,21
5,6,7,3,2,10,12,88,13,15,16,17,18,19,20,21
5,6,7,3,2,10,12,88,13,15,16,17,18,19,20,21
5,6,7,3,2,10,12,88,13,15,16,17,18,19,20,21
5,6,7,3,2,10,12,88,13,15,16,17,18,19,20,21
5,6,7,3,2,10,12,88,13,15,16,17,18,19,20,21
5,6,7,3,2,10,12,88,13,15,16,17,18,19,20,21
5,6,7,3,2,10,12,88,13,15,16,17,18,19,20,21
5,6,7,3,2,10,12,88,13,15,16,17,18,19,20,21
5,6,7,3,2,10,12,88,13,15,16,17,18,19,20,21
5,6,7,3,2,10,12,88,13,15,16,17,18,19,20,21
5,6,7,3,2,10,12,88,13,15,16,17,18,19,20,21
5,6,7,3,2,10,12,88,13,15,16,17,18,19,20,21
5,6,7,3,2,10,12,88,13,15,16,17,18,19,20,21
5,6,7,3,2,10,12,88,13,15,16,17,18,19,20,21
5,6,7,3,2,10,12,88,13,15,16,17,18,19,20,21
5,6,7,3,2,10,12,88,13,15,16,17,18,19,20,21
5,6,7,3,2,10,12,88,13,15,16,17,18,19,20,21
5,6,7,3,2,10,12,88,13,15,16,17,18,19,20,21
5,6,7,3,2,10,12,88,13,15,16,17,18,19,20,21
5,6,7,3,2,10,12,88,13,15,16,17,18,19,20,21
5,6,7,3,2,10,12,88,13,15,16,17,18,19,20,21
5,6,7,3,2,10,12,88,13,15,16,17,18,19,20,21
5,6,7,3,2,10,12,88,13,15,16,17,18,19,20,21
5,6,7,3,2,10,12,88,13,15,16,17,18,19,20,21
5,6,7,3,2,10,12,88,13,15,16,17,18,19,20,21
5,6,7,3,2,10,12,88,13,15,16,17,18,19,20,21
5,6,7,3,2,10,12,88,13,15,16,17,18,19,20,21
5,6,7,3,2,10,12,88,13,15,16,17,18,19,20,21
5,6,7,3,2,10,12,88,13,15,16,17,18,19,20,21
5,6,7,3,2,10,12,88,13,15,16,17,18,19,20,21
5,6,7,3,2,10,12,88,13,15,16,17,18,19,20,21
5,6,7,3,2,10,12,88,13,15,16,17,18,19,20,21
5,6,7,3,2,10,12,88,13,15,16,17,18,19,20,21
5,6,7,3,2,10,12,88,13,15,16,17,18,19,20,21
5,6,7,3,2,10,12,88,13,15,16,17,18,19,20,21
5,6,7,3,2,10,12,88,13,15,16,17,18,19,20,21
5,6,7,3,2,10,12,88,13,15,16,17,18,19,20,21
5,6,7,3,2,10,12,88,13,15,16,17,18,19,20,21
5,6,7,3,2,10,12,88,13,15,16,17,18,19,20,21
5,6,7,3,2,10,12,88,13,15,16,17,18,19,20,21
5,6,7,3,2,10,12,88,13,15,16,17,18,19,20,21
5,6,7,3,2,10,12,88,13,15,16,17,18,19,20,21
5,6,7,3,2,10,12,88,13,15,16,17,18,19,20,21
5,6,7,3,2,10,12,88,13,15,16,17,18,19,20,21
5,6,7,3,2,10,12,88,13,15,16,17,18,19,20,21
5,6,7,3,2,10,12,88,13,15,16,17,18,19,20,21
5,6,7,3,2,10,12,88,13,15,16,17,18,19,20,21
5,6,7,3,2,10,12,88,13,15,16,17,18,19,20,21
5,6,7,3,2,10,12,88,13,15,16,17,18,19,20,21
5,6,7,3,2,10,12,88,13,15,16,17,18,19,20,21
5,6,7,3,2,10,12,88,13,15,16,17,18,19,20,21
5,6,7,3,2,10,12,88,13,15,16,17,18,19,20,21
5,6,7,3,2,10,12,88,13,15,16,17,18,19,20,21
5,6,7,3,2,10,12,88,13,15,16,17,18,19,20,21
5,6,7,3,2,10,12,88,13,15,16,17,18,19,20,21
5,6,7,3,2,10,12,88,13,15,16,17,18,19,20,21
5,6,7,3,2,10,12,88,13,15,16,17,18,19,20,21
5,6,7,3,2,10,12,88,13,15,16,17,18,19,20,21
5,6,7,3,2,10,12,88,13,15,16,17,18,19,20,21
5,6,7,3,2,10,12,88,13,15,16,17,18,19,20,21
5,6,7,3,2,10,12,88,13,15,16,17,18,19,20,21
5,6,7,3,2,10,12,88,13,15,16,17,18,19,20,21
5,6,7,3,2,10,12,88,13,15,16,17,18,19,20,21
5,6,7,3,2,10,12,88,13,15,16,17,18,19,20,21
5,6,7,3,2,10,12,88,13,15,16,17,18,19,20,21
5,6,7,3,2,10,12,88,13,15,16,17,18,19,20,21
5,6,7,3,2,10,12,88,13,15,16,17,18,19,20,21
5,6,7,3,2,10,12,88,13,15,16,17,18,19,20,21
5,6,7,3,2,10,12,88,13,15,16,17,18,19,20,21
5,6,7,3,2,10,12,88,13,15,16,17,18,19,20,21
5,6,7,3,2,10,12,88,13,15,16,17,18,19,20,21
5,6,7,3,2,10,12,88,13,15,16,17,18,19,20,21
5,6,7,3,2,10,12,88,13,15,16,17,18,19,20,21
5,6,7,3,2,10,12,88,13,15,16,17,18,19,20,21
5,6,7,3,2,10,12,88,13,15,16,17,18,19,20,21
5,6,7,3,2,10,12,88,13,15,16,17,18,19,20,21
5,6,7,3,2,10,12,88,13,15,16,17,18,19,20,21
5,6,7,3,2,10,12,88,13,15,16,17,18,19,20,21
5,6,7,3,2,10,12,88,13,15,16,17,18,19,20,21
5,6,7,3,2,10,12,88,13,15,16,17,18,19,20,21
5,6,7,3,2,10,12,88,13,15,16,17,18,19,20,21
5,6,7,3,2,10,12,88,13,15,16,17,18,19,20,21
5,6,7,3,2,10,12,88,13,15,16,17,18,19,20,21
5,6,7,3,2,10,12,88,13,15,16,17,18,19,20,21
5,6,7,3,2,10,12,88,13,15,16,17,18,19,20,21
5,6,7,3,2,10,12,88,13,15,16,17,18,19,20,21
5,6,7,3,2,10,12,88,13,15,16,17,18,19,20,21
5,6,7,3,2,10,12,88,13,15,16,17,18,19,20,21
5,6,7,3,2,10,12,88,13,15,16,17,18,19,20,21
5,6,7,3,2,10,12,88,13,15,16,17,18,19,20,21
5,6,7,3,2,10,12,88,13,15,16,17,18,19,20,21
5,6,7,3,2,10,12,88,13,15,16,17,18,19,20,21
5,6,7,3,2,10,12,88,13,15,16,17,18,19,20,21
5,6,7,3,2,10,12,88,13,15,16,17,18,19,20,21
5,6,7,3,2,10,12,88,13,15,16,17,18,19,20,21
5,6,7,3,2,10,12,88,13,15,16,17,18,19,20,21
5,6,7,3,2,10,12,88,13,15,16,17,18,19,20,21
5,6,7,3,2,10,12,88,13,15,16,17,18,19,20,21
5,6,7,3,2,10,12,88,13,15,16,17,18,19,20,21
5,6,7,3,2,10,12,88,13,15,16,17,18,19,20,21
5,6,7,3,2,10,12,88,13,15,16,17,18,19,20,21
5,6,7,3,2,10,12,88,13,15,16,17,18,19,20,21
5,6,7,3,2,10,12,88,13,15,16,17,18,19,20,21
5,6,7,3,2,10,12,88,13,15,16,17,18,19,20,21
5,6,7,3,2,10,12,88,13,15,16,17,18,19,20,21
5,6,7,3,2,10,12,88,13,15,16,17,18,19,20,21
5,6,7,3,2,10,12,88,13,15,16,17,18,19,20,21
5,6,7,3,2,10,12,88,13,15,16,17,18,19,20,21
5,6,7,3,2,10,12,88,13,15,16,17,18,19,20,21
5,6,7,3,2,10,12,88,13,15,16,17,18,19,20,21
5,6,7,3,2,10,12,88,13,15,16,17,18,19,20,21
5,6,7,3,2,10,12,88,13,15,16,17,18,19,20,21
5,6,7,3,2,10,12,88,13,15,16,17,18,19,20,21
5,6,7,3,2,10,12,88,13,15,16,17,18,19,20,21
5,6,7,3,2,10,12,88,13,15,16,17,18,19,20,21
5,6,7,3,2,10,12,88,13,15,16,17,18,19,20,21
5,6,7,3,2,10,12,88,13,15,16,17,18,19,20,21
5,6,7,3,2,10,12,88,13,15,16,17,18,19,20,21
5,6,7,3,2,10,12,88,13,15,16,17,18,19,20,21
5,6,7,3,2,10,12,88,13,15,16,17,18,19,20,21
5,6,7,3,2,10,12,88,13,15,16,17,18,19,20,21
5,6,7,3,2,10,12,88,13,15,16,17,18,19,20,21
5,6,7,3,2,10,12,88,13,15,16,17,18,19,20,21
5,6,7,3,2,10,12,88,13,15,16,17,18,19,20,21
5,6,7,3,2,10,12,88,13,15,16,17,18,19,20,21
5,6,7,3,2,10,12,88,13,15,16,17,18,19,20,21
5,6,7,3,2,10,12,88,13,15,16,17,18,19,20,21
5,6,7,3,2,10,12,88,13,15,16,17,18,19,20,21
5,6,7,3,2,10,12,88,13,15,16,17,18,19,20,21
5,6,7,3,2,10,12,88,13,15,16,17,18,19,20,21
5,6,7,3,2,10,12,88,13,15,16,17,18,19,20,21
5,6,7,3,2,10,12,88,13,15,16,17,18,19,20,21
5,6,7,3,2,10,12,88,13,15,16,17,18,19,20,21
5,6,7,3,2,10,12,88,13,15,16,17,18,19,20,21
5,6,7,3,2,10,12,88,13,15,16,17,18,19,20,21
5,6,7,3,2,10,12,88,13,15,16,17,18,19,20,21
5,6,7,3,2,10,12,88,13,15,16,17,18,19,20,21
5,6,7,3,2,10,12,88,13,15,16,17,18,19,20,21
5,6,7,3,2,10,12,88,13,15,16,17,18,19,20,21
5,6,7,3,2,10,12,88,13,15,16,17,18,19,20,21
5,6,7,3,2,10,12,88,13,15,16,17,18,19,20,21
5,6,7,3,2,10,12,88,13,15,16,17,18,19,20,21
5,6,7,3,2,10,12,88,13,15,16,17,18,19,20,21
5,6,7,3,2,10,12,88,13,15,16,17,18,19,20,21
5,6,7,3,2,10,12,88,13,15,16,17,18,19,20,21
5,6,7,3,2,10,12,88,13,15,16,17,18,19,20,21
5,6,7,3,2,10,12,88,13,15,16,17,18,19,20,21
5,6,7,3,2,10,12,88,13,15,16,17,18,19,20,21
5,6,7,3,2,10,12,88,13,15,16,17,18,19,20,21
5,6,7,3,2,10,12,88,13,15,16,17,18,19,20,21
5,6,7,3,2,10,12,88,13,15,16,17,18,19,20,21
5,6,7,3,2,10,12,88,13,15,16,17,18,19,20,21
5,6,7,3,2,10,12,88,13,15,16,17,18,19,20,21
5,6,7,3,2,10,12,88,13,15,16,17,18,19,20,21
5,6,7,3,2,10,12,88,13,15,16,17,18,19,20,21
5,6,7,3,2,10,12,88,13,15,16,17,18,19,20,21
5,6,7,3,2,10,12,88,13,15,16,17,18,19,20,21
5,6,7,3,2,10,12,88,13,15,16,17,18,19,20,21
5,6,7,3,2,10,12,88,13,15,16,17,18,19,20,21
5,6,7,3,2,10,12,88,13,15,16,17,18,19,20,21
5,6,7,3,2,10,12,88,13,15,16,17,18,19,20,21
5,6,7,3,2,10,12,88,13,15,16,17,18,19,20,21
5,6,7,3,2,10,12,88,13,15,16,17,18,19,20,21
5,6,7,3,2,10,12,88,13,15,16,17,18,19,20,21
5,6,7,3,2,10,12,88,13,15,16,17,18,19,20,21
5,6,7,3,2,10,12,88,13,15,16,17,18,19,20,21
5,6,7,3,2,10,12,88,13,15,16,17,18,19,20,21
5,6,7,3,2,10,12,88,13,15,16,17,18,19,20,21
5,6,7,3,2,10,12,88,13,15,16,17,18,19,20,21
5,6,7,3,2,10,12,88,13,15,16,17,18,19,20,21
5,6,7,3,2,10,12,88,13,15,16,17,18,19,20,21
5,6,7,3,2,10,12,88,13,15,16,17,18,19,20,21
5,6,7,3,2,10,12,88,13,15,16,17,18,19,20,21
5,6,7,3,2,10,12,88,13,15,16,17,18,19,20,21
5,6,7,3,2,10,12,88,13,15,16,17,18,19,20,21
5,6,7,3,2,10,12,88,13,15,16,17,18,19,20,21
5,6,7,3,2,10,12,88,13,15,16,17,18,19,20,21
5,6,7,3,2,10,12,88,13,15,16,17,18,19,20,21
5,6,7,3,2,10,12,88,13,15,16,17,18,19,20,21
5,6,7,3,2,10,12,88,13,15,16,17,18,19,20,21
5,6,7,3,2,10,12,88,13,15,16,17,18,19,20,21
5,6,7,3,2,10,12,88,13,15,16,17,18,19,20,21
5,6,7,3,2,10,12,88,13,15,16,17,18,19,20,21
5,6,7,3,2,10,12,88,13,15,16,17,18,19,20,21
5,6,7,3,2,10,12,88,13,15,16,17,18,19,20,21
5,6,7,3,2,10,12,88,13,15,16,17,18,19,20,21
5,6,7,3,2,10,12,88,13,15,16,17,18,19,20,21
5,6,7,3,2,10,12,88,13,15,16,17,18,19,20,21
5,6,7,3,2,10,12,88,13,15,16,17,18,19,20,21
5,6,7,3,2,10,12,88,13,15,16,17,18,19,20,21
5,6,7,3,2,10,12,88,13,15,16,17,18,19,20,21
5,6,7,3,2,10,12,88,13,15,16,17,18,19,20,21
5,6,7,3,2,10,12,88,13,15,16,17,18,19,20,21
5,6,7,3,2,10,12,88,13,15,16,17,18,19,20,21
5,6,7,3,2,10,12,88,13,15,16,17,18,19,20,21
5,6,7,3,2,10,12,88,13,15,16,17,18,19,20,21
5,6,7,3,2,10,12,88,13,15,16,17,18,19,20,21
5,6,7,3,2,10,12,88,13,15,16,17,18,19,20,21
5,6,7,3,2,10,12,88,13,15,16,17,18,19,20,21
5,6,7,3,2,10,12,88,13,15,16,17,18,19,20,21
5,6,7,3,2,10,12,88,13,15,16,17,18,19,20,21
5,6,7,3,2,10,12,88,13,15,16,17,18,19,20,21
5,6,7,3,2,10,12,88,13,15,16,17,18,19,20,21
5,6,7,3,2,10,12,88,13,15,16,17,18,19,20,21
5,6,7,3,2,10,12,88,13,15,16,17,18,19,20,21
5,6,7,3,2,10,12,88,13,15,16,17,18,19,20,21
5,6,7,3,2,10,12,88,13,15,16,17,18,19,20,21
5,6,7,3,2,10,12,88,13,15,16,17,18,19,20,21
5,6,7,3,2,10,12,88,13,15,16,17,18,19,20,21
5,6,7,3,2,10,12,88,13,15,16,17,18,19,20,21
5,6,7,3,2,10,12,88,13,15,16,17,18,19,20,21
5,6,7,3,2,10,12,88,13,15,16,17,18,19,20,21
5,6,7,3,2,10,12,88,13,15,16,17,18,19,20,21
5,6,7,3,2,10,12,88,13,15,16,17,18,19,20,21
5,6,7,3,2,10,12,88,13,15,16,17,18,19,20,21
5,6,7,3,2,10,12,88,13,15,16,17,18,19,20,21
5,6,7,3,2,10,12,88,13,15,16,17,18,19,20,21
5,6,7,3,2,10,12,88,13,15,16,17,18,19,20,21
5,6,7,3,2,10,12,88,13,15,16,17,18,19,20,21
5,6,7,3,2,10,12,88,13,15,16,17,18,19,20,21
5,6,7,3,2,10,12,88,13,15,16,17,18,19,20,21
5,6,7,3,2,10,12,88,13,15,16,17,18,19,20,21
5,6,7,3,2,10,12,88,13,15,16,17,18,19,20,21
5,6,7,3,2,10,12,88,13,15,16,17,18,19,20,21
5,6,7,3,2,10,12,88,13,15,16,17,18,19,20,21
5,6,7,3,2,10,12,88,13,15,16,17,18,19,20,21
5,6,7,3,2,10,12,88,13,15,16,17,18,19,20,21
5,6,7,3,2,10,12,88,13,15,16,17,18,19,20,21
5,6,7,3,2,10,12,88,13,15,16,17,18,19,20,21
5,6,7,3,2,10,12,88,13,15,16,17,18,19,20,21
5,6,7,3,2,10,12,88,13,15,16,17,18,19,20,21
5,6,7,3,2,10,12,88,13,15,16,17,18,19,20,21
5,6,7,3,2,10,12,88,13,15,16,17,18,19,20,21
5,6,7,3,2,10,12,88,13,15,16,17,18,19,20,21
5,6,7,3,2,10,12,88,13,15,16,17,18,19,20,21
5,6,7,3,2,10,12,88,13,15,16,17,18,19,20,21
5,6,7,3,2,10,12,88,13,15,16,17,18,19,20,21
5,6,7,3,2,10,12,88,13,15,16,17,18,19,20,21
5,6,7,3,2,10,12,88,13,15,16,17,18,19,20,21
5,6,7,3,2,10,12,88,13,15,16,17,18,19,20,21
5,6,7,3,2,10,12,88,13,15,16,17,18,19,20,21
5,6,7,3,2,10,12,88,13,15,16,17,18,19,20,21
5,6,7,3,2,10,12,88,13,15,16,17,18,19,20,21
5,6,7,3,2,10,12,88,13,15,16,17,18,19,20,21
5,6,7,3,2,10,12,88,13,15,16,17,18,19,20,21
5,6,7,3,2,10,12,88,13,15,16,17,18,19,20,21
5,6,7,3,2,10,12,88,13,15,16,17,18,19,20,21
5,6,7,3,2,10,12,88,13,15,16,17,18,19,20,21
5,6,7,3,2,10,12,88,13,15,16,17,18,19,20,21
5,6,7,3,2,10,12,88,13,15,16,17,18,19,20,21
5,6,7,3,2,10,12,88,13,15,16,17,18,19,20,21
5,6,7,3,2,10,12,88,13,15,16,17,18,19,20,21
5,6,7,3,2,10,12,88,13,15,16,17,18,19,20,21
5,6,7,3,2,10,12,88,13,15,16,17,18,19,20,21
5,6,7,3,2,10,12,88,13,15,16,17,18,19,20,21
5,6,7,3,2,10,12,88,13,15,16,17,18,19,20,21
5,6,7,3,2,10,12,88,13,15,16,17,18,19,20,21
5,6,7,3,2,10,12,88,13,15,16,17,18,19,20,21
5,6,7,3,2,10,12,88,13,15,16,17,18,19,20,21
5,6,7,3,2,10,12,88,13,15,16,17,18,19,20,21
5,6,7,3,2,10,12,88,13,15,16,17,18,19,20,21
5,6,7,3,2,10,12,88,13,15,16,17,18,19,20,21
5,6,7,3,2,10,12,88,13,15,16,17,18,19,20,21
5,6,7,3,2,10,12,88,13,15,16,17,18,19,20,21
5,6,7,3,2,10,12,88,13,15,16,17,18,19,20,21
5,6,7,3,2,10,12,88,13,15,16,17,18,19,20,21
5,6,7,3,2,10,12,88,13,15,16,17,18,19,20,21
5,6,7,3,2,10,12,88,13,15,16,17,18,19,20,21
5,6,7,3,2,10,12,88,13,15,16,17,18,19,20,21
5,6,7,3,2,10,12,88,13,15,16,17,18,19,20,21
5,6,7,3,2,10,12,88,13,15,16,17,18,19,20,21
5,6,7,3,2,10,12,88,13,15,16,17,18,19,20,21
5,6,7,3,2,10,12,88,13,15,16,17,18,19,20,21
5,6,7,3,2,10,12,88,13,15,16,17,18,19,20,21
5,6,7,3,2,10,12,88,13,15,16,17,18,19,20,21
5,6,7,3,2,10,12,88,13,15,16,17,18,19,20,21
5,6,7,3,2,10,12,88,13,15,16,17,18,19,20,21
5,6,7,3,2,10,12,88,13,15,16,17,18,19,20,21
5,6,7,3,2,10,12,88,13,15,16,17,18,19,20,21
5,6,7,3,2,10,12,88,13,15,16,17,18,19,20,21
5,6,7,3,2,10,12,88,13,15,16,17,18,19,20,21
5,6,7,3,2,10,12,88,13,15,16,17,18,19,20,21
5,6,7,3,2,10,12,88,13,15,16,17,18,19,20,21
5,6,7,3,2,10,12,88,13,15,16,17,18,19,20,21
5,6,7,3,2,10,12,88,13,15,16,17,18,19,20,21
5,6,7,3,2,10,12,88,13,15,16,17,18,19,20,21
5,6,7,3,2,10,12,88,13,15,16,17,18,19,20,21
5,6,7,3,2,10,12,88,13,15,16,17,18,19,20,21
5,6,7,3,2,10,12,88,13,15,16,17,18,19,20,21
5,6,7,3,2,10,12,88,13,15,16,17,18,19,20,21
5,6,7,3,2,10,12,88,13,15,16,17,18,19,20,21
5,6,7,3,2,10,12,88,13,15,16,17,18,19,20,21
5,6,7,3,2,10,12,88,13,15,16,17,18,19,20,21
5,6,7,3,2,10,12,88,13,15,16,17,18,19,20,21
5,6,7,3,2,10,12,88,13,15,16,17,18,19,20,21
5,6,7,3,2,10,12,88,13,15,16,17,18,19,20,21
5,6,7,3,2,10,12,88,13,15,16,17,18,19,20,21
5,6,7,3,2,10,12,88,13,15,16,17,18,19,20,21
5,6,7,3,2,10,12,88,13,15,16,17,18,19,20,21
5,6,7,3,2,10,12,88,13,15,16,17,18,19,20,21
5,6,7,3,2,10,12,88,13,15,16,17,18,19,20,21
5,6,7,3,2,10,12,88,13,15,16,17,18,19,20,21
5,6,7,3,2,10,12,88,13,15,16,17,18,19,20,21
5,6,7,3,2,10,12,88,13,15,16,17,18,19,20,21
5,6,7,3,2,10,12,88,13,15,16,17,18,19,20,21
5,6,7,3,2,10,12,88,13,15,16,17,18,19,20,21
5,6,7,3,2,10,12,88,13,15,16,17,18,19,20,21
5,6,7,3,2,10,12,88,13,15,16,17,18,19,20,21
5,6,7,3,2,10,12,88,13,15,16,17,18,19,20,21
5,6,7,3,2,10,12,88,13,15,16,17,18,19,20,21
5,6,7,3,2,10,12,88,13,15,16,17,18,19,20,21
5,6,7,3,2,10,12,88,13,15,16,17,18,19,20,21
5,6,7,3,2,10,12,88,13,15,16,17,18,19,20,21
5,6,7,3,2,10,12,88,13,15,16,17,18,19,20,21
5,6,7,3,2,10,12,88,13,15,16,17,18,19,20,21
5,6,7,3,2,10,12,88,13,15,16,17,18,19,20,21
5,6,7,3,2,10,12,88,13,15,16,17,18,19,20,21
5,6,7,3,2,10,12,88,13,15,16,17,18,19,20,21
5,6,7,3,2,10,12,88,13,15,16,17,18,19,20,21
5,6,7,3,2,10,12,88,13,15,16,17,18,19,20,21
5,6,7,3,2,10,12,88,13,15,16,17,18,19,20,21
5,6,7,3,2,10,12,88,13,15,16,17,18,19,20,21
5,6,7,3,2,10,12,88,13,15,16,17,18,19,20,21
5,6,7,3,2,10,12,88,13,15,16,17,18,19,20,21
5,6,7,3,2,10,12,88,13,15,16,17,18,19,20,21
5,6,7,3,2,10,12,88,13,15,16,17,18,19,20,21
5,6,7,3,2,10,12,88,13,15,16,17,18,19,20,21
5,6,7,3,2,10,12,88,13,15,16,17,18,19,20,21
5,6,7,3,2,10,12,88,13,15,16,17,18,19,20,21
5,6,7,3,2,10,12,88,13,15,16,17,18,19,20,21
5,6,7,3,2,10,12,88,13,15,16,17,18,19,20,21
5,6,7,3,2,10,12,88,13,15,16,17,18,19,20,21
5,6,7,3,2,10,12,88,13,15,16,17,18,19,20,21
5,6,7,3,2,10,12,88,13,15,16,17,18,19,20,21
5,6,7,3,2,10,12,88,13,15,16,17,18,19,20,21
5,6,7,3,2,10,12,88,13,15,16,17,18,19,20,21
5,6,7,3,2,10,12,88,13,15,16,17,18,19,20,21
5,6,7,3,2,10,12,88,13,15,16,17,18,19,20,21
5,6,7,3,2,10,12,88,13,15,16,17,18,19,20,21
5,6,7,3,2,10,12,88,13,15,16,17,18,19,20,21
5,6,7,3,2,10,12,88,13,15,16,17,18,19,20,21
5,6,7,3,2,10,12,88,13,15,16,17,18,19,20,21
5,6,7,3,2,10,12,88,13,15,16,17,18,19,20,21
5,6,7,3,2,10,12,88,13,15,16,17,18,19,20,21
5,6,7,3,2,10,12,88,13,15,16,17,18,19,20,21
5,6,7,3,2,10,12,88,13,15,16,17,18,19,20,21
5,6,7,3,2,10,12,88,13,15,16,17,18,19,20,21
5,6,7,3,2,10,12,88,13,15,16,17,18,19,20,21
5,6,7,3,2,10,12,88,13,15,16,17,18,19,20,21
5,6,7,3,2,10,12,88,13,15,16,17,18,19,20,21
5,6,7,3,2,10,12,88,13,15,16,17,18,19,20,21
5,6,7,3,2,10,12,88,13,15,16,17,18,19,20,21
5,6,7,3,2,10,12,88,13,15,16,17,18,19,20,21
5,6,7,3,2,10,12,88,13,15,16,17,18,19,20,21
5,6,7,3,2,10,12,88,13,15,16,17,18,19,20,21
5,6,7,3,2,10,12,88,13,15,16,17,18,19,20,21
5,6,7,3,2,10,12,88,13,15,16,17,18,19,20,21
5,6,7,3,2,10,12,88,13,15,16,17,18,19,20,21
5,6,7,3,2,10,12,88,13,15,16,17,18,19,20,21
5,6,7,3,2,10,12,88,13,15,16,17,18,19,20,21
5,6,7,3,2,10,12,88,13,15,16,17,18,19,20,21
5,6,7,3,2,10,12,88,13,15,16,17,18,19,20,21
5,6,7,3,2,10,12,88,13,15,16,17,18,19,20,21
5,6,7,3,2,10,12,88,13,15,16,17,18,19,20,21
5,6,7,3,2,10,12,88,13,15,16,17,18,19,20,21
5,6,7,3,2,10,12,88,13,15,16,17,18,19,20,21
5,6,7,3,2,10,12,88,13,15,16,17,18,19,20,21
5,6,7,3,2,10,12,88,13,15,16,17,18,19,20,21
5,6,7,3,2,10,12,88,13,15,16,17,18,19,20,21
5,6,7,3,2,10,12,88,13,15,16,17,18,19,20,21
5,6,7,3,2,10,12,88,13,15,16,17,18,19,20,21
5,6,7,3,2,10,12,88,13,15,16,17,18,19,20,21
5,6,7,3,2,10,12,88,13,15,16,17,18,19,20,21
5,6,7,3,2,10,12,88,13,15,16,17,18,19,20,21
5,6,7,3,2,10,12,88,13,15,16,17,18,19,20,21
5,6,7,3,2,10,12,88,13,15,16,17,18,19,20,21
5,6,7,3,2,10,12,88,13,15,16,17,18,19,20,21
5,6,7,3,2,10,12,88,13,15,16,17,18,19,20,21
5,6,7,3,2,10,12,88,13,15,16,17,18,19,20,21
5,6,7,3,2,10,12,88,13,15,16,17,18,19,20,21
5,6,7,3,2,10,12,88,13,15,16,17,18,19,20,21
5,6,7,3,2,10,12,88,13,15,16,17,18,19,20,21
5,6,7,3,2,10,12,88,13,15,16,17,18,19,20,21
5,6,7,3,2,10,12,88,13,15,16,17,18,19,20,21
5,6,7,3,2,10,12,88,13,15,16,17,18,19,20,21
5,6,7,3,2,10,12,88,13,15,16,17,18,19,20,21
5,6,7,3,2,10,12,88,13,15,16,17,18,19,20,21
5,6,7,3,2,10,12,88,13,15,16,17,18,19,20,21
5,6,7,3,2,10,12,88,13,15,16,17,18,19,20,21
5,6,7,3,2,10,12,88,13,15,16,17,18,19,20,21
5,6,7,3,2,10,12,88,13,15,16,17,18,19,20,21
5,6,7,3,2,10,12,88,13,15,16,17,18,19,20,21
5,6,7,3,2,10,12,88,13,15,16,17,18,19,20,21
5,6,7,3,2,10,12,88,13,15,16,17,18,19,20,21
5,6,7,3,2,10,12,88,13,15,16,17,18,19,20,21
5,6,7,3,2,10,12,88,13,15,16,17,18,19,20,21
5,6,7,3,2,10,12,88,13,15,16,17,18,19,20,21
5,6,7,3,2,10,12,88,13,15,16,17,18,19,20,21
5,6,7,3,2,10,12,88,13,15,16,17,18,19,20,21
5,6,7,3,2,10,12,88,13,15,16,17,18,19,20,21
5,6,7,3,2,10,12,88,13,15,16,17,18,19,20,21
5,6,7,3,2,10,12,88,13,15,16,17,18,19,20,21
5,6,7,3,2,10,12,88,13,15,16,17,18,19,20,21
5,6,7,3,2,10,12,88,13,15,16,17,18,19,20,21
5,6,7,3,2,10,12,88,13,15,16,17,18,19,20,21
5,6,7,3,2,10,12,88,13,15,16,17,18,19,20,21
5,6,7,3,2,10,12,88,13,15,16,17,18,19,20,21
5,6,7,3,2,10,12,88,13,15,16,17,18,19,20,21
5,6,7,3,2,10,12,88,13,15,16,17,18,19,20,21
5,6,7,3,2,10,12,88,13,15,16,17,18,19,20,21
5,6,7,3,2,10,12,88,13,15,16,17,18,19,20,21
5,6,7,3,2,10,12,88,13,15,16,17,18,19,20,21
5,6,7,3,2,10,12,88,13,15,16,17,18,19,20,21
5,6,7,3,2,10,12,88,13,15,16,17,18,19,20,21
5,6,7,3,2,10,12,88,13,15,16,17,18,19,20,21
5,6,7,3,2,10,12,88,13,15,16,17,18,19,20,21
5,6,7,3,2,10,12,88,13,15,16,17,18,19,20,21
5,6,7,3,2,10,12,88,13,15,16,17,18,19,20,21
5,6,7,3,2,10,12,88,13,15,16,17,18,19,20,21
5,6,7,3,2,10,12,88,13,15,16,17,18,19,20,21
5,6,7,3,2,10,12,88,13,15,16,17,18,19,20,21
5,6,7,3,2,10,12,88,13,15,16,17,18,19,20,21
5,6,7,3,2,10,12,88,13,15,16,17,18,19,20,21
5,6,7,3,2,10,12,88,13,15,16,17,18,19,20,21
5,6,7,3,2,10,12,88,13,15,16,17,18,19,20,21
5,6,7,3,2,10,12,88,13,15,16,17,18,19,20,21
5,6,7,3,2,10,12,88,13,15,16,17,18,19,20,21
5,6,7,3,2,10,12,88,13,15,16,17,18,19,20,21
5,6,7,3,2,10,12,88,13,15,16,17,18,19,20,21
5,6,7,3,2,10,12,88,13,15,16,17,18,19,20,21
5,6,7,3,2,10,12,88,13,15,16,17,18,19,20,21
5,6,7,3,2,10,12,88,13,15,16,17,18,19,20,21
5,6,7,3,2,10,12,88,13,15,16,17,18,19,20,21
5,6,7,3,2,10,12,88,13,15,16,17,18,19,20,21
5,6,7,3,2,10,12,88,13,15,16,17,18,19,20,21
5,6,7,3,2,10,12,88,13,15,16,17,18,0,21
5,6,7,3,2,10,12,88,13,15,16,17,18,0,21
5,6,7,3,2,10,12,88,13,15,16,17,18,0,21
5,6,7,3,2,10,12,88,13,15,16,17,18,0,21
5,6,7,3,2,10,12,88,13,15,16,17,18,0,21
5,6,7,3,2,10,12,88,13,15,16,17,18,0,21
5,6,7,3,2,10,12,88,13,15,16,17,18,0,21
5,6,7,3,2,10,12,88,13,15,16,17,18,0,21
5,6,7,3,2,10,12,88,13,15,16,17,18,0,21
5,6,7,3,2,10,12,88,13,15,16,17,18,0,21
5,6,7,3,2,10,12,88,13,15,16,17,18,0,21
5,6,7,3,2,10,12,88,13,15,16,17,18,0,21
5,6,7,3,2,10,12,88,13,15,16,17,18,0,21
5,6,7,3,2,10,12,88,13,15,16,17,18,0,21
5,6,7,3,2,10,12,88,13,15,16,17,18,0,21
5,6,7,3,2,10,12,88,13,15,16,17,18,0,21
5,6,7,3,2,10,12,88,13,15,16,17,18,0,21
5,6,7,3,2,10,12,88,13,15,16,17,18,0,21
5,6,7,3,2,10,12,88,13,15,16,17,18,0,21
5,6,7,3,2,10,12,88,13,15,16,17,18,0,21
5,6,7,3,2,10,12,88,13,15,16,17,18,0,21
5,6,7,3,2,10,12,88,13,15,16,17,18,0,21
5,6,7,3,2,10,12,88,13,15,16,17,18,0,21
5,6,7,3,2,10,12,88,13,15,16,17,18,0,21
5,6,7,3,2,10,12,88,13,15,16,17,18,0,21
5,6,7,3,2,10,12,88,13,15,16,17,18,0,21
5,6,7,3,2,10,12,88,13,15,16,17,18,0,21
5,6,7,3,2,10,12,88,13,15,16,17,18,0,21
5,6,7,3,2,10,12,88,13,15,16,17,18,0,21
5,6,7,3,2,10,12,88,13,15,16,17,18,0,21
5,6,7,3,2,10,12,88,13,15,16,17,18,0,21
5,6,7,3,2,10,12,88,13,15,16,17,18,0,21
5,6,7,3,2,10,12,88,13,15,16,17,18,0,21
5,6,7,3,2,10,12,88,13,15,16,17,18,0,21
5,6,7,3,2,10,12,88,13,15,16,17,18,0,21
5,6,7,3,2,10,12,88,13,15,16,17,18,0,21
5,6,7,3,2,10,12,88,13,15,16,17,18,0,21
5,6,7,3,2,10,12,88,13,15,16,17,18,0,21
5,6,7,3,2,10,12,88,13,15,16,17,18,0,21
5,6,7,3,2,10,12,88,13,15,16,17,18,0,21
5,6,7,3,2,10,12,88,13,15,16,17,18,0,21
5,6,7,3,2,10,12,88,13,15,16,17,18,0,21
5,6,7,3,2,10,12,88,13,15,16,17,18,0,21
5,6,7,3,2,10,12,88,13,15,16,17,18,0,21
5,6,7,3,2,10,12,88,13,15,16,17,18,0,21
5,6,7,3,2,10,12,88,13,15,16,17,18,0,21
5,6,7,3,2,10,12,88,13,15,16,17,18,0,21
5,6,7,3,2,10,12,88,13,15,16,17,18,0,21
5,6,7,3,2,10,12,88,13,15,16,17,18,0,21
5,6,7,3,2,10,12,88,13,15,16,17,18,0,21
5,6,7,3,2,10,12,88,13,15,16,17,18,0,21
5,6,7,3,2,10,12,88,13,15,16,17,18,0,21
5,6,7,3,2,10,12,88,13,15,16,17,18,0,21
5,6,7,3,2,10,12,88,13,15,16,17,18,0,21
5,6,7,3,2,10,12,88,13,15,16,17,18,0,21
5,6,7,3,2,10,12,88,13,15,16,17,18,0,21
5,6,7,3,2,10,12,88,13,15,16,17,18,0,21
5,6,7,3,2,10,12,88,13,15,16,17,18,0,21
5,6,7,3,2,10,12,88,13,15,16,17,18,0,21
5,6,7,3,2,10,12,88,13,15,16,17,18,0,21
5,6,7,3,2,10,12,88,13,15,16,17,18,0,21
5,6,7,3,2,10,12,88,13,15,16,17,18,0,21
5,6,7,3,2,10,12,88,13,15,16,17,18,0,21
5,6,7,3,2,10,12,88,13,15,16,17,18,0,21
5,6,7,3,2,10,12,88,13,15,16,17,18,0,21
5,6,7,3,2,10,12,88,13,15,16,17,18,0,21
5,6,7,3,2,10,12,88,13,15,16,17,18,0,21
5,6,7,3,2,10,12,88,13,15,16,17,18,0,21
5,6,7,3,2,10,12,88,13,15,16,17,18,0,21
5,6,7,3,2,10,12,88,13,15,16,17,18,0,21
5,6,7,3,2,10,12,88,13,15,16,17,18,0,21
5,6,7,3,2,10,12,88,13,15,16,17,18,0,21
5,6,7,3,2,10,12,88,13,15,16,17,18,0,21
5,6,7,3,2,10,12,88,13,15,16,17,18,0,21
5,6,7,3,2,10,12,88,13,15,16,17,18,0,21
5,6,7,3,2,10,12,88,13,15,16,17,18,0,21
5,6,7,3,2,10,12,88,13,15,16,17,18,0,21
5,6,7,3,2,10,12,88,13,15,16,17,18,0,21
5,6,7,3,2,10,12,88,13,15,16,17,18,0,21
5,6,7,3,2,10,12,88,13,15,16,17,18,0,21
5,6,7,3,2,10,12,88,13,15,16,17,18,0,21
5,6,7,3,2,10,12,88,13,15,16,17,18,0,21
5,6,7,3,2,10,12,88,13,15,16,17,18,0,21
5,6,7,3,2,10,12,88,13,15,16,17,18,0,21
5,6,7,3,2,10,12,88,13,15,16,17,18,0,21
5,6,7,3,2,10,12,88,13,15,16,17,18,0,21
5,6,7,3,2,10,12,88,13,15,16,17,18,0,21
5,6,7,3,2,10,12,88,13,15,16,17,18,0,21
5,6,7,3,2,10,12,88,13,15,16,17,18,0,21
5,6,7,3,2,10,12,88,13,15,16,17,18,0,21
5,6,7,3,2,10,12,88,13,15,16,17,18,0,21
5,6,7,3,2,10,12,88,13,15,16,17,18,0,21
5,6,7,3,2,10,12,88,13,15,16,17,18,0,21
5,6,7,3,2,10,12,88,13,15,16,17,18,0,21
5,6,7,3,2,10,12,88,13,15,16,17,18,0,21
5,6,7,3,2,10,12,88,13,15,16,17,18,0,21
5,6,7,3,2,10,12,88,13,15,16,17,18,0,21
5,6,7,3,2,10,12,88,13,15,16,17,18,0,21
5,6,7,3,2,10,12,88,13,15,16,17,18,0,21
5,6,7,3,2,10,12,88,13,15,16,17,18,0,21
5,6,7,3,2,10,12,88,13,15,16,17,18,0,21
5,6,7,3,2,10,12,88,13,15,16,17,18,0,21
5,6,7,3,2,10,12,88,13,15,16,17,18,0,21
5,6,7,3,2,10,12,88,13,15,16,17,18,0,21
5,6,7,3,2,10,12,88,13,15,16,17,18,0,21
5,6,7,3,2,10,12,88,13,15,16,17,18,0,21
5,6,7,3,2,10,12,88,13,15,16,17,18,0,21
5,6,7,3,2,10,12,88,13,15,16,17,18,0,21
5,6,7,3,2,10,12,88,13,15,16,17,18,0,21
5,6,7,3,2,10,12,88,13,15,16,17,18,0,21
5,6,7,3,2,10,12,88,13,15,16,17,18,0,21
5,6,7,3,2,10,12,88,13,15,16,17,18,0,21
5,6,7,3,2,10,12,88,13,15,16,17,18,0,21
5,6,7,3,2,10,12,88,13,15,16,17,18,0,21
5,6,7,3,2,10,12,88,13,15,16,17,18,0,21
5,6,7,3,2,10,12,88,13,15,16,17,18,0,21
5,6,7,3,2,10,12,88,13,15,16,17,18,0,21
5,6,7,3,2,10,12,88,13,15,16,17,18,0,21
5,6,7,3,2,10,12,88,13,15,16,17,18,0,21
5,6,7,3,2,10,12,88,13,15,16,17,18,0,21
5,6,7,3,2,10,12,88,13,15,16,17,18,0,21
5,6,7,3,2,10,12,88,13,15,16,17,18,0,21
5,6,7,3,2,10,12,88,13,15,16,17,18,0,21
5,6,7,3,2,10,12,88,13,15,16,17,18,0,21
5,6,7,3,2,10,12,88,13,15,16,17,18,0,21
5,6,7,3,2,10,12,88,13,15,16,17,18,0,21
5,6,7,3,2,10,12,88,13,15,16,17,18,0,21
5,6,7,3,2,10,12,88,13,15,16,17,18,0,21
5,6,7,3,2,10,12,88,13,15,16,17,18,0,21
5,6,7,3,2,10,12,88,13,15,16,17,18,0,21
5,6,7,3,2,10,12,88,13,15,16,17,18,0,21
5,6,7,3,2,10,12,88,13,15,16,17,18,0,21
5,6,7,3,2,10,12,88,13,15,16,17,18,0,21
5,6,7,3,2,10,12,88,13,15,16,17,18,0,21
5,6,7,3,2,10,12,88,13,15,16,17,18,0,21
5,6,7,3,2,10,12,88,13,15,16,17,18,0,21
5,6,7,3,2,10,12,88,13,15,16,17,18,0,21
5,6,7,3,2,10,12,88,13,15,16,17,18,0,21
5,6,7,3,2,10,12,88,13,15,16,17,18,0,21
5,6,7,3,2,10,12,88,13,15,16,17,18,0,21
5,6,7,3,2,10,12,88,13,15,16,17,18,0,21
5,6,7,3,2,10,12,88,13,15,16,17,18,0,21
5,6,7,3,2,10,12,88,13,15,16,17,18,0,21
5,6,7,3,2,10,12,88,13,15,16,17,18,0,21
5,6,7,3,2,10,12,88,13,15,16,17,18,0,21
5,6,7,3,2,10,12,88,13,15,16,17,18,0,21
5,6,7,3,2,10,12,88,13,15,16,17,18,0,21
5,6,7,3,2,10,12,88,13,15,16,17,18,0,21
5,6,7,3,2,10,12,88,13,15,16,17,18,0,21
5,6,7,3,2,10,12,88,13,15,16,17,18,0,21
5,6,7,3,2,10,12,88,13,15,16,17,18,0,21
5,6,7,3,2,10,12,88,13,15,16,17,18,0,21
5,6,7,3,2,10,12,88,13,15,16,17,18,0,21
5,6,7,3,2,10,12,88,13,15,16,17,18,0,21
5,6,7,3,2,10,12,88,13,15,16,17,18,0,21
5,6,7,3,2,10,12,88,13,15,16,17,18,0,21
5,6,7,3,2,10,12,88,13,15,16,17,18,0,21
5,6,7,3,2,10,12,88,13,15,16,17,18,0,21
5,6,7,3,2,10,12,88,13,15,16,17,18,0,21
5,6,7,3,2,10,12,88,13,15,16,17,18,0,21
5,6,7,3,2,10,12,88,13,15,16,17,18,0,21
5,6,7,3,2,10,12,88,13,15,16,17,18,0,21
5,6,7,3,2,10,12,88,13,15,16,17,18,0,21
5,6,7,3,2,10,12,88,13,15,16,17,18,0,21
5,6,7,3,2,10,12,88,13,15,16,17,18,0,21
5,6,7,3,2,10,12,88,13,15,16,17,18,0,21
5,6,7,3,2,10,12,88,13,15,16,17,18,0,21
5,6,7,3,2,10,12,88,13,15,16,17,18,0,21
5,6,7,3,2,10,12,88,13,15,16,17,18,0,21
5,6,7,3,2,10,12,88,13,15,16,17,18,0,21
5,6,7,3,2,10,12,88,13,15,16,17,18,0,21
5,6,7,3,2,10,12,88,13,15,16,17,18,0,21
5,6,7,3,2,10,12,88,13,15,16,17,18,0,21
5,6,7,3,2,10,12,88,13,15,16,17,18,0,21
5,6,7,3,2,10,12,88,13,15,16,17,18,0,21
5,6,7,3,2,10,12,88,13,15,16,17,18,0,21
5,6,7,3,2,10,12,88,13,15,16,17,18,0,21
5,6,7,3,2,10,12,88,13,15,16,17,18,0,21
5,6,7,3,2,10,12,88,13,15,16,17,18,0,21
5,6,7,3,2,10,12,88,13,15,16,17,18,0,21
5,6,7,3,2,10,12,88,13,15,16,17,18,0,21
5,6,7,3,2,10,12,88,13,15,16,17,18,0,21
5,6,7,3,2,10,12,88,13,15,16,17,18,0,21
5,6,7,3,2,10,12,88,13,15,16,17,18,0,21
5,6,7,3,2,10,12,88,13,15,16,17,18,0,21
5,6,7,3,2,10,12,88,13,15,16,17,18,0,21
5,6,7,3,2,10,12,88,13,15,16,17,18,0,21
5,6,7,3,2,10,12,88,13,15,16,17,18,0,21
5,6,7,3,2,10,12,88,13,15,16,17,18,0,21
5,6,7,3,2,10,12,88,13,15,16,17,18,0,21
5,6,7,3,2,10,12,88,13,15,16,17,18,0,21
5,6,7,3,2,10,12,88,13,15,16,17,18,0,21
5,6,7,3,2,10,12,88,13,15,16,17,18,0,21
5,6,7,3,2,10,12,88,13,15,16,17,18,0,21
5,6,7,3,2,10,12,88,13,15,16,17,18,0,21
5,6,7,3,2,10,12,88,13,15,16,17,18,0,21
5,6,7,3,2,10,12,88,13,15,16,17,18,0,21
5,6,7,3,2,10,12,88,13,15,16,17,18,0,21
5,6,7,3,2,10,12,88,13,15,16,17,18,0,21
5,6,7,3,2,10,12,88,13,15,16,17,18,0,21
5,6,7,3,2,10,12,88,13,15,16,17,18,0,21
5,6,7,3,2,10,12,88,13,15,16,17,18,0,21
5,6,7,3,2,10,12,88,13,15,16,17,18,0,21
5,6,7,3,2,10,12,88,13,15,16,17,18,0,21
5,6,7,3,2,10,12,88,13,15,16,17,18,0,21
5,6,7,3,2,10,12,88,13,15,16,17,18,0,21
5,6,7,3,2,10,12,88,13,15,16,17,18,0,21
5,6,7,3,2,10,12,88,13,15,16,17,18,0,21
5,6,7,3,2,10,12,88,13,15,16,17,18,0,21
5,6,7,3,2,10,12,88,13,15,16,17,18,0,21
5,6,7,3,2,10,12,88,13,15,16,17,18,0,21
5,6,7,3,2,10,12,88,13,15,16,17,18,0,21
5,6,7,3,2,10,12,88,13,15,16,17,18,0,21
5,6,7,3,2,10,12,88,13,15,16,17,18,0,21
5,6,7,3,2,10,12,88,13,15,16,17,18,0,21
5,6,7,3,2,10,12,88,13,15,16,17,18,0,21
5,6,7,3,2,10,12,88,13,15,16,17,18,0,21
5,6,7,3,2,10,12,88,13,15,16,17,18,0,21
5,6,7,3,2,10,12,88,13,15,16,17,18,0,21
5,6,7,3,2,10,12,88,13,15,16,17,18,0,21
5,6,7,3,2,10,12,88,13,15,16,17,18,0,21
5,6,7,3,2,10,12,88,13,15,16,17,18,0,21
5,6,7,3,2,10,12,88,13,15,16,17,18,0,21
5,6,7,3,2,10,12,88,13,15,16,17,18,0,21
5,6,7,3,2,10,12,88,13,15,16,17,18,0,21
5,6,7,3,2,10,12,88,13,15,16,17,18,0,21
5,6,7,3,2,10,12,88,13,15,16,17,18,0,21
5,6,7,3,2,10,12,88,13,15,16,17,18,0,21
5,6,7,3,2,10,12,88,13,15,16,17,18,0,21
5,6,7,3,2,10,12,88,13,15,16,17,18,0,21
5,6,7,3,2,10,12,88,13,15,16,17,18,0,21
5,6,7,3,2,10,12,88,13,15,16,17,18,0,21
5,6,7,3,2,10,12,88,13,15,16,17,18,0,21
5,6,7,3,2,10,12,88,13,15,16,17,18,0,21
5,6,7,3,2,10,12,88,13,15,16,17,18,0,21
5,6,7,3,2,10,12,88,13,15,16,17,18,0,21
5,6,7,3,2,10,12,88,13,15,16,17,18,0,21
5,6,7,3,2,10,12,88,13,15,16,17,18,0,21
5,6,7,3,2,10,12,88,13,15,16,17,18,0,21
5,6,7,3,2,10,12,88,13,15,16,17,18,0,21
5,6,7,3,2,10,12,88,13,15,16,17,18,0,21
5,6,7,3,2,10,12,88,13,15,16,17,18,0,21
5,6,7,3,2,10,12,88,13,15,16,17,18,0,21
5,6,7,3,2,10,12,88,13,15,16,17,18,0,21
5,6,7,3,2,10,12,88,13,15,16,17,18,0,21
5,6,7,3,2,10,12,88,13,15,16,17,18,0,21
5,6,7,3,2,10,12,88,13,15,16,17,18,0,21
5,6,7,3,2,10,12,88,13,15,16,17,18,0,21
5,6,7,3,2,10,12,88,13,15,16,17,18,0,21
5,6,7,3,2,10,12,88,13,15,16,17,18,0,21
5,6,7,3,2,10,12,88,13,15,16,17,18,0,21
5,6,7,3,2,10,12,88,13,15,16,17,18,0,21
5,6,7,3,2,10,12,88,13,15,16,17,18,0,21
5,6,7,3,2,10,12,88,13,15,16,17,18,0,21
5,6,7,3,2,10,12,88,13,15,16,17,18,0,21
5,6,7,3,2,10,12,88,13,15,16,17,18,0,21
5,6,7,3,2,10,12,88,13,15,16,17,18,0,21
5,6,7,3,2,10,12,88,13,15,16,17,18,0,21
5,6,7,3,2,10,12,88,13,15,16,17,18,0,21
5,6,7,3,2,10,12,88,13,15,16,17,18,0,21
5,6,7,3,2,10,12,88,13,15,16,17,18,0,21
5,6,7,3,2,10,12,88,13,15,16,17,18,0,21
5,6,7,3,2,10,12,88,13,15,16,17,18,0,21
5,6,7,3,2,10,12,88,13,15,16,17,18,0,21
5,6,7,3,2,10,12,88,13,15,16,17,18,0,21
5,6,7,3,2,10,12,88,13,15,16,17,18,0,21
5,6,7,3,2,10,12,88,13,15,16,17,18,0,21
5,6,7,3,2,10,12,88,13,15,16,17,18,0,21
5,6,7,3,2,10,12,88,13,15,16,17,18,0,21
5,6,7,3,2,10,12,88,13,15,16,17,18,0,21
5,6,7,3,2,10,12,88,13,15,16,17,18,0,21
5,6,7,3,2,10,12,88,13,15,16,17,18,0,21
5,6,7,3,2,10,12,88,13,15,16,17,18,0,21
5,6,7,3,2,10,12,88,13,15,16,17,18,0,21
5,6,7,3,2,10,12,88,13,15,16,17,18,0,21
5,6,7,3,2,10,12,88,13,15,16,17,18,0,21
5,6,7,3,2,10,12,88,13,15,16,17,18,0,21
5,6,7,3,2,10,12,88,13,15,16,17,18,0,21
5,6,7,3,2,10,12,88,13,15,16,17,18,0,21
5,6,7,3,2,10,12,88,13,15,16,17,18,0,21
5,6,7,3,2,10,12,88,13,15,16,17,18,0,21
5,6,7,3,2,10,12,88,13,15,16,17,18,0,21
5,6,7,3,2,10,12,88,13,15,16,17,18,0,21
5,6,7,3,2,10,12,88,13,15,16,17,18,0,21
5,6,7,3,2,10,12,88,13,15,16,17,18,0,21
5,6,7,3,2,10,12,88,13,15,16,17,18,0,21
5,6,7,3,2,10,12,88,13,15,16,17,18,0,21
5,6,7,3,2,10,12,88,13,15,16,17,18,0,21
5,6,7,3,2,10,12,88,13,15,16,17,18,0,21
5,6,7,3,2,10,12,88,13,15,16,17,18,0,21
5,6,7,3,2,10,12,88,13,15,16,17,18,0,21
5,6,7,3,2,10,12,88,13,15,16,17,18,0,21
5,6,7,3,2,10,12,88,13,15,16,17,18,0,21
5,6,7,3,2,10,12,88,13,15,16,17,18,0,21
5,6,7,3,2,10,12,88,13,15,16,17,18,0,21
5,6,7,3,2,10,12,88,13,15,16,17,18,0,21
5,6,7,3,2,10,12,88,13,15,16,17,18,0,21
5,6,7,3,2,10,12,88,13,15,16,17,18,0,21
5,6,7,3,2,10,12,88,13,15,16,17,18,0,21
5,6,7,3,2,10,12,88,13,15,16,17,18,0,21
5,6,7,3,2,10,12,88,13,15,16,17,18,0,21
5,6,7,3,2,10,12,88,13,15,16,17,18,0,21
5,6,7,3,2,10,12,88,13,15,16,17,18,0,21
5,6,7,3,2,10,12,88,13,15,16,17,18,0,21
5,6,7,3,2,10,12,88,13,15,16,17,18,0,21
5,6,7,3,2,10,12,88,13,15,16,17,18,0,21
5,6,7,3,2,10,12,88,13,15,16,17,18,0,21
5,6,7,3,2,10,12,88,13,15,16,17,18,0,21
5,6,7,3,2,10,12,88,13,15,16,17,18,0,21
5,6,7,3,2,10,12,88,13,15,16,17,18,0,21
5,6,7,3,2,10,12,88,13,15,16,17,18,0,21
5,6,7,3,2,10,12,88,13,15,16,17,18,0,21
5,6,7,3,2,10,12,88,13,15,16,17,18,0,21
5,6,7,3,2,10,12,88,13,15,16,17,18,0,21
5,6,7,3,2,10,12,88,13,15,16,17,18,0,21
5,6,7,3,2,10,12,88,13,15,16,17,18,0,21
5,6,7,3,2,10,12,88,13,15,16,17,18,0,21
5,6,7,3,2,10,12,88,13,15,16,17,18,0,21
5,6,7,3,2,10,12,88,13,15,16,17,18,0,21
5,6,7,3,2,10,12,88,13,15,16,17,18,0,21
5,6,7,3,2,10,12,88,13,15,16,17,18,0,21
5,6,7,3,2,10,12,88,13,15,16,17,18,0,21
5,6,7,3,2,10,12,88,13,15,16,17,18,0,21
5,6,7,3,2,10,12,88,13,15,16,17,18,0,21
5,6,7,3,2,10,12,88,13,15,16,17,18,0,21
5,6,7,3,2,10,12,88,13,15,16,17,18,0,21
5,6,7,3,2,10,12,88,13,15,16,17,18,0,21
5,6,7,3,2,10,12,88,13,15,16,17,18,0,21
5,6,7,3,2,10,12,88,13,15,16,17,18,0,21
5,6,7,3,2,10,12,88,13,15,16,17,18,0,21
5,6,7,3,2,10,12,88,13,15,16,17,18,0,21
5,6,7,3,2,10,12,88,13,15,16,17,18,0,21
5,6,7,3,2,10,12,88,13,15,16,17,18,0,21
5,6,7,3,2,10,12,88,13,15,16,17,18,0,21
5,6,7,3,2,10,12,88,13,15,16,17,18,0,21
5,6,7,3,2,10,12,88,13,15,16,17,18,0,21
5,6,7,3,2,10,12,88,13,15,16,17,18,0,21
5,6,7,3,2,10,12,88,13,15,16,17,18,0,21
5,6,7,3,2,10,12,88,13,15,16,17,18,0,21
5,6,7,3,2,10,12,88,13,15,16,17,18,0,21
5,6,7,3,2,10,12,88,13,15,16,17,18,0,21
5,6,7,3,2,10,12,88,13,15,16,17,18,0,21
5,6,7,3,2,10,12,88,13,15,16,17,18,0,21
5,6,7,3,2,10,12,88,13,15,16,17,18,0,21
5,6,7,3,2,10,12,88,13,15,16,17,18,0,21
5,6,7,3,2,10,12,88,13,15,16,17,18,0,21
5,6,7,3,2,10,12,88,13,15,16,17,18,0,21
5,6,7,3,2,10,12,88,13,15,16,17,18,0,21
5,6,7,3,2,10,12,88,13,15,16,17,18,0,21
5,6,7,3,2,10,12,88,13,15,16,17,18,0,21
5,6,7,3,2,10,12,88,13,15,16,17,18,0,21
5,6,7,3,2,10,12,88,13,15,16,17,18,0,21
5,6,7,3,2,10,12,88,13,15,16,17,18,0,21
5,6,7,3,2,10,12,88,13,15,16,17,18,0,21
5,6,7,3,2,10,12,88,13,15,16,17,18,0,21
5,6,7,3,2,10,12,88,13,15,16,17,18,0,21
5,6,7,3,2,10,12,88,13,15,16,17,18,0,21
5,6,7,3,2,10,12,88,13,15,16,17,18,0,21
5,6,7,3,2,10,12,88,13,15,16,17,18,0,21
5,6,7,3,2,10,12,88,13,15,16,17,18,0,21
5,6,7,3,2,10,12,88,13,15,16,17,18,0,21
5,6,7,3,2,10,12,88,13,15,16,17,18,0,21
5,6,7,3,2,10,12,88,13,15,16,17,18,0,21
5,6,7,3,2,10,12,88,13,15,16,17,18,0,21
5,6,7,3,2,10,12,88,13,15,16,17,18,0,21
5,6,7,3,2,10,12,88,13,15,16,17,18,0,21
5,6,7,3,2,10,12,88,13,15,16,17,18,0,21
5,6,7,3,2,10,12,88,13,15,16,17,18,0,21
5,6,7,3,2,10,12,88,13,15,16,17,18,0,21
5,6,7,3,2,10,12,88,13,15,16,17,18,0,21
5,6,7,3,2,10,12,88,13,15,16,17,18,0,21
5,6,7,3,2,10,12,88,13,15,16,17,18,0,21
5,6,7,3,2,10,12,88,13,15,16,17,18,0,21
5,6,7,3,2,10,12,88,13,15,16,17,18,0,21
5,6,7,3,2,10,12,88,13,15,16,17,18,0,21
5,6,7,3,2,10,12,88,13,15,16,17,18,0,21
5,6,7,3,2,10,12,88,13,15,16,17,18,0,21
5,6,7,3,2,10,12,88,13,15,16,17,18,0,21
5,6,7,3,2,10,12,88,13,15,16,17,18,0,21
5,6,7,3,2,10,12,88,13,15,16,17,18,0,21
5,6,7,3,2,10,12,88,13,15,16,17,18,0,21
5,6,7,3,2,10,12,88,13,15,16,17,18,0,21
5,6,7,3,2,10,12,88,13,15,16,17,18,0,21
5,6,7,3,2,10,12,88,13,15,16,17,18,0,21
5,6,7,3,2,10,12,88,13,15,16,17,18,0,21
5,6,7,3,2,10,12,88,13,15,16,17,18,0,21
5,6,7,3,2,10,12,88,13,15,16,17,18,0,21
5,6,7,3,2,10,12,88,13,15,16,17,18,0,21
5,6,7,3,2,10,12,88,13,15,16,17,18,0,21
5,6,7,3,2,10,12,88,13,15,16,17,18,0,21
5,6,7,3,2,10,12,88,13,15,16,17,18,0,21
5,6,7,3,2,10,12,88,13,15,16,17,18,0,21
5,6,7,3,2,10,12,88,13,15,16,17,18,0,21
5,6,7,3,2,10,12,88,13,15,16,17,18,0,21
5,6,7,3,2,10,12,88,13,15,16,17,18,0,21
5,6,7,3,2,10,12,88,13,15,16,17,18,0,21
5,6,7,3,2,10,12,88,13,15,16,17,18,0,21
5,6,7,3,2,10,12,88,13,15,16,17,18,0,21
5,6,7,3,2,10,12,88,13,15,16,17,18,0,21
5,6,7,3,2,10,12,88,13,15,16,17,18,0,21
5,6,7,3,2,10,12,88,13,15,16,17,18,0,21
5,6,7,3,2,10,12,88,13,15,16,17,18,0,21
5,6,7,3,2,10,12,88,13,15,16,17,18,0,21
5,6,7,3,2,10,12,88,13,15,16,17,18,0,21
5,6,7,3,2,10,12,88,13,15,16,17,18,0,21
5,6,7,3,2,10,12,88,13,15,16,17,18,0,21
5,6,7,3,2,10,12,88,13,15,16,17,18,0,21
5,6,7,3,2,10,12,88,13,15,16,17,18,0,21
5,6,7,3,2,10,12,88,13,15,16,17,18,0,21
5,6,7,3,2,10,12,88,13,15,16,17,18,0,21
5,6,7,3,2,10,12,88,13,15,16,17,18,0,21
5,6,7,3,2,10,12,88,13,15,16,17,18,0,21
5,6,7,3,2,10,12,88,13,15,16,17,18,0,21
5,6,7,3,2,10,12,88,13,15,16,17,18,0,21
5,6,7,3,2,10,12,88,13,15,16,17,18,0,21
5,6,7,3,2,10,12,88,13,15,16,17,18,0,21
5,6,7,3,2,10,12,88,13,15,16,17,18,0,21
5,6,7,3,2,10,12,88,13,15,16,17,18,0,21
5,6,7,3,2,10,12,88,13,15,16,17,18,0,21
5,6,7,3,2,10,12,88,13,15,16,17,18,0,21
5,6,7,3,2,10,12,88,13,15,16,17,18,0,21
5,6,7,3,2,10,12,88,13,15,16,17,18,0,21
5,6,7,3,2,10,12,88,13,15,16,17,18,0,21
5,6,7,3,2,10,12,88,13,15,16,17,18,0,21
5,6,7,3,2,10,12,88,13,15,16,17,18,0,21
5,6,7,3,2,10,12,88,13,15,16,17,18,0,21
5,6,7,3,2,10,12,88,13,15,16,17,18,0,21
5,6,7,3,2,10,12,88,13,15,16,17,18,0,21
5,6,7,3,2,10,12,88,13,15,16,17,18,0,21
5,6,7,3,2,10,12,88,13,15,16,17,18,0,21
5,6,7,3,2,10,12,88,13,15,16,17,18,0,21
5,6,7,3,2,10,12,88,13,15,16,17,18,0,21
5,6,7,3,2,10,12,88,13,15,16,17,18,0,21
5,6,7,3,2,10,12,88,13,15,16,17,18,0,21
5,6,7,3,2,10,12,88,13,15,16,17,18,0,21
5,6,7,3,2,10,12,88,13,15,16,17,18,0,21
5,6,7,3,2,10,12,88,13,15,16,17,18,0,21
5,6,7,3,2,10,12,88,13,15,16,17,18,0,21
5,6,7,3,2,10,12,88,13,15,16,17,18,0,21
5,6,7,3,2,10,12,88,13,15,16,17,18,0,21
5,6,7,3,2,10,12,88,13,15,16,17,18,0,21
5,6,7,3,2,10,12,88,13,15,16,17,18,0,21
5,6,7,3,2,10,12,88,13,15,16,17,18,0,21
5,6,7,3,2,10,12,88,13,15,16,17,18,0,21
5,6,7,3,2,10,12,88,13,15,16,17,18,0,21
5,6,7,3,2,10,12,88,13,15,16,17,18,0,21
5,6,7,3,2,10,12,88,13,15,16,17,18,0,21
5,6,7,3,2,10,12,88,13,15,16,17,18,0,21
5,6,7,3,2,10,12,88,13,15,16,17,18,0,21
5,6,7,3,2,10,12,88,13,15,16,17,18,0,21
5,6,7,3,2,10,12,88,13,15,16,17,18,0,21
5,6,7,3,2,10,12,88,13,15,16,17,18,0,21
5,6,7,3,2,10,12,88,13,15,16,17,18,0,21
5,6,7,3,2,10,12,88,13,15,16,17,18,0,21
5,6,7,3,2,10,12,88,13,15,16,17,18,0,21
5,6,7,3,2,10,12,88,13,15,16,17,18,0,21
5,6,7,3,2,10,12,88,13,15,16,17,18,0,21
5,6,7,3,2,10,12,88,13,15,16,17,18,0,21
5,6,7,3,2,10,12,88,13,15,16,17,18,0,21
5,6,7,3,2,10,12,88,13,15,16,17,18,0,21
5,6,7,3,2,10,12,88,13,15,16,17,18,0,21
5,6,7,3,2,10,12,88,13,15,16,17,18,0,21
5,6,7,3,2,10,12,88,13,15,16,17,18,0,21
5,6,7,3,2,10,12,88,13,15,16,17,18,0,21
5,6,7,3,2,10,12,88,13,15,16,17,18,0,21
5,6,7,3,2,10,12,88,13,15,16,17,18,0,21
5,6,7,3,2,10,12,88,13,15,16,17,18,0,21
5,6,7,3,2,10,12,88,13,15,16,17,18,0,21
5,6,7,3,2,10,12,88,13,15,16,17,18,0,21
5,6,7,3,2,10,12,88,13,15,16,17,18,0,21
5,6,7,3,2,10,12,88,13,15,16,17,18,0,21
5,6,7,3,2,10,12,88,13,15,16,17,18,0,21
5,6,7,3,2,10,12,88,13,15,16,17,18,0,21
5,6,7,3,2,10,12,88,13,15,16,17,18,0,21
5,6,7,3,2,10,12,88,13,15,16,17,18,0,21
5,6,7,3,2,10,12,88,13,15,16,17,18,0,21
5,6,7,3,2,10,12,88,13,15,16,17,18,0,21
5,6,7,3,2,10,12,88,13,15,16,17,18,0,21
5,6,7,3,2,10,12,88,13,15,16,17,18,0,21
5,6,7,3,2,10,12,88,13,15,16,17,18,0,21
5,6,7,3,2,10,12,88,13,15,16,17,18,0,21
5,6,7,3,2,10,12,88,13,15,16,17,18,0,21
5,6,7,3,2,10,12,88,13,15,16,17,18,0,21
5,6,7,3,2,10,12,88,13,15,16,17,18,0,21
5,6,7,3,2,10,12,88,13,15,16,17,18,0,21
5,6,7,3,2,10,12,88,13,15,16,17,18,0,21
5,6,7,3,2,10,12,88,13,15,16,17,18,0,21
5,6,7,3,2,10,12,88,13,15,16,17,18,0,21
5,6,7,3,2,10,12,88,13,15,16,17,18,0,21
5,6,7,3,2,10,12,88,13,15,16,17,18,0,21
5,6,7,3,2,10,12,88,13,15,16,17,18,0,21
5,6,7,3,2,10,12,88,13,15,16,17,18,0,21
5,6,7,3,2,10,12,88,13,15,16,17,18,0,21
5,6,7,3,2,10,12,88,13,15,16,17,18,0,21
5,6,7,3,2,10,12,88,13,15,16,17,18,0,21
5,6,7,3,2,10,12,88,13,15,16,17,18,0,21
5,6,7,3,2,10,12,88,13,15,16,17,18,0,21
5,6,7,3,2,10,12,88,13,15,16,17,18,0,21
5,6,7,3,2,10,12,88,13,15,16,17,18,0,21
5,6,7,3,2,10,12,88,13,15,16,17,18,0,21
5,6,7,3,2,10,12,88,13,15,16,17,18,0,21
5,6,7,3,2,10,12,88,13,15,16,17,18,0,21
5,6,7,3,2,10,12,88,13,15,16,17,18,0,21
5,6,7,3,2,10,12,88,13,15,16,17,18,0,21
5,6,7,3,2,10,12,88,13,15,16,17,18,0,21
5,6,7,3,2,10,12,88,13,15,16,17,18,0,21
5,6,7,3,2,10,12,88,13,15,16,17,18,0,21
5,6,7,3,2,10,12,88,13,15,16,17,18,0,21
5,6,7,3,2,10,12,88,13,15,16,17,18,0,21
5,6,7,3,2,10,12,88,13,15,16,17,18,0,21
5,6,7,3,2,10,12,88,13,15,16,17,18,0,21
5,6,7,3,2,10,12,88,13,15,16,17,18,0,21
5,4,3,7,8,10,12,88,13,15,1,0,18,19,20,21
5,4,3,7,8,10,12,88,13,15,1,0,18,19,20,21
5,4,3,7,8,10,12,88,13,15,1,0,18,19,20,21
5,4,3,7,8,10,12,88,13,15,1,0,18,19,20,21
5,4,3,7,8,10,12,88,13,15,1,0,18,19,20,21
5,4,3,7,8,10,12,88,13,15,1,0,18,19,20,21
5,4,3,7,8,10,12,88,13,15,1,0,18,19,20,21
5,4,3,7,8,10,12,88,13,15,1,0,18,19,20,21
5,4,3,7,8,10,12,88,13,15,1,0,18,19,20,21
5,4,3,7,8,10,12,88,13,15,1,0,18,19,20,21
5,4,3,7,8,10,12,88,13,15,1,0,18,19,20,21
5,4,3,7,8,10,12,88,13,15,1,0,18,19,20,21
5,4,3,7,8,10,12,88,13,15,1,0,18,19,20,21
5,4,3,7,8,10,12,88,13,15,1,0,18,19,20,21
5,4,3,7,8,10,12,88,13,15,1,0,18,19,20,21
5,4,3,7,8,10,12,88,13,15,1,0,18,19,20,21
5,4,3,7,8,10,12,88,13,15,1,0,18,19,20,21
5,4,3,7,8,10,12,88,13,15,1,0,18,19,20,21
5,4,3,7,8,10,12,88,13,15,1,0,18,19,20,21
5,4,3,7,8,10,12,88,13,15,1,0,18,19,20,21
5,4,3,7,8,10,12,88,13,15,1,0,18,19,20,21
5,4,3,7,8,10,12,88,13,15,1,0,18,19,20,21
5,4,3,7,8,10,12,88,13,15,1,0,18,19,20,21
5,4,3,7,8,10,12,88,13,15,1,0,18,19,20,21
5,4,3,7,8,10,12,88,13,15,1,0,18,19,20,21
5,4,3,7,8,10,12,88,13,15,1,0,18,19,20,21
5,4,3,7,8,10,12,88,13,15,1,0,18,19,20,21
5,4,3,7,8,10,12,88,13,15,1,0,18,19,20,21
5,4,3,7,8,10,12,88,13,15,1,0,18,19,20,21
5,4,3,7,8,10,12,88,13,15,1,0,18,19,20,21
5,4,3,7,8,10,12,88,13,15,1,0,18,19,20,21
5,4,3,7,8,10,12,88,13,15,1,0,18,19,20,21
5,4,3,7,8,10,12,88,13,15,1,0,18,19,20,21
5,4,3,7,8,10,12,88,13,15,1,0,18,19,20,21
5,4,3,7,8,10,12,88,13,15,1,0,18,19,20,21
5,4,3,7,8,10,12,88,13,15,1,0,18,19,20,21
5,4,3,7,8,10,12,88,13,15,1,0,18,19,20,21
5,4,3,7,8,10,12,88,13,15,1,0,18,19,20,21
5,4,3,7,8,10,12,88,13,15,1,0,18,19,20,21
5,4,3,7,8,10,12,88,13,15,1,0,18,19,20,21
5,4,3,7,8,10,12,88,13,15,1,0,18,19,20,21
5,4,3,7,8,10,12,88,13,15,1,0,18,19,20,21
5,4,3,7,8,10,12,88,13,15,1,0,18,19,20,21
5,4,3,7,8,10,12,88,13,15,1,0,18,19,20,21
5,4,3,7,8,10,12,88,13,15,1,0,18,19,20,21
5,4,3,7,8,10,12,88,13,15,1,0,18,19,20,21
5,4,3,7,8,10,12,88,13,15,1,0,18,19,20,21
5,4,3,7,8,10,12,88,13,15,1,0,18,19,20,21
5,4,3,7,8,10,12,88,13,15,1,0,18,19,20,21
5,4,3,7,8,10,12,88,13,15,1,0,18,19,20,21
5,4,3,7,8,10,12,88,13,15,1,0,18,19,20,21
5,4,3,7,8,10,12,88,13,15,1,0,18,19,20,21
5,4,3,7,8,10,12,88,13,15,1,0,18,19,20,21
5,4,3,7,8,10,12,88,13,15,1,0,18,19,20,21
5,4,3,7,8,10,12,88,13,15,1,0,18,19,20,21
5,4,3,7,8,10,12,88,13,15,1,0,18,19,20,21
5,4,3,7,8,10,12,88,13,15,1,0,18,19,20,21
5,4,3,7,8,10,12,88,13,15,1,0,18,19,20,21
5,4,3,7,8,10,12,88,13,15,1,0,18,19,20,21
5,4,3,7,8,10,12,88,13,15,1,0,18,19,20,21
5,4,3,7,8,10,12,88,13,15,1,0,18,19,20,21
5,4,3,7,8,10,12,88,13,15,1,0,18,19,20,21
5,4,3,7,8,10,12,88,13,15,1,0,18,19,20,21
5,4,3,7,8,10,12,88,13,15,1,0,18,19,20,21
5,4,3,7,8,10,12,88,13,15,1,0,18,19,20,21
5,4,3,7,8,10,12,88,13,15,1,0,18,19,20,21
5,4,3,7,8,10,12,88,13,15,1,0,18,19,20,21
5,4,3,7,8,10,12,88,13,15,1,0,18,19,20,21
5,4,3,7,8,10,12,88,13,15,1,0,18,19,20,21
5,4,3,7,8,10,12,88,13,15,1,0,18,19,20,21
5,4,3,7,8,10,12,88,13,15,1,0,18,19,20,21
5,4,3,7,8,10,12,88,13,15,1,0,18,19,20,21
5,4,3,7,8,10,12,88,13,15,1,0,18,19,20,21
5,4,3,7,8,10,12,88,13,15,1,0,18,19,20,21
5,4,3,7,8,10,12,88,13,15,1,0,18,19,20,21
5,4,3,7,8,10,12,88,13,15,1,0,18,19,20,21
5,4,3,7,8,10,12,88,13,15,1,0,18,19,20,21
5,4,3,7,8,10,12,88,13,15,1,0,18,19,20,21
5,4,3,7,8,10,12,88,13,15,1,0,18,19,20,21
5,4,3,7,8,10,12,88,13,15,1,0,18,19,20,21
5,4,3,7,8,10,12,88,13,15,1,0,18,19,20,21
5,4,3,7,8,10,12,88,13,15,1,0,18,19,20,21
5,4,3,7,8,10,12,88,13,15,1,0,18,19,20,21
5,4,3,7,8,10,12,88,13,15,1,0,18,19,20,21
5,4,3,7,8,10,12,88,13,15,1,0,18,19,20,21
5,4,3,7,8,10,12,88,13,15,1,0,18,19,20,21
5,4,3,7,8,10,12,88,13,15,1,0,18,19,20,21
5,4,3,7,8,10,12,88,13,15,1,0,18,19,20,21
5,4,3,7,8,10,12,88,13,15,1,0,18,19,20,21
5,4,3,7,8,10,12,88,13,15,1,0,18,19,20,21
5,4,3,7,8,10,12,88,13,15,1,0,18,19,20,21
5,4,3,7,8,10,12,88,13,15,1,0,18,19,20,21
5,4,3,7,8,10,12,88,13,15,1,0,18,19,20,21
5,4,3,7,8,10,12,88,13,15,1,0,18,19,20,21
5,4,3,7,8,10,12,88,13,15,1,0,18,19,20,21
5,4,3,7,8,10,12,88,13,15,1,0,18,19,20,21
5,4,3,7,8,10,12,88,13,15,1,0,18,19,20,21
5,4,3,7,8,10,12,88,13,15,1,0,18,19,20,21
5,4,3,7,8,10,12,88,13,15,1,0,18,19,20,21
5,4,3,7,8,10,12,88,13,15,1,0,18,19,20,21
5,4,3,7,8,10,12,88,13,15,1,0,18,19,20,21
5,4,3,7,8,10,12,88,13,15,1,0,18,19,20,21
5,4,3,7,8,10,12,88,13,15,1,0,18,19,20,21
5,4,3,7,8,10,12,88,13,15,1,0,18,19,20,21
5,4,3,7,8,10,12,88,13,15,1,0,18,19,20,21
5,4,3,7,8,10,12,88,13,15,1,0,18,19,20,21
5,4,3,7,8,10,12,88,13,15,1,0,18,19,20,21
5,4,3,7,8,10,12,88,13,15,1,0,18,19,20,21
5,4,3,7,8,10,12,88,13,15,1,0,18,19,20,21
5,4,3,7,8,10,12,88,13,15,1,0,18,19,20,21
5,4,3,7,8,10,12,88,13,15,1,0,18,19,20,21
5,4,3,7,8,10,12,88,13,15,1,0,18,19,20,21
5,4,3,7,8,10,12,88,13,15,1,0,18,19,20,21
5,4,3,7,8,10,12,88,13,15,1,0,18,19,20,21
5,4,3,7,8,10,12,88,13,15,1,0,18,19,20,21
5,4,3,7,8,10,12,88,13,15,1,0,18,19,20,21
5,4,3,7,8,10,12,88,13,15,1,0,18,19,20,21
5,4,3,7,8,10,12,88,13,15,1,0,18,19,20,21
5,4,3,7,8,10,12,88,13,15,1,0,18,19,20,21
5,4,3,7,8,10,12,88,13,15,1,0,18,19,20,21
5,4,3,7,8,10,12,88,13,15,1,0,18,19,20,21
5,4,3,7,8,10,12,88,13,15,1,0,18,19,20,21
5,4,3,7,8,10,12,88,13,15,1,0,18,19,20,21
5,4,3,7,8,10,12,88,13,15,1,0,18,19,20,21
5,4,3,7,8,10,12,88,13,15,1,0,18,19,20,21
5,4,3,7,8,10,12,88,13,15,1,0,18,19,20,21
5,4,3,7,8,10,12,88,13,15,1,0,18,19,20,21
5,4,3,7,8,10,12,88,13,15,1,0,18,19,20,21
5,4,3,7,8,10,12,88,13,15,1,0,18,19,20,21
5,4,3,7,8,10,12,88,13,15,1,0,18,19,20,21
5,4,3,7,8,10,12,88,13,15,1,0,18,19,20,21
5,4,3,7,8,10,12,88,13,15,1,0,18,19,20,21
5,4,3,7,8,10,12,88,13,15,1,0,18,19,20,21
5,4,3,7,8,10,12,88,13,15,1,0,18,19,20,21
5,4,3,7,8,10,12,88,13,15,1,0,18,19,20,21
5,4,3,7,8,10,12,88,13,15,1,0,18,19,20,21
5,4,3,7,8,10,12,88,13,15,1,0,18,19,20,21
5,4,3,7,8,10,12,88,13,15,1,0,18,19,20,21
5,4,3,7,8,10,12,88,13,15,1,0,18,19,20,21
5,4,3,7,8,10,12,88,13,15,1,0,18,19,20,21
5,4,3,7,8,10,12,88,13,15,1,0,18,19,20,21
5,4,3,7,8,10,12,88,13,15,1,0,18,19,20,21
5,4,3,7,8,10,12,88,13,15,1,0,18,19,20,21
5,4,3,7,8,10,12,88,13,15,1,0,18,19,20,21
5,4,3,7,8,10,12,88,13,15,1,0,18,19,20,21
5,4,3,7,8,10,12,88,13,15,1,0,18,19,20,21
5,4,3,7,8,10,12,88,13,15,1,0,18,19,20,21
5,4,3,7,8,10,12,88,13,15,1,0,18,19,20,21
5,4,3,7,8,10,12,88,13,15,1,0,18,19,20,21
5,4,3,7,8,10,12,88,13,15,1,0,18,19,20,21
5,4,3,7,8,10,12,88,13,15,1,0,18,19,20,21
5,4,3,7,8,10,12,88,13,15,1,0,18,19,20,21
5,4,3,7,8,10,12,88,13,15,1,0,18,19,20,21
5,4,3,7,8,10,12,88,13,15,1,0,18,19,20,21
5,4,3,7,8,10,12,88,13,15,1,0,18,19,20,21
5,4,3,7,8,10,12,88,13,15,1,0,18,19,20,21
5,4,3,7,8,10,12,88,13,15,1,0,18,19,20,21
5,4,3,7,8,10,12,88,13,15,1,0,18,19,20,21
5,4,3,7,8,10,12,88,13,15,1,0,18,19,20,21
5,4,3,7,8,10,12,88,13,15,1,0,18,19,20,21
5,4,3,7,8,10,12,88,13,15,1,0,18,19,20,21
5,4,3,7,8,10,12,88,13,15,1,0,18,19,20,21
5,4,3,7,8,10,12,88,13,15,1,0,18,19,20,21
5,4,3,7,8,10,12,88,13,15,1,0,18,19,20,21
5,4,3,7,8,10,12,88,13,15,1,0,18,19,20,21
5,4,3,7,8,10,12,88,13,15,1,0,18,19,20,21
5,4,3,7,8,10,12,88,13,15,1,0,18,19,20,21
5,4,3,7,8,10,12,88,13,15,1,0,18,19,20,21
5,4,3,7,8,10,12,88,13,15,1,0,18,19,20,21
5,4,3,7,8,10,12,88,13,15,1,0,18,19,20,21
5,4,3,7,8,10,12,88,13,15,1,0,18,19,20,21
5,4,3,7,8,10,12,88,13,15,1,0,18,19,20,21
5,4,3,7,8,10,12,88,13,15,1,0,18,19,20,21
5,4,3,7,8,10,12,88,13,15,1,0,18,19,20,21
5,4,3,7,8,10,12,88,13,15,1,0,18,19,20,21
5,4,3,7,8,10,12,88,13,15,1,0,18,19,20,21
5,4,3,7,8,10,12,88,13,15,1,0,18,19,20,21
5,4,3,7,8,10,12,88,13,15,1,0,18,19,20,21
5,4,3,7,8,10,12,88,13,15,1,0,18,19,20,21
5,4,3,7,8,10,12,88,13,15,1,0,18,19,20,21
5,4,3,7,8,10,12,88,13,15,1,0,18,19,20,21
5,4,3,7,8,10,12,88,13,15,1,0,18,19,20,21
5,4,3,7,8,10,12,88,13,15,1,0,18,19,20,21
5,4,3,7,8,10,12,88,13,15,1,0,18,19,20,21
5,4,3,7,8,10,12,88,13,15,1,0,18,19,20,21
5,4,3,7,8,10,12,88,13,15,1,0,18,19,20,21
5,4,3,7,8,10,12,88,13,15,1,0,18,19,20,21
5,4,3,7,8,10,12,88,13,15,1,0,18,19,20,21
5,4,3,7,8,10,12,88,13,15,1,0,18,19,20,21
5,4,3,7,8,10,12,88,13,15,1,0,18,19,20,21
5,4,3,7,8,10,12,88,13,15,1,0,18,19,20,21
5,4,3,7,8,10,12,88,13,15,1,0,18,19,20,21
5,4,3,7,8,10,12,88,13,15,1,0,18,19,20,21
5,4,3,7,8,10,12,88,13,15,1,0,18,19,20,21
5,4,3,7,8,10,12,88,13,15,1,0,18,19,20,21
5,4,3,7,8,10,12,88,13,15,1,0,18,19,20,21
5,4,3,7,8,10,12,88,13,15,1,0,18,19,20,21
5,4,3,7,8,10,12,88,13,15,1,0,18,19,20,21
5,4,3,7,8,10,12,88,13,15,1,0,18,19,20,21
5,4,3,7,8,10,12,88,13,15,1,0,18,19,20,21
5,4,3,7,8,10,12,88,13,15,1,0,18,19,20,21
5,4,3,7,8,10,12,88,13,15,1,0,18,19,20,21
5,4,3,7,8,10,12,88,13,15,1,0,18,19,20,21
5,4,3,7,8,10,12,88,13,15,1,0,18,19,20,21
5,4,3,7,8,10,12,88,13,15,1,0,18,19,20,21
5,4,3,7,8,10,12,88,13,15,1,0,18,19,20,21
5,4,3,7,8,10,12,88,13,15,1,0,18,19,20,21
5,4,3,7,8,10,12,88,13,15,1,0,18,19,20,21
5,4,3,7,8,10,12,88,13,15,1,0,18,19,20,21
5,4,3,7,8,10,12,88,13,15,1,0,18,19,20,21
5,4,3,7,8,10,12,88,13,15,1,0,18,19,20,21
5,4,3,7,8,10,12,88,13,15,1,0,18,19,20,21
5,4,3,7,8,10,12,88,13,15,1,0,18,19,20,21
5,4,3,7,8,10,12,88,13,15,1,0,18,19,20,21
5,4,3,7,8,10,12,88,13,15,1,0,18,19,20,21
5,4,3,7,8,10,12,88,13,15,1,0,18,19,20,21
5,4,3,7,8,10,12,88,13,15,1,0,18,19,20,21
5,4,3,7,8,10,12,88,13,15,1,0,18,19,20,21
5,4,3,7,8,10,12,88,13,15,1,0,18,19,20,21
5,4,3,7,8,10,12,88,13,15,1,0,18,19,20,21
5,4,3,7,8,10,12,88,13,15,1,0,18,19,20,21
5,4,3,7,8,10,12,88,13,15,1,0,18,19,20,21
5,4,3,7,8,10,12,88,13,15,1,0,18,19,20,21
5,4,3,7,8,10,12,88,13,15,1,0,18,19,20,21
5,4,3,7,8,10,12,88,13,15,1,0,18,19,20,21
5,4,3,7,8,10,12,88,13,15,1,0,18,19,20,21
5,4,3,7,8,10,12,88,13,15,1,0,18,19,20,21
5,4,3,7,8,10,12,88,13,15,1,0,18,19,20,21
5,4,3,7,8,10,12,88,13,15,1,0,18,19,20,21
5,4,3,7,8,10,12,88,13,15,1,0,18,19,20,21
5,4,3,7,8,10,12,88,13,15,1,0,18,19,20,21
5,4,3,7,8,10,12,88,13,15,1,0,18,19,20,21
5,4,3,7,8,10,12,88,13,15,1,0,18,19,20,21
5,4,3,7,8,10,12,88,13,15,1,0,18,19,20,21
5,4,3,7,8,10,12,88,13,15,1,0,18,19,20,21
5,4,3,7,8,10,12,88,13,15,1,0,18,19,20,21
5,4,3,7,8,10,12,88,13,15,1,0,18,19,20,21
5,4,3,7,8,10,12,88,13,15,1,0,18,19,20,21
5,4,3,7,8,10,12,88,13,15,1,0,18,19,20,21
5,4,3,7,8,10,12,88,13,15,1,0,18,19,20,21
5,4,3,7,8,10,12,88,13,15,1,0,18,19,20,21
5,4,3,7,8,10,12,88,13,15,1,0,18,19,20,21
5,4,3,7,8,10,12,88,13,15,1,0,18,19,20,21
5,4,3,7,8,10,12,88,13,15,1,0,18,19,20,21
5,4,3,7,8,10,12,88,13,15,1,0,18,19,20,21
5,4,3,7,8,10,12,88,13,15,1,0,18,19,20,21
5,4,3,7,8,10,12,88,13,15,1,0,18,19,20,21
5,4,3,7,8,10,12,88,13,15,1,0,18,19,20,21
5,4,3,7,8,10,12,88,13,15,1,0,18,19,20,21
5,4,3,7,8,10,12,88,13,15,1,0,18,19,20,21
5,4,3,7,8,10,12,88,13,15,1,0,18,19,20,21
5,4,3,7,8,10,12,88,13,15,1,0,18,19,20,21
5,4,3,7,8,10,12,88,13,15,1,0,18,19,20,21
5,4,3,7,8,10,12,88,13,15,1,0,18,19,20,21
5,4,3,7,8,10,12,88,13,15,1,0,18,19,20,21
5,4,3,7,8,10,12,88,13,15,1,0,18,19,20,21
5,4,3,2,10,12,88,13,15,1,0,18,19,20,21
5,4,3,2,10,12,88,13,15,1,0,18,19,20,21
5,4,3,2,10,12,88,13,15,1,0,18,19,20,21
5,4,3,2,10,12,88,13,15,1,0,18,19,20,21
5,4,3,2,10,12,88,13,15,1,0,18,19,20,21
5,4,3,2,10,12,88,13,15,1,0,18,19,20,21
5,4,3,2,10,12,88,13,15,1,0,18,19,20,21
5,4,3,2,10,12,88,13,15,1,0,18,19,20,21
5,4,3,2,10,12,88,13,15,1,0,18,19,20,21
5,4,3,2,10,12,88,13,15,1,0,18,19,20,21
5,4,3,2,10,12,88,13,15,1,0,18,19,20,21
5,4,3,2,10,12,88,13,15,1,0,18,19,20,21
5,4,3,2,10,12,88,13,15,1,0,18,19,20,21
5,4,3,2,10,12,88,13,15,1,0,18,19,20,21
5,4,3,2,10,12,88,13,15,1,0,18,19,20,21
5,4,3,2,10,12,88,13,15,1,0,18,19,20,21
5,4,3,2,10,12,88,13,15,1,0,18,19,20,21
5,4,3,2,10,12,88,13,15,1,0,18,19,20,21
5,4,3,2,10,12,88,13,15,1,0,18,19,20,21
5,4,3,2,10,12,88,13,15,1,0,18,19,20,21
5,4,3,2,10,12,88,13,15,1,0,18,19,20,21
5,4,3,2,10,12,88,13,15,1,0,18,19,20,21
5,4,3,2,10,12,88,13,15,1,0,18,19,20,21
5,4,3,2,10,12,88,13,15,1,0,18,19,20,21
5,4,3,2,10,12,88,13,15,1,0,18,19,20,21
5,4,3,2,10,12,88,13,15,1,0,18,19,20,21
5,4,3,2,10,12,88,13,15,1,0,18,19,20,21
5,4,3,2,10,12,88,13,15,1,0,18,19,20,21
5,4,3,2,10,12,88,13,15,1,0,18,19,20,21
5,4,3,2,10,12,88,13,15,1,0,18,19,20,21
5,4,3,2,10,12,88,13,15,1,0,18,19,20,21
5,4,3,2,10,12,88,13,15,1,0,18,19,20,21
5,4,3,2,10,12,88,13,15,1,0,18,19,20,21
5,4,3,2,10,12,88,13,15,1,0,18,19,20,21
5,4,3,2,10,12,88,13,15,1,0,18,19,20,21
5,4,3,2,10,12,88,13,15,1,0,18,19,20,21
5,4,3,2,10,12,88,13,15,1,0,18,19,20,21
5,4,3,2,10,12,88,13,15,1,0,18,19,20,21
5,4,3,2,10,12,88,13,15,1,0,18,19,20,21
5,4,3,2,10,12,88,13,15,1,0,18,19,20,21
5,4,3,2,10,12,88,13,15,1,0,18,19,20,21
5,4,3,2,10,12,88,13,15,1,0,18,19,20,21
5,4,3,2,10,12,88,13,15,1,0,18,19,20,21
5,4,3,2,10,12,88,13,15,1,0,18,19,20,21
5,4,3,2,10,12,88,13,15,1,0,18,19,20,21
5,4,3,2,10,12,88,13,15,1,0,18,19,20,21
5,4,3,2,10,12,88,13,15,1,0,18,19,20,21
5,4,3,2,10,12,88,13,15,1,0,18,19,20,21
5,4,3,2,10,12,88,13,15,1,0,18,19,20,21
5,4,3,2,10,12,88,13,15,1,0,18,19,20,21
5,4,3,2,10,12,88,13,15,1,0,18,19,20,21
5,4,3,2,10,12,88,13,15,1,0,18,19,20,21
5,4,3,2,10,12,88,13,15,1,0,18,19,20,21
5,4,3,2,10,12,88,13,15,1,0,18,19,20,21
5,4,3,2,10,12,88,13,15,1,0,18,19,20,21
5,4,3,2,10,12,88,13,15,1,0,18,19,20,21
5,4,3,2,10,12,88,13,15,1,0,18,19,20,21
5,4,3,2,10,12,88,13,15,1,0,18,19,20,21
5,4,3,2,10,12,88,13,15,1,0,18,19,20,21
5,4,3,2,10,12,88,13,15,1,0,18,19,20,21
5,4,3,2,10,12,88,13,15,1,0,18,19,20,21
5,4,3,2,10,12,88,13,15,1,0,18,19,20,21
5,4,3,2,10,12,88,13,15,1,0,18,19,20,21
5,4,3,2,10,12,88,13,15,1,0,18,19,20,21
5,4,3,2,10,12,88,13,15,1,0,18,19,20,21
5,4,3,2,10,12,88,13,15,1,0,18,19,20,21
5,4,3,2,10,12,88,13,15,1,0,18,19,20,21
5,4,3,2,10,12,88,13,15,1,0,18,19,20,21
5,4,3,2,10,12,88,13,15,1,0,18,19,20,21
5,4,3,2,10,12,88,13,15,1,0,18,19,20,21
5,4,3,2,10,12,88,13,15,1,0,18,19,20,21
5,4,3,2,10,12,88,13,15,1,0,18,19,20,21
5,4,3,2,10,12,88,13,15,1,0,18,19,20,21
5,4,3,2,10,12,88,13,15,1,0,18,19,20,21
5,4,3,2,10,12,88,13,15,1,0,18,19,20,21
5,4,3,2,10,12,88,13,15,1,0,18,19,20,21
5,4,3,2,10,12,88,13,15,1,0,18,19,20,21
5,4,3,2,10,12,88,13,15,1,0,18,19,20,21
5,4,3,2,10,12,88,13,15,1,0,18,19,20,21
5,4,3,2,10,12,88,13,15,1,0,18,19,20,21
5,4,3,2,10,12,88,13,15,1,0,18,19,20,21
5,4,3,2,10,12,88,13,15,1,0,18,19,20,21
5,4,3,2,10,12,88,13,15,1,0,18,19,20,21
5,4,3,2,10,12,88,13,15,1,0,18,19,20,21
5,4,3,2,10,12,88,13,15,1,0,18,19,20,21
5,4,3,2,10,12,88,13,15,1,0,18,19,20,21
5,4,3,2,10,12,88,13,15,1,0,18,19,20,21
5,4,3,2,10,12,88,13,15,1,0,18,19,20,21
5,4,3,2,10,12,88,13,15,1,0,18,19,20,21
5,4,3,2,10,12,88,13,15,1,0,18,19,20,21
5,4,3,2,10,12,88,13,15,1,0,18,19,20,21
5,4,3,2,10,12,88,13,15,1,0,18,19,20,21
5,4,3,2,10,12,88,13,15,1,0,18,19,20,21
5,4,3,2,10,12,88,13,15,1,0,18,19,20,21
5,4,3,2,10,12,88,13,15,1,0,18,19,20,21
5,4,3,2,10,12,88,13,15,1,0,18,19,20,21
5,4,3,2,10,12,88,13,15,1,0,18,19,20,21
5,4,3,2,10,12,88,13,15,1,0,18,19,20,21
5,4,3,2,10,12,88,13,15,1,0,18,19,20,21
5,4,3,2,10,12,88,13,15,1,0,18,19,20,21
5,4,3,2,10,12,88,13,15,1,0,18,19,20,21
5,4,3,2,10,12,88,13,15,1,0,18,19,20,21
5,4,3,2,10,12,88,13,15,1,0,18,19,20,21
5,4,3,2,10,12,88,13,15,1,0,18,19,20,21
5,4,3,2,10,12,88,13,15,1,0,18,19,20,21
5,4,3,2,10,12,88,13,15,1,0,18,19,20,21
5,4,3,2,10,12,88,13,15,1,0,18,19,20,21
5,4,3,2,10,12,88,13,15,1,0,18,19,20,21
5,4,3,2,10,12,88,13,15,1,0,18,19,20,21
5,4,3,2,10,12,88,13,15,1,0,18,19,20,21
5,4,3,2,10,12,88,13,15,1,0,18,19,20,21
5,4,3,2,10,12,88,13,15,1,0,18,19,20,21
5,4,3,2,10,12,88,13,15,1,0,18,19,20,21
5,4,3,2,10,12,88,13,15,1,0,18,19,20,21
5,4,3,2,10,12,88,13,15,1,0,18,19,20,21
5,4,3,2,10,12,88,13,15,1,0,18,19,20,21
5,4,3,2,10,12,88,13,15,1,0,18,19,20,21
5,4,3,2,10,12,88,13,15,1,0,18,19,20,21
5,4,3,2,10,12,88,13,15,1,0,18,19,20,21
5,4,3,2,10,12,88,13,15,1,0,18,19,20,21
5,4,3,2,10,12,88,13,15,1,0,18,19,20,21
5,4,3,2,10,12,88,13,15,1,0,18,19,20,21
5,4,3,2,10,12,88,13,15,1,0,18,19,20,21
5,4,3,2,10,12,88,13,15,1,0,18,19,20,21
5,4,3,2,10,12,88,13,15,1,0,18,19,20,21
5,4,3,2,10,12,88,13,15,1,0,18,19,20,21
5,4,3,2,10,12,88,13,15,1,0,18,19,20,21
5,4,3,2,10,12,88,13,15,1,0,18,19,20,21
5,4,3,2,10,12,88,13,15,1,0,18,19,20,21
5,4,3,2,10,12,88,13,15,1,0,18,19,20,21
5,4,3,2,10,12,88,13,15,1,0,18,19,20,21
5,4,3,2,10,12,88,13,15,1,0,18,19,20,21
5,4,3,2,10,12,88,13,15,1,0,18,19,20,21
5,4,3,2,10,12,88,13,15,1,0,18,19,20,21
5,4,3,2,10,12,88,13,15,1,0,18,19,20,21
5,4,3,2,10,12,88,13,15,1,0,18,19,20,21
5,4,3,2,10,12,88,13,15,1,0,18,19,20,21
5,4,3,2,10,12,88,13,15,1,0,18,19,20,21
5,4,3,2,10,12,88,13,15,1,0,18,19,20,21
5,4,3,2,10,12,88,13,15,1,0,18,19,20,21
5,4,3,2,10,12,88,13,15,1,0,18,19,20,21
5,4,3,2,10,12,88,13,15,1,0,18,19,20,21
5,4,3,2,10,12,88,13,15,1,0,18,19,20,21
5,4,3,2,10,12,88,13,15,1,0,18,19,20,21
5,4,3,2,10,12,88,13,15,1,0,18,19,20,21
5,4,3,2,10,12,88,13,15,1,0,18,19,20,21
5,4,3,2,10,12,88,13,15,1,0,18,19,20,21
5,4,3,2,10,12,88,13,15,1,0,18,19,20,21
5,4,3,2,10,12,88,13,15,1,0,18,19,20,21
5,4,3,2,10,12,88,13,15,1,0,18,19,20,21
5,4,3,2,10,12,88,13,15,1,0,18,19,20,21
5,4,3,2,10,12,88,13,15,1,0,18,19,20,21
5,4,3,2,10,12,88,13,15,1,0,18,19,20,21
5,4,3,2,10,12,88,13,15,1,0,18,19,20,21
5,4,3,2,10,12,88,13,15,1,0,18,19,20,21
5,4,3,2,10,12,88,13,15,1,0,18,19,20,21
5,4,3,2,10,12,88,13,15,1,0,18,19,20,21
5,4,3,2,10,12,88,13,15,1,0,18,19,20,21
5,4,3,2,10,12,88,13,15,1,0,18,19,20,21
5,4,3,2,10,12,88,13,15,1,0,18,19,20,21
5,4,3,2,10,12,88,13,15,1,0,18,19,20,21
5,4,3,2,10,12,88,13,15,1,0,18,19,20,21
5,4,3,2,10,12,88,13,15,1,0,18,19,20,21
5,4,3,2,10,12,88,13,15,1,0,18,19,20,21
5,4,3,2,10,12,88,13,15,1,0,18,19,20,21
5,4,3,2,10,12,88,13,15,1,0,18,19,20,21
5,4,3,2,10,12,88,13,15,1,0,18,19,20,21
5,4,3,2,10,12,88,13,15,1,0,18,19,20,21
5,4,3,2,10,12,88,13,15,1,0,18,19,20,21
5,4,3,2,10,12,88,13,15,1,0,18,19,20,21
5,4,3,2,10,12,88,13,15,1,0,18,19,20,21
5,4,3,2,10,12,88,13,15,1,0,18,19,20,21
5,4,3,2,10,12,88,13,15,1,0,18,19,20,21
5,4,3,2,10,12,88,13,15,1,0,18,19,20,21
5,4,3,2,10,12,88,13,15,1,0,18,19,20,21
5,4,3,2,10,12,88,13,15,1,0,18,19,20,21
5,4,3,2,10,12,88,13,15,1,0,18,19,20,21
5,4,3,2,10,12,88,13,15,1,0,18,19,20,21
5,4,3,2,10,12,88,13,15,1,0,18,19,20,21
5,4,3,2,10,12,88,13,15,1,0,18,19,20,21
5,4,3,2,10,12,88,13,15,1,0,18,19,20,21
5,4,3,2,10,12,88,13,15,1,0,18,19,20,21
5,4,3,2,10,12,88,13,15,1,0,18,19,20,21
5,4,3,2,10,12,88,13,15,1,0,18,19,20,21
5,4,3,2,10,12,88,13,15,1,0,18,19,20,21
5,4,3,2,10,12,88,13,15,1,0,18,19,20,21
5,4,3,2,10,12,88,13,15,1,0,18,19,20,21
5,4,3,2,10,12,88,13,15,1,0,18,19,20,21
5,4,3,2,10,12,88,13,15,1,0,18,19,20,21
5,4,3,2,10,12,88,13,15,1,0,18,19,20,21
5,4,3,2,10,12,88,13,15,1,0,18,19,20,21
5,4,3,2,10,12,88,13,15,1,0,18,19,20,21
5,4,3,2,10,12,88,13,15,1,0,18,19,20,21
5,4,3,2,10,12,88,13,15,1,0,18,19,20,21
5,4,3,2,10,12,88,13,15,1,0,18,19,20,21
5,4,3,2,10,12,88,13,15,1,0,18,19,20,21
5,4,3,2,10,12,88,13,15,1,0,18,19,20,21
5,4,3,2,10,12,88,13,15,1,0,18,19,20,21
5,4,3,2,10,12,88,13,15,1,0,18,19,20,21
5,4,3,2,10,12,88,13,15,1,0,18,19,20,21
5,4,3,2,10,12,88,13,15,1,0,18,19,20,21
5,4,3,2,10,12,88,13,15,1,0,18,19,20,21
5,4,3,2,10,12,88,13,15,1,0,18,19,20,21
5,4,3,2,10,12,88,13,15,1,0,18,19,20,21
5,4,3,2,10,12,88,13,15,1,0,18,19,20,21
5,4,3,2,10,12,88,13,15,1,0,18,19,20,21
5,4,3,2,10,12,88,13,15,1,0,18,19,20,21
5,4,3,2,10,12,88,13,15,1,0,18,19,20,21
5,4,3,2,10,12,88,13,15,1,0,18,19,20,21
5,4,3,2,10,12,88,13,15,1,0,18,19,20,21
5,4,3,2,10,12,88,13,15,1,0,18,19,20,21
5,4,3,2,10,12,88,13,15,1,0,18,19,20,21
5,4,3,2,10,12,88,13,15,1,0,18,19,20,21
5,4,3,2,10,12,88,13,15,1,0,18,19,20,21
5,4,3,2,10,12,88,13,15,1,0,18,19,20,21
5,4,3,2,10,12,88,13,15,1,0,18,19,20,21
5,4,3,2,10,12,88,13,15,1,0,18,19,20,21
5,4,3,2,10,12,88,13,15,1,0,18,19,20,21
5,4,3,2,10,12,88,13,15,1,0,18,19,20,21
5,4,3,2,10,12,88,13,15,1,0,18,19,20,21
5,4,3,2,10,12,88,13,15,1,0,18,19,20,21
5,4,3,2,10,12,88,13,15,1,0,18,19,20,21
5,4,3,2,10,12,88,13,15,1,0,18,19,20,21
5,4,3,2,10,12,88,13,15,1,0,18,19,20,21
5,4,3,2,10,12,88,13,15,1,0,18,19,20,21
5,4,3,2,10,12,88,13,15,1,0,18,19,20,21
5,4,3,2,10,12,88,13,15,1,0,18,19,20,21
5,4,3,2,10,12,88,13,15,1,0,18,19,20,21
5,4,3,2,10,12,88,13,15,1,0,18,19,20,21
5,4,3,2,10,12,88,13,15,1,0,18,19,20,21
5,4,3,2,10,12,88,13,15,1,0,18,19,20,21
5,4,3,2,10,12,88,13,15,1,0,18,19,20,21
5,4,3,2,10,12,88,13,15,1,0,18,19,20,21
5,4,3,2,10,12,88,13,15,1,0,18,19,20,21
5,4,3,2,10,12,88,13,15,1,0,18,19,20,21
5,4,3,2,10,12,88,13,15,1,0,18,19,20,21
5,4,3,2,10,12,88,13,15,1,0,18,19,20,21
5,4,3,2,10,12,88,13,15,1,0,18,19,20,21
5,4,3,2,10,12,88,13,15,1,0,18,19,20,21
5,4,3,2,10,12,88,13,15,1,0,18,19,20,21
5,4,3,2,10,12,88,13,15,1,0,18,19,20,21
5,4,3,2,10,12,88,13,15,1,0,18,19,20,21
5,4,3,2,10,12,88,13,15,1,0,18,19,20,21
5,4,3,2,10,12,88,13,15,1,0,18,19,20,21
5,4,3,2,10,12,88,13,15,1,0,18,19,20,21
5,4,3,2,10,12,88,13,15,1,0,18,19,20,21
5,4,3,2,10,12,88,13,15,1,0,18,19,20,21
5,4,3,2,10,12,88,13,15,1,0,18,19,20,21
5,4,3,2,10,12,88,13,15,1,0,18,19,20,21
5,4,3,2,10,12,88,13,15,1,0,18,19,20,21
5,4,3,2,10,12,88,13,15,1,0,18,19,20,21
5,4,3,2,10,12,88,13,15,1,0,18,19,20,21
5,4,3,2,10,12,88,13,15,1,0,18,19,20,21
5,4,3,2,10,12,88,13,15,1,0,18,19,20,21
5,4,3,2,10,12,88,13,15,1,0,18,19,20,21
5,4,3,2,10,12,88,13,15,1,0,18,19,20,21
5,4,3,7,8,9,10,12,88,13,15,1,0,18,19,20,21
5,4,3,7,8,9,10,12,88,13,15,1,0,18,19,20,21
5,4,3,7,8,9,10,12,88,13,15,1,0,18,19,20,21
5,4,3,7,8,9,10,12,88,13,15,1,0,18,19,20,21
5,4,3,7,8,9,10,12,88,13,15,1,0,18,19,20,21
5,4,3,7,8,9,10,12,88,13,15,1,0,18,19,20,21
5,4,3,7,8,9,10,12,88,13,15,1,0,18,19,20,21
5,4,3,7,8,9,10,12,88,13,15,1,0,18,19,20,21
5,4,3,7,8,9,10,12,88,13,15,1,0,18,19,20,21
5,4,3,7,8,9,10,12,88,13,15,1,0,18,19,20,21
5,4,3,7,8,9,10,12,88,13,15,1,0,18,19,20,21
5,4,3,7,8,9,10,12,88,13,15,1,0,18,19,20,21
5,4,3,7,8,9,10,12,88,13,15,1,0,18,19,20,21
5,4,3,7,8,9,10,12,88,13,15,1,0,18,19,20,21
5,4,3,7,8,9,10,12,88,13,15,1,0,18,19,20,21
5,4,3,7,8,9,10,12,88,13,15,1,0,18,19,20,21
5,4,3,7,8,9,10,12,88,13,15,1,0,18,19,20,21
5,4,3,7,8,9,10,12,88,13,15,1,0,18,19,20,21
5,4,3,7,8,9,10,12,88,13,15,1,0,18,19,20,21
5,4,3,7,8,9,10,12,88,13,15,1,0,18,19,20,21
5,4,3,7,8,9,10,12,88,13,15,1,0,18,19,20,21
5,4,3,7,8,9,10,12,88,13,15,1,0,18,19,20,21
5,4,3,7,8,9,10,12,88,13,15,1,0,18,19,20,21
5,4,3,7,8,9,10,12,88,13,15,1,0,18,19,20,21
5,4,3,7,8,9,10,12,88,13,15,1,0,18,19,20,21
5,4,3,7,8,9,10,12,88,13,15,1,0,18,19,20,21
5,4,3,7,8,9,10,12,88,13,15,1,0,18,19,20,21
5,4,3,7,8,9,10,12,88,13,15,1,0,18,19,20,21
5,4,3,7,8,9,10,12,88,13,15,1,0,18,19,20,21
5,4,3,7,8,9,10,12,88,13,15,1,0,18,19,20,21
5,4,3,7,8,9,10,12,88,13,15,1,0,18,19,20,21
5,4,3,7,8,9,10,12,88,13,15,1,0,18,19,20,21
5,4,3,7,8,9,10,12,88,13,15,1,0,18,19,20,21
5,4,3,7,8,9,10,12,88,13,15,1,0,18,19,20,21
5,4,3,7,8,9,10,12,88,13,15,1,0,18,19,20,21
5,4,3,7,8,9,10,12,88,13,15,1,0,18,19,20,21
5,4,3,7,8,9,10,12,88,13,15,1,0,18,19,20,21
5,4,3,7,8,9,10,12,88,13,15,1,0,18,19,20,21
5,4,3,7,8,9,10,12,88,13,15,1,0,18,19,20,21
5,4,3,7,8,9,10,12,88,13,15,1,0,18,19,20,21
5,4,3,7,8,9,10,12,88,13,15,1,0,18,19,20,21
5,4,3,7,8,9,10,12,88,13,15,1,0,18,19,20,21
5,4,3,7,8,9,10,12,88,13,15,1,0,18,19,20,21
5,4,3,7,8,9,10,12,88,13,15,1,0,18,19,20,21
5,4,3,7,8,9,10,12,88,13,15,1,0,18,19,20,21
5,4,3,7,8,9,10,12,88,13,15,1,0,18,19,20,21
5,4,3,7,8,9,10,12,88,13,15,1,0,18,19,20,21
5,4,3,7,8,9,10,12,88,13,15,1,0,18,19,20,21
5,4,3,7,8,9,10,12,88,13,15,1,0,18,19,20,21
5,4,3,7,8,9,10,12,88,13,15,1,0,18,19,20,21
5,4,3,7,8,9,10,12,88,13,15,1,0,18,19,20,21
5,4,3,7,8,9,10,12,88,13,15,1,0,18,19,20,21
5,4,3,7,8,9,10,12,88,13,15,1,0,18,19,20,21
5,4,3,7,8,9,10,12,88,13,15,1,0,18,19,20,21
5,4,3,7,8,9,10,12,88,13,15,1,0,18,19,20,21
5,4,3,7,8,9,10,12,88,13,15,1,0,18,19,20,21
5,4,3,7,8,9,10,12,88,13,15,1,0,18,19,20,21
5,4,3,7,8,9,10,12,88,13,15,1,0,18,19,20,21
5,4,3,7,8,9,10,12,88,13,15,1,0,18,19,20,21
5,4,3,7,8,9,10,12,88,13,15,1,0,18,19,20,21
5,4,3,7,8,9,10,12,88,13,15,1,0,18,19,20,21
5,4,3,7,8,9,10,12,88,13,15,1,0,18,19,20,21
5,4,3,7,8,9,10,12,88,13,15,1,0,18,19,20,21
5,4,3,7,8,9,10,12,88,13,15,1,0,18,19,20,21
5,4,3,7,8,9,10,12,88,13,15,1,0,18,19,20,21
5,4,3,7,8,9,10,12,88,13,15,1,0,18,19,20,21
5,4,3,7,8,9,10,12,88,13,15,1,0,18,19,20,21
5,4,3,7,8,9,10,12,88,13,15,1,0,18,19,20,21
5,4,3,7,8,9,10,12,88,13,15,1,0,18,19,20,21
5,4,3,7,8,9,10,12,88,13,15,1,0,18,19,20,21
5,4,3,7,8,9,10,12,88,13,15,1,0,18,19,20,21
5,4,3,7,8,9,10,12,88,13,15,1,0,18,19,20,21
5,4,3,7,8,9,10,12,88,13,15,1,0,18,19,20,21
5,4,3,7,8,9,10,12,88,13,15,1,0,18,19,20,21
5,4,3,7,8,9,10,12,88,13,15,1,0,18,19,20,21
5,4,3,7,8,9,10,12,88,13,15,1,0,18,19,20,21
5,4,3,7,8,9,10,12,88,13,15,1,0,18,19,20,21
5,4,3,7,8,9,10,12,88,13,15,1,0,18,19,20,21
5,4,3,7,8,9,10,12,88,13,15,1,0,18,19,20,21
5,4,3,7,8,9,10,12,88,13,15,1,0,18,19,20,21
5,4,3,7,8,9,10,12,88,13,15,1,0,18,19,20,21
5,4,3,7,8,9,10,12,88,13,15,1,0,18,19,20,21
5,4,3,7,8,9,10,12,88,13,15,1,0,18,19,20,21
5,4,3,7,8,9,10,12,88,13,15,1,0,18,19,20,21
5,4,3,7,8,9,10,12,88,13,15,1,0,18,19,20,21
5,4,3,7,8,9,10,12,88,13,15,1,0,18,19,20,21
5,4,3,7,8,9,10,12,88,13,15,1,0,18,19,20,21
5,4,3,7,8,9,10,12,88,13,15,1,0,18,19,20,21
5,4,3,7,8,9,10,12,88,13,15,1,0,18,19,20,21
5,4,3,7,8,9,10,12,88,13,15,1,0,18,19,20,21
5,4,3,7,8,9,10,12,88,13,15,1,0,18,19,20,21
5,4,3,7,8,9,10,12,88,13,15,1,0,18,19,20,21
5,4,3,7,8,9,10,12,88,13,15,1,0,18,19,20,21
5,4,3,7,8,9,10,12,88,13,15,1,0,18,19,20,21
5,4,3,7,8,9,10,12,88,13,15,1,0,18,19,20,21
5,4,3,7,8,9,10,12,88,13,15,1,0,18,19,20,21
5,4,3,7,8,9,10,12,88,13,15,1,0,18,19,20,21
5,4,3,7,8,9,10,12,88,13,15,1,0,18,19,20,21
5,4,3,7,8,9,10,12,88,13,15,1,0,18,19,20,21
5,4,3,7,8,9,10,12,88,13,15,1,0,18,19,20,21
5,4,3,7,8,9,10,12,88,13,15,1,0,18,19,20,21
5,4,3,7,8,9,10,12,88,13,15,1,0,18,19,20,21
5,4,3,7,8,9,10,12,88,13,15,1,0,18,19,20,21
5,4,3,7,8,9,10,12,88,13,15,1,0,18,19,20,21
5,4,3,7,8,9,10,12,88,13,15,1,0,18,19,20,21
5,4,3,7,8,9,10,12,88,13,15,1,0,18,19,20,21
5,4,3,7,8,9,10,12,88,13,15,1,0,18,19,20,21
5,4,3,7,8,9,10,12,88,13,15,1,0,18,19,20,21
5,4,3,7,8,9,10,12,88,13,15,1,0,18,19,20,21
5,4,3,7,8,9,10,12,88,13,15,1,0,18,19,20,21
5,4,3,7,8,9,10,12,88,13,15,1,0,18,19,20,21
5,4,3,7,8,9,10,12,88,13,15,1,0,18,19,20,21
5,4,3,7,8,9,10,12,88,13,15,1,0,18,19,20,21
5,4,3,7,8,9,10,12,88,13,15,1,0,18,19,20,21
5,4,3,7,8,9,10,12,88,13,15,1,0,18,19,20,21
5,4,3,7,8,9,10,12,88,13,15,1,0,18,19,20,21
5,4,3,7,8,9,10,12,88,13,15,1,0,18,19,20,21
5,4,3,7,8,9,10,12,88,13,15,1,0,18,19,20,21
5,4,3,7,8,9,10,12,88,13,15,1,0,18,19,20,21
5,4,3,7,8,9,10,12,88,13,15,1,0,18,19,20,21
5,4,3,7,8,9,10,12,88,13,15,1,0,18,19,20,21
5,4,3,7,8,9,10,12,88,13,15,1,0,18,19,20,21
5,4,3,7,8,9,10,12,88,13,15,1,0,18,19,20,21
5,4,3,7,8,9,10,12,88,13,15,1,0,18,19,20,21
5,4,3,7,8,9,10,12,88,13,15,1,0,18,19,20,21
5,4,3,7,8,9,10,12,88,13,15,1,0,18,19,20,21
5,4,3,7,8,9,10,12,88,13,15,1,0,18,19,20,21
5,4,3,7,8,9,10,12,88,13,15,1,0,18,19,20,21
5,4,3,7,8,9,10,12,88,13,15,1,0,18,19,20,21
5,4,3,7,8,9,10,12,88,13,15,1,0,18,19,20,21
5,4,3,7,8,9,10,12,88,13,15,1,0,18,19,20,21
5,4,3,7,8,9,10,12,88,13,15,1,0,18,19,20,21
5,4,3,7,8,9,10,12,88,13,15,1,0,18,19,20,21
5,4,3,7,8,9,10,12,88,13,15,1,0,18,19,20,21
5,4,3,7,8,9,10,12,88,13,15,1,0,18,19,20,21
5,4,3,7,8,9,10,12,88,13,15,1,0,18,19,20,21
5,4,3,7,8,9,10,12,88,13,15,1,0,18,19,20,21
5,4,3,7,8,9,10,12,88,13,15,1,0,18,19,20,21
5,4,3,7,8,9,10,12,88,13,15,1,0,18,19,20,21
5,4,3,7,8,9,10,12,88,13,15,1,0,18,19,20,21
5,4,3,7,8,9,10,12,88,13,15,1,0,18,19,20,21
5,4,3,7,8,9,10,12,88,13,15,1,0,18,19,20,21
5,4,3,7,8,9,10,12,88,13,15,1,0,18,19,20,21
5,4,3,7,8,9,10,12,88,13,15,1,0,18,19,20,21
5,4,3,7,8,9,10,12,88,13,15,1,0,18,19,20,21
5,4,3,7,8,9,10,12,88,13,15,1,0,18,19,20,21
5,4,3,7,8,9,10,12,88,13,15,1,0,18,19,20,21
5,4,3,7,8,9,10,12,88,13,15,1,0,18,19,20,21
5,4,3,7,8,9,10,12,88,13,15,1,0,18,19,20,21
5,4,3,7,8,9,10,12,88,13,15,1,0,18,19,20,21
5,4,3,7,8,9,10,12,88,13,15,1,0,18,19,20,21
5,4,3,7,8,9,10,12,88,13,15,1,0,18,19,20,21
5,4,3,7,8,9,10,12,88,13,15,1,0,18,19,20,21
5,4,3,7,8,9,10,12,88,13,15,1,0,18,19,20,21
5,4,3,7,8,9,10,12,88,13,15,1,0,18,19,20,21
5,4,3,7,8,9,10,12,88,13,15,1,0,18,19,20,21
5,4,3,7,8,9,10,12,88,13,15,1,0,18,19,20,21
5,4,3,7,8,9,10,12,88,13,15,1,0,18,19,20,21
5,4,3,7,8,9,10,12,88,13,15,1,0,18,19,20,21
5,4,3,7,8,9,10,12,88,13,15,1,0,18,19,20,21
5,4,3,7,8,9,10,12,88,13,15,1,0,18,19,20,21
5,4,3,7,8,9,10,12,88,13,15,1,0,18,19,20,21
5,4,3,7,8,9,10,12,88,13,15,1,0,18,19,20,21
5,4,3,7,8,9,10,12,88,13,15,1,0,18,19,20,21
5,4,3,7,8,9,10,12,88,13,15,1,0,18,19,20,21
5,4,3,7,8,9,10,12,88,13,15,1,0,18,19,20,21
5,4,3,7,8,9,10,12,88,13,15,1,0,18,19,20,21
5,4,3,7,8,9,10,12,88,13,15,1,0,18,19,20,21
5,4,3,7,8,9,10,12,88,13,15,1,0,18,19,20,21
5,4,3,7,8,9,10,12,88,13,15,1,0,18,19,20,21
5,4,3,7,8,9,10,12,88,13,15,1,0,18,19,20,21
5,4,3,7,8,9,10,12,88,13,15,1,0,18,19,20,21
5,4,3,7,8,9,10,12,88,13,15,1,0,18,19,20,21
5,4,3,7,8,9,10,12,88,13,15,1,0,18,19,20,21
5,4,3,7,8,9,10,12,88,13,15,1,0,18,19,20,21
5,4,3,7,8,9,10,12,88,13,15,1,0,18,19,20,21
5,4,3,7,8,9,10,12,88,13,15,1,0,18,19,20,21
5,4,3,7,8,9,10,12,88,13,15,1,0,18,19,20,21
5,4,3,7,8,9,10,12,88,13,15,1,0,18,19,20,21
5,4,3,7,8,9,10,12,88,13,15,1,0,18,19,20,21
5,4,3,7,8,9,10,12,88,13,15,1,0,18,19,20,21
5,4,3,7,8,9,10,12,88,13,15,1,0,18,19,20,21
5,4,3,7,8,9,10,12,88,13,15,1,0,18,19,20,21
5,4,3,7,8,9,10,12,88,13,15,1,0,18,19,20,21
5,4,3,7,8,9,10,12,88,13,15,1,0,18,19,20,21
5,4,3,7,8,9,10,12,88,13,15,1,0,18,19,20,21
5,4,3,7,8,9,10,12,88,13,15,1,0,18,19,20,21
5,4,3,7,8,9,10,12,88,13,15,1,0,18,19,20,21
5,4,3,7,8,9,10,12,88,13,15,1,0,18,19,20,21
5,4,3,7,8,9,10,12,88,13,15,1,0,18,19,20,21
5,4,3,7,8,9,10,12,88,13,15,1,0,18,19,20,21
5,4,3,7,8,9,10,12,88,13,15,1,0,18,19,20,21
5,4,3,7,8,9,10,12,88,13,15,1,0,18,19,20,21
5,4,3,7,8,9,10,12,88,13,15,1,0,18,19,20,21
5,4,3,7,8,9,10,12,88,13,15,1,0,18,19,20,21
5,4,3,7,8,9,10,12,88,13,15,1,0,18,19,20,21
5,4,3,7,8,9,10,12,88,13,15,1,0,18,19,20,21
5,4,3,7,8,9,10,12,88,13,15,1,0,18,19,20,21
5,4,3,7,8,9,10,12,88,13,15,1,0,18,19,20,21
5,4,3,7,8,9,10,12,88,13,15,1,0,18,19,20,21
5,4,3,7,8,9,10,12,88,13,15,1,0,18,19,20,21
5,4,3,7,8,9,10,12,88,13,15,1,0,18,19,20,21
5,4,3,7,8,9,10,12,88,13,15,1,0,18,19,20,21
5,4,3,7,8,9,10,12,88,13,15,1,0,18,19,20,21
5,4,3,7,8,9,10,12,88,13,15,1,0,18,19,20,21
5,4,3,7,8,9,10,12,88,13,15,1,0,18,19,20,21
5,4,3,7,8,9,10,12,88,13,15,1,0,18,19,20,21
5,4,3,7,8,9,10,12,88,13,15,1,0,18,19,20,21
5,4,3,7,8,9,10,12,88,13,15,1,0,18,19,20,21
5,4,3,7,8,9,10,12,88,13,15,1,0,18,19,20,21
5,4,3,7,8,9,10,12,88,13,15,1,0,18,19,20,21
5,4,3,7,8,9,10,12,88,13,15,1,0,18,19,20,21
5,4,3,7,8,9,10,12,88,13,15,1,0,18,19,20,21
5,4,3,7,8,9,10,12,88,13,15,1,0,18,19,20,21
5,4,3,7,8,9,10,12,88,13,15,1,0,18,19,20,21
5,4,3,7,8,9,10,12,88,13,15,1,0,18,19,20,21
5,4,3,7,8,9,10,12,88,13,15,1,0,18,19,20,21
5,4,3,7,8,9,10,12,88,13,15,1,0,18,19,20,21
5,4,3,7,8,9,10,12,88,13,15,1,0,18,19,20,21
5,4,3,7,8,9,10,12,88,13,15,1,0,18,19,20,21
5,4,3,7,8,9,10,12,88,13,15,1,0,18,19,20,21
5,4,3,7,8,9,10,12,88,13,15,1,0,18,19,20,21
5,4,3,7,8,9,10,12,88,13,15,1,0,18,19,20,21
5,4,3,7,8,9,10,12,88,13,15,1,0,18,19,20,21
5,4,3,7,8,9,10,12,88,13,15,1,0,18,19,20,21
5,4,3,7,8,9,10,12,88,13,15,1,0,18,19,20,21
5,4,3,7,8,9,10,12,88,13,15,1,0,18,19,20,21
5,4,3,7,8,9,10,12,88,13,15,1,0,18,19,20,21
5,4,3,7,8,9,10,12,88,13,15,1,0,18,19,20,21
5,4,3,7,8,9,10,12,88,13,15,1,0,18,19,20,21
5,4,3,7,8,9,10,12,88,13,15,1,0,18,19,20,21
5,4,3,7,8,9,10,12,88,13,15,1,0,18,19,20,21
5,4,3,7,8,9,10,12,88,13,15,1,0,18,19,20,21
5,4,3,7,8,9,10,12,88,13,15,1,0,18,19,20,21
5,4,3,7,8,9,10,12,88,13,15,1,0,18,19,20,21
5,4,3,7,8,9,10,12,88,13,15,1,0,18,19,20,21
5,4,3,7,8,9,10,12,88,13,15,1,0,18,19,20,21
5,4,3,7,8,9,10,12,88,13,15,1,0,18,19,20,21
5,4,3,7,8,9,10,12,88,13,15,1,0,18,19,20,21
5,4,3,7,8,9,10,12,88,13,15,1,0,18,19,20,21
5,4,3,7,8,9,10,12,88,13,15,1,0,18,19,20,21
5,4,3,7,8,9,10,12,88,13,15,1,0,18,19,20,21
5,4,3,7,8,9,10,12,88,13,15,1,0,18,19,20,21
5,4,3,7,8,9,10,12,88,13,15,1,0,18,19,20,21
5,4,3,7,8,9,10,12,88,13,15,1,0,18,19,20,21
5,4,3,7,8,9,10,12,88,13,15,1,0,18,19,20,21
5,4,3,7,8,9,10,12,88,13,15,1,0,18,19,20,21
5,4,3,7,8,9,10,12,88,13,15,1,0,18,19,20,21
5,4,3,7,8,9,10,12,88,13,15,1,0,18,19,20,21
5,4,3,7,8,9,10,12,88,13,15,1,0,18,19,20,21
5,4,3,7,8,9,10,12,88,13,15,1,0,18,19,20,21
5,4,3,7,8,9,10,12,88,13,15,1,0,18,19,20,21
5,4,3,7,8,9,10,12,88,13,15,1,0,18,19,20,21
5,4,3,7,8,9,10,12,88,13,15,1,0,18,19,20,21
5,4,3,7,8,9,10,12,88,13,15,1,0,18,19,20,21
5,4,3,7,8,9,10,12,88,13,15,1,0,18,19,20,21
5,4,3,7,8,9,10,12,88,13,15,1,0,18,19,20,21
5,4,3,7,8,9,10,12,88,13,15,1,0,18,19,20,21
5,4,3,7,8,9,10,12,88,13,15,1,0,18,19,20,21
5,4,3,7,8,9,10,12,88,13,15,1,0,18,19,20,21
5,4,3,7,8,9,10,12,88,13,15,1,0,18,19,20,21
5,4,3,7,8,9,10,12,88,13,15,1,0,18,19,20,21
5,4,3,7,8,9,10,12,88,13,15,1,0,18,19,20,21
5,4,3,7,8,9,10,12,88,13,15,1,0,18,19,20,21
5,4,3,7,8,9,10,12,88,13,15,1,0,18,19,20,21
5,4,3,7,8,9,10,12,88,13,15,1,0,18,19,20,21
5,4,3,7,8,9,10,12,88,13,15,1,0,18,19,20,21
5,4,3,7,8,9,10,12,88,13,15,1,0,18,19,20,21
5,4,3,7,8,9,10,12,88,13,15,1,0,18,19,20,21
5,4,3,7,8,9,10,12,88,13,15,1,0,18,19,20,21
5,4,3,7,8,9,10,12,88,13,15,1,0,18,19,20,21
5,4,3,7,8,9,10,12,88,13,15,1,0,18,19,20,21
5,4,3,7,8,9,10,12,88,13,15,1,0,18,19,20,21
5,4,3,7,8,9,10,12,88,13,15,1,0,18,19,20,21
5,4,3,7,8,9,10,12,88,13,15,1,0,18,19,20,21
5,4,3,7,8,9,10,12,88,13,15,1,0,18,19,20,21
5,4,3,7,8,9,10,12,88,13,15,1,0,18,19,20,21
5,4,3,7,8,9,10,12,88,13,15,1,0,18,19,20,21
5,4,3,7,8,9,10,12,88,13,15,1,0,18,19,20,21
5,4,3,7,8,9,10,12,88,13,15,1,0,18,19,20,21
5,4,3,7,8,9,10,12,88,13,15,1,0,18,19,20,21
5,4,3,7,8,9,10,12,88,13,15,1,0,18,19,20,21
5,4,3,7,8,9,10,12,88,13,15,1,0,18,19,20,21
5,4,3,7,8,9,10,12,88,13,15,1,0,18,19,20,21
5,4,3,7,8,9,10,12,88,13,15,1,0,18,19,20,21
5,4,3,7,8,9,10,12,88,13,15,1,0,18,19,20,21
5,4,3,7,8,9,10,12,88,13,15,1,0,18,19,20,21
5,4,3,7,8,9,10,12,88,13,15,1,0,18,19,20,21
5,4,3,7,8,9,10,12,88,13,15,1,0,18,19,20,21
5,4,3,7,8,9,10,12,88,13,15,1,0,18,19,20,21
5,4,3,7,8,9,10,12,88,13,15,1,0,18,19,20,21
5,4,3,7,8,9,10,12,88,13,15,1,0,18,19,20,21
5,4,3,7,8,9,10,12,88,13,15,1,0,18,19,20,21
5,4,3,7,8,9,10,12,88,13,15,1,0,18,19,20,21
5,4,3,7,8,9,10,12,88,13,15,1,0,18,19,20,21
5,4,3,7,8,9,10,12,88,13,15,1,0,18,19,20,21
5,4,3,7,8,9,10,12,88,13,15,1,0,18,19,20,21
5,4,3,7,8,9,10,12,88,13,15,1,0,18,19,20,21
5,4,3,7,8,9,10,12,88,13,15,1,0,18,19,20,21
5,4,3,7,8,9,10,12,88,13,15,1,0,18,19,20,21
5,4,3,7,8,9,10,12,88,13,15,1,0,18,19,20,21
5,4,3,7,8,9,10,12,88,13,15,1,0,18,19,20,21
5,4,3,7,8,9,10,12,88,13,15,1,0,18,19,20,21
5,4,3,7,8,9,10,12,88,13,15,1,0,18,19,20,21
5,4,3,7,8,9,10,12,88,13,15,1,0,18,19,20,21
5,4,3,7,8,9,10,12,88,13,15,1,0,18,19,20,21
5,4,3,7,8,9,10,12,88,13,15,1,0,18,19,20,21
5,4,3,7,8,9,10,12,88,13,15,1,0,18,19,20,21
5,4,3,7,8,9,10,12,88,13,15,1,0,18,19,20,21
5,4,3,7,8,9,10,12,88,13,15,1,0,18,19,20,21
5,4,3,7,8,9,10,12,88,13,15,1,0,18,19,20,21
5,4,3,7,8,9,10,12,88,13,15,1,0,18,19,20,21
5,4,3,7,8,9,10,12,88,13,15,1,0,18,19,20,21
5,4,3,7,8,9,10,12,88,13,15,1,0,18,19,20,21
5,4,3,7,8,9,10,12,88,13,15,1,0,18,19,20,21
5,4,3,7,8,9,10,12,88,13,15,1,0,18,19,20,21
5,4,3,7,8,9,10,12,88,13,15,1,0,18,19,20,21
5,4,3,7,8,9,10,12,88,13,15,1,0,18,19,20,21
5,4,3,7,8,9,10,12,88,13,15,1,0,18,19,20,21
5,4,3,7,8,9,10,12,88,13,15,1,0,18,19,20,21
5,4,3,7,8,9,10,12,88,13,15,1,0,18,19,20,21
5,4,3,7,8,9,10,12,88,13,15,1,0,18,19,20,21
5,4,3,7,8,9,10,12,88,13,15,1,0,18,19,20,21
5,4,3,7,8,9,10,12,88,13,15,1,0,18,19,20,21
5,4,3,7,8,9,10,12,88,13,15,1,0,18,19,20,21
5,4,3,7,8,9,10,12,88,13,15,1,0,18,19,20,21
5,4,3,7,8,9,10,12,88,13,15,1,0,18,19,20,21
5,4,3,7,8,9,10,12,88,13,15,1,0,18,19,20,21
5,4,3,7,8,9,10,12,88,13,15,1,0,18,19,20,21
5,4,3,7,8,9,10,12,88,13,15,1,0,18,19,20,21
5,4,3,7,8,9,10,12,88,13,15,1,0,18,19,20,21
5,4,3,7,8,9,10,12,88,13,15,1,0,18,19,20,21
5,4,3,7,8,9,10,12,88,13,15,1,0,18,19,20,21
5,4,3,7,8,9,10,12,88,13,15,1,0,18,19,20,21
5,4,3,7,8,9,10,12,88,13,15,1,0,18,19,20,21
5,4,3,7,8,9,10,12,88,13,15,1,0,18,19,20,21
5,4,3,7,8,9,10,12,88,13,15,1,0,18,19,20,21
5,4,3,7,8,9,10,12,88,13,15,1,0,18,19,20,21
5,4,3,7,8,9,10,12,88,13,15,1,0,18,19,20,21
5,4,3,7,8,9,10,12,88,13,15,1,0,18,19,20,21
5,4,3,7,8,9,10,12,88,13,15,1,0,18,19,20,21
5,4,3,7,8,9,10,12,88,13,15,1,0,18,19,20,21
5,4,3,7,8,9,10,12,88,13,15,1,0,18,19,20,21
5,4,3,7,8,9,10,12,88,13,15,1,0,18,19,20,21
5,4,3,7,8,9,10,12,88,13,15,1,0,18,19,20,21
5,4,3,7,8,9,10,12,88,13,15,1,0,18,19,20,21
5,4,3,7,8,9,10,12,88,13,15,1,0,18,19,20,21
5,4,3,7,8,9,10,12,88,13,15,1,0,18,19,20,21
5,4,3,7,8,9,10,12,88,13,15,1,0,18,19,20,21
5,4,3,7,8,9,10,12,88,13,15,1,0,18,19,20,21
5,4,3,7,8,9,10,12,88,13,15,1,0,18,19,20,21
5,4,3,7,8,9,10,12,88,13,15,1,0,18,19,20,21
5,4,3,7,8,9,10,12,88,13,15,1,0,18,19,20,21
5,4,3,7,8,9,10,12,88,13,15,1,0,18,19,20,21
5,4,3,7,8,9,10,12,88,13,15,1,0,18,19,20,21
5,4,3,7,8,9,10,12,88,13,15,1,0,18,19,20,21
5,4,3,7,8,9,10,12,88,13,15,1,0,18,19,20,21
5,4,3,7,8,9,10,12,88,13,15,1,0,18,19,20,21
5,4,3,7,8,9,10,12,88,13,15,1,0,18,19,20,21
5,4,3,7,8,9,10,12,88,13,15,1,0,18,19,20,21
5,4,3,7,8,9,10,12,88,13,15,1,0,18,19,20,21
5,4,3,7,8,9,10,12,88,13,15,1,0,18,19,20,21
5,4,3,7,8,9,10,12,88,13,15,1,0,18,19,20,21
5,4,3,7,8,9,10,12,88,13,15,1,0,18,19,20,21
5,4,3,7,8,9,10,12,88,13,15,1,0,18,19,20,21
5,4,3,7,8,9,10,12,88,13,15,1,0,18,19,20,21
5,4,3,7,8,9,10,12,88,13,15,1,0,18,19,20,21
5,4,3,7,8,9,10,12,88,13,15,1,0,18,19,20,21
5,4,3,7,8,9,10,12,88,13,15,1,0,18,19,20,21
5,4,3,7,8,9,10,12,88,13,15,1,0,18,19,20,21
5,4,3,7,8,9,10,12,88,13,15,1,0,18,19,20,21
5,4,3,7,8,9,10,12,88,13,15,1,0,18,19,20,21
5,4,3,7,8,9,10,12,88,13,15,1,0,18,19,20,21
5,4,3,7,8,9,10,12,88,13,15,1,0,18,19,20,21
5,4,3,7,8,9,10,12,88,13,15,1,0,18,19,20,21
5,4,3,7,8,9,10,12,88,13,15,1,0,18,19,20,21
5,4,3,7,8,9,10,12,88,13,15,1,0,18,19,20,21
5,4,3,7,8,9,10,12,88,13,15,1,0,18,19,20,21
5,4,3,7,8,9,10,12,88,13,15,1,0,18,19,20,21
5,4,3,7,8,9,10,12,88,13,15,1,0,18,19,20,21
5,4,3,7,8,9,10,12,88,13,15,1,0,18,19,20,21
5,4,3,7,8,9,10,12,88,13,15,1,0,18,19,20,21
5,4,3,7,8,9,10,12,88,13,15,1,0,18,19,20,21
5,4,3,7,8,9,10,12,88,13,15,1,0,18,19,20,21
5,4,3,7,8,9,10,12,88,13,15,1,0,18,19,20,21
5,4,3,7,8,9,10,12,88,13,15,1,0,18,19,20,21
5,4,3,7,8,9,10,12,88,13,15,1,0,18,19,20,21
5,4,3,7,8,9,10,12,88,13,15,1,0,18,19,20,21
5,4,3,7,8,9,10,12,88,13,15,1,0,18,19,20,21
5,4,3,7,8,9,10,12,88,13,15,1,0,18,19,20,21
5,4,3,7,8,9,10,12,88,13,15,1,0,18,19,20,21
5,4,3,7,8,9,10,12,88,13,15,1,0,18,19,20,21
5,4,3,7,8,9,10,12,88,13,15,1,0,18,19,20,21
5,4,3,7,8,9,10,12,88,13,15,1,0,18,19,20,21
5,4,3,7,8,9,10,12,88,13,15,1,0,18,19,20,21
5,4,3,7,8,9,10,12,88,13,15,1,0,18,19,20,21
5,4,3,7,8,9,10,12,88,13,15,1,0,18,19,20,21
5,4,3,7,8,9,10,12,88,13,15,1,0,18,19,20,21
5,4,3,7,8,9,10,12,88,13,15,1,0,18,19,20,21
5,4,3,7,8,9,10,12,88,13,15,1,0,18,19,20,21
5,4,3,7,8,9,10,12,88,13,15,1,0,18,19,20,21
5,4,3,7,8,9,10,12,88,13,15,1,0,18,19,20,21
5,4,3,7,8,9,10,12,88,13,15,1,0,18,19,20,21
5,4,3,7,8,9,10,12,88,13,15,1,0,18,19,20,21
5,4,3,7,8,9,10,12,88,13,15,1,0,18,19,20,21
5,4,3,7,8,9,10,12,88,13,15,1,0,18,19,20,21
5,4,3,7,8,9,10,12,88,13,15,1,0,18,19,20,21
5,4,3,7,8,9,10,12,88,13,15,1,0,18,19,20,21
5,4,3,7,8,9,10,12,88,13,15,1,0,18,19,20,21
5,4,3,7,8,9,10,12,88,13,15,1,0,18,19,20,21
5,4,3,7,8,9,10,12,88,13,15,1,0,18,19,20,21
5,4,3,7,8,9,10,12,88,13,15,1,0,18,19,20,21
5,4,3,7,8,9,10,12,88,13,15,1,0,18,19,20,21
5,4,3,7,8,9,10,12,88,13,15,1,0,18,19,20,21
5,4,3,7,8,9,10,12,88,13,15,1,0,18,19,20,21
5,4,3,7,8,9,10,12,88,13,15,1,0,18,19,20,21
5,4,3,7,8,9,10,12,88,13,15,1,0,18,19,20,21
5,4,3,7,8,9,10,12,88,13,15,1,0,18,19,20,21
5,4,3,7,8,9,10,12,88,13,15,1,0,18,19,20,21
5,4,3,7,8,9,10,12,88,13,15,1,0,18,19,20,21
5,4,3,7,8,9,10,12,88,13,15,1,0,18,19,20,21
5,4,3,7,8,9,10,12,88,13,15,1,0,18,19,20,21
5,4,3,7,8,9,10,12,88,13,15,1,0,18,19,20,21
5,4,3,7,8,9,10,12,88,13,15,1,0,18,19,20,21
5,4,3,7,8,9,10,12,88,13,15,1,0,18,19,20,21
5,4,3,7,8,9,10,12,88,13,15,1,0,18,19,20,21
5,4,3,7,8,9,10,12,88,13,15,1,0,18,19,20,21
5,4,3,7,8,9,10,12,88,13,15,1,0,18,19,20,21
5,4,3,7,8,9,10,12,88,13,15,1,0,18,19,20,21
5,4,3,7,8,9,10,12,88,13,15,1,0,18,19,20,21
5,4,3,7,8,9,10,12,88,13,15,1,0,18,19,20,21
5,4,3,7,8,9,10,12,88,13,15,1,0,18,19,20,21
5,4,3,7,8,9,10,12,88,13,15,1,0,18,19,20,21
5,4,3,7,8,9,10,12,88,13,15,1,0,18,19,20,21
5,4,3,7,8,9,10,12,88,13,15,1,0,18,19,20,21
5,4,3,7,8,9,10,12,88,13,15,1,0,18,19,20,21
5,4,3,7,8,9,10,12,88,13,15,1,0,18,19,20,21
5,4,3,7,8,9,10,12,88,13,15,1,0,18,19,20,21
5,4,3,7,8,9,10,12,88,13,15,1,0,18,19,20,21
5,4,3,7,8,9,10,12,88,13,15,1,0,18,19,20,21
5,4,3,7,8,9,10,12,88,13,15,1,0,18,19,20,21
5,4,3,7,8,9,10,12,88,13,15,1,0,18,19,20,21
5,4,3,7,8,9,10,12,88,13,15,1,0,18,19,20,21
5,4,3,7,8,9,10,12,88,13,15,1,0,18,19,20,21
5,4,3,7,8,9,10,12,88,13,15,1,0,18,19,20,21
5,4,3,7,8,9,10,12,88,13,15,1,0,18,19,20,21
5,4,3,7,8,9,10,12,88,13,15,1,0,18,19,20,21
5,4,3,7,8,9,10,12,88,13,15,1,0,18,19,20,21
5,4,3,7,8,9,10,12,88,13,15,1,0,18,19,20,21
5,4,3,7,8,9,10,12,88,13,15,1,0,18,19,20,21
5,4,3,7,8,9,10,12,88,13,15,1,0,18,19,20,21
5,4,3,7,8,9,10,12,88,13,15,1,0,18,19,20,21
5,4,3,7,8,9,10,12,88,13,15,1,0,18,19,20,21
5,4,3,7,8,9,10,12,88,13,15,1,0,18,19,20,21
5,4,3,7,8,9,10,12,88,13,15,1,0,18,19,20,21
5,4,3,7,8,9,10,12,88,13,15,1,0,18,19,20,21
5,4,3,7,8,9,10,12,88,13,15,1,0,18,19,20,21
5,4,3,7,8,9,10,12,88,13,15,1,0,18,19,20,21
5,4,3,7,8,9,10,12,88,13,15,1,0,18,19,20,21
5,4,3,7,8,9,10,12,88,13,15,1,0,18,19,20,21
5,4,3,7,8,9,10,12,88,13,15,1,0,18,19,20,21
5,4,3,7,8,9,10,12,88,13,15,1,0,18,19,20,21
5,4,3,7,8,9,10,12,88,13,15,1,0,18,19,20,21
5,4,3,7,8,9,10,12,88,13,15,1,0,18,19,20,21
5,4,3,7,8,9,10,12,88,13,15,1,0,18,19,20,21
5,4,3,7,8,9,10,12,88,13,15,1,0,18,19,20,21
5,4,3,7,8,9,10,12,88,13,15,1,0,18,19,20,21
5,4,3,7,8,9,10,12,88,13,15,1,0,18,19,20,21
5,4,3,7,8,9,10,12,88,13,15,1,0,18,19,20,21
5,4,3,7,8,9,10,12,88,13,15,1,0,18,19,20,21
5,4,3,7,8,9,10,12,88,13,15,1,0,18,19,20,21
5,4,3,7,8,9,10,12,88,13,15,1,0,18,19,20,21
5,4,3,7,8,9,10,12,88,13,15,1,0,18,19,20,21
5,4,3,7,8,9,10,12,88,13,15,1,0,18,19,20,21
5,4,3,7,8,9,10,12,88,13,15,1,0,18,19,20,21
5,4,3,7,8,9,10,12,88,13,15,1,0,18,19,20,21
5,4,3,7,8,9,10,12,88,13,15,1,0,18,19,20,21
5,4,3,7,8,9,10,12,88,13,15,1,0,18,19,20,21
5,4,3,7,8,9,10,12,88,13,15,1,0,18,19,20,21
5,4,3,7,8,9,10,12,88,13,15,1,0,18,19,20,21
5,4,3,7,8,9,10,12,88,13,15,1,0,18,19,20,21
5,4,3,7,8,9,10,12,88,13,15,1,0,18,19,20,21
5,4,3,7,8,9,10,12,88,13,15,1,0,18,19,20,21
5,4,3,7,8,9,10,12,88,13,15,1,0,18,19,20,21
5,4,3,7,8,9,10,12,88,13,15,1,0,18,19,20,21
5,4,3,7,8,9,10,12,88,13,15,1,0,18,19,20,21
5,4,3,7,8,9,10,12,88,13,15,1,0,18,19,20,21
5,4,3,7,8,9,10,12,88,13,15,1,0,18,19,20,21
5,4,3,7,8,9,10,12,88,13,15,1,0,18,19,20,21
5,4,3,7,8,9,10,12,88,13,15,1,0,18,19,20,21
5,4,3,7,8,9,10,12,88,13,15,1,0,18,19,20,21
5,4,3,7,8,9,10,12,88,13,15,1,0,18,19,20,21
5,4,3,7,8,9,10,12,88,13,15,1,0,18,19,20,21
5,4,3,7,8,9,10,12,88,13,15,1,0,18,19,20,21
5,4,3,7,8,9,10,12,88,13,15,1,0,18,19,20,21
5,4,3,7,8,9,10,12,88,13,15,1,0,18,19,20,21
5,4,3,7,8,9,10,12,88,13,15,1,0,18,19,20,21
5,4,3,7,8,9,10,12,88,13,15,1,0,18,19,20,21
5,4,3,7,8,9,10,12,88,13,15,1,0,18,19,20,21
5,4,3,7,8,9,10,12,88,13,15,1,0,18,19,20,21
5,4,3,7,8,9,10,12,88,13,15,1,0,18,19,20,21
5,4,3,7,8,9,10,12,88,13,15,1,0,18,19,20,21
5,4,3,7,8,9,10,12,88,13,15,1,0,18,19,20,21
5,4,3,7,8,9,10,12,88,13,15,1,0,18,19,20,21
5,4,3,7,8,9,10,12,88,13,15,1,0,18,19,20,21
5,4,3,7,8,9,10,12,88,13,15,1,0,18,19,20,21
5,4,3,7,8,9,10,12,88,13,15,1,0,18,19,20,21
5,4,3,7,8,9,10,12,88,13,15,1,0,18,19,20,21
5,4,3,7,8,9,10,12,88,13,15,1,0,18,19,20,21
5,4,3,7,8,9,10,12,88,13,15,1,0,18,19,20,21
5,4,3,7,8,9,10,12,88,13,15,1,0,18,19,20,21
5,4,3,7,8,9,10,12,88,13,15,1,0,18,19,20,21
5,6,7,3,2,10,12,88,13,15,1,0,18,19,20,21
5,6,7,3,2,10,12,88,13,15,1,0,18,19,20,21
5,6,7,3,2,10,12,88,13,15,1,0,18,19,20,21
5,6,7,3,2,10,12,88,13,15,1,0,18,19,20,21
5,6,7,3,2,10,12,88,13,15,1,0,18,19,20,21
5,6,7,3,2,10,12,88,13,15,1,0,18,19,20,21
5,6,7,3,2,10,12,88,13,15,1,0,18,19,20,21
5,6,7,3,2,10,12,88,13,15,1,0,18,19,20,21
5,6,7,3,2,10,12,88,13,15,1,0,18,19,20,21
5,6,7,3,2,10,12,88,13,15,1,0,18,19,20,21
5,6,7,3,2,10,12,88,13,15,1,0,18,19,20,21
5,6,7,3,2,10,12,88,13,15,1,0,18,19,20,21
5,6,7,3,2,10,12,88,13,15,1,0,18,19,20,21
5,6,7,3,2,10,12,88,13,15,1,0,18,19,20,21
5,6,7,3,2,10,12,88,13,15,1,0,18,19,20,21
5,6,7,3,2,10,12,88,13,15,1,0,18,19,20,21
5,6,7,3,2,10,12,88,13,15,1,0,18,19,20,21
5,6,7,3,2,10,12,88,13,15,1,0,18,19,20,21
5,6,7,3,2,10,12,88,13,15,1,0,18,19,20,21
5,6,7,3,2,10,12,88,13,15,1,0,18,19,20,21
5,6,7,3,2,10,12,88,13,15,1,0,18,19,20,21
5,6,7,3,2,10,12,88,13,15,1,0,18,19,20,21
5,6,7,3,2,10,12,88,13,15,1,0,18,19,20,21
5,6,7,3,2,10,12,88,13,15,1,0,18,19,20,21
5,6,7,3,2,10,12,88,13,15,1,0,18,19,20,21
5,6,7,3,2,10,12,88,13,15,1,0,18,19,20,21
5,6,7,3,2,10,12,88,13,15,1,0,18,19,20,21
5,6,7,3,2,10,12,88,13,15,1,0,18,19,20,21
5,6,7,3,2,10,12,88,13,15,1,0,18,19,20,21
5,6,7,3,2,10,12,88,13,15,1,0,18,19,20,21
5,6,7,3,2,10,12,88,13,15,1,0,18,19,20,21
5,6,7,3,2,10,12,88,13,15,1,0,18,19,20,21
5,6,7,3,2,10,12,88,13,15,1,0,18,19,20,21
5,6,7,3,2,10,12,88,13,15,1,0,18,19,20,21
5,6,7,3,2,10,12,88,13,15,1,0,18,19,20,21
5,6,7,3,2,10,12,88,13,15,1,0,18,19,20,21
5,6,7,3,2,10,12,88,13,15,1,0,18,19,20,21
5,6,7,3,2,10,12,88,13,15,1,0,18,19,20,21
5,6,7,3,2,10,12,88,13,15,1,0,18,19,20,21
5,6,7,3,2,10,12,88,13,15,1,0,18,19,20,21
5,6,7,3,2,10,12,88,13,15,1,0,18,19,20,21
5,6,7,3,2,10,12,88,13,15,1,0,18,19,20,21
5,6,7,3,2,10,12,88,13,15,1,0,18,19,20,21
5,6,7,3,2,10,12,88,13,15,1,0,18,19,20,21
5,6,7,3,2,10,12,88,13,15,1,0,18,19,20,21
5,6,7,3,2,10,12,88,13,15,1,0,18,19,20,21
5,6,7,3,2,10,12,88,13,15,1,0,18,19,20,21
5,6,7,3,2,10,12,88,13,15,1,0,18,19,20,21
5,6,7,3,2,10,12,88,13,15,1,0,18,19,20,21
5,6,7,3,2,10,12,88,13,15,1,0,18,19,20,21
5,6,7,3,2,10,12,88,13,15,1,0,18,19,20,21
5,6,7,3,2,10,12,88,13,15,1,0,18,19,20,21
5,6,7,3,2,10,12,88,13,15,1,0,18,19,20,21
5,6,7,3,2,10,12,88,13,15,1,0,18,19,20,21
5,6,7,3,2,10,12,88,13,15,1,0,18,19,20,21
5,6,7,3,2,10,12,88,13,15,1,0,18,19,20,21
5,6,7,3,2,10,12,88,13,15,1,0,18,19,20,21
5,6,7,3,2,10,12,88,13,15,1,0,18,19,20,21
5,6,7,3,2,10,12,88,13,15,1,0,18,19,20,21
5,6,7,3,2,10,12,88,13,15,1,0,18,19,20,21
5,6,7,3,2,10,12,88,13,15,1,0,18,19,20,21
5,6,7,3,2,10,12,88,13,15,1,0,18,19,20,21
5,6,7,3,2,10,12,88,13,15,1,0,18,19,20,21
5,6,7,3,2,10,12,88,13,15,1,0,18,19,20,21
5,6,7,3,2,10,12,88,13,15,1,0,18,19,20,21
5,6,7,3,2,10,12,88,13,15,1,0,18,19,20,21
5,6,7,3,2,10,12,88,13,15,1,0,18,19,20,21
5,6,7,3,2,10,12,88,13,15,1,0,18,19,20,21
5,6,7,3,2,10,12,88,13,15,1,0,18,19,20,21
5,6,7,3,2,10,12,88,13,15,1,0,18,19,20,21
5,6,7,3,2,10,12,88,13,15,1,0,18,19,20,21
5,6,7,3,2,10,12,88,13,15,1,0,18,19,20,21
5,6,7,3,2,10,12,88,13,15,1,0,18,19,20,21
5,6,7,3,2,10,12,88,13,15,1,0,18,19,20,21
5,6,7,3,2,10,12,88,13,15,1,0,18,19,20,21
5,6,7,3,2,10,12,88,13,15,1,0,18,19,20,21
5,6,7,3,2,10,12,88,13,15,1,0,18,19,20,21
5,6,7,3,2,10,12,88,13,15,1,0,18,19,20,21
5,6,7,3,2,10,12,88,13,15,1,0,18,19,20,21
5,6,7,3,2,10,12,88,13,15,1,0,18,19,20,21
5,6,7,3,2,10,12,88,13,15,1,0,18,19,20,21
5,6,7,3,2,10,12,88,13,15,1,0,18,19,20,21
5,6,7,3,2,10,12,88,13,15,1,0,18,19,20,21
5,6,7,3,2,10,12,88,13,15,1,0,18,19,20,21
5,6,7,3,2,10,12,88,13,15,1,0,18,19,20,21
5,6,7,3,2,10,12,88,13,15,1,0,18,19,20,21
5,6,7,3,2,10,12,88,13,15,1,0,18,19,20,21
5,6,7,3,2,10,12,88,13,15,1,0,18,19,20,21
5,6,7,3,2,10,12,88,13,15,1,0,18,19,20,21
5,6,7,3,2,10,12,88,13,15,1,0,18,19,20,21
5,6,7,3,2,10,12,88,13,15,1,0,18,19,20,21
5,6,7,3,2,10,12,88,13,15,1,0,18,19,20,21
5,6,7,3,2,10,12,88,13,15,1,0,18,19,20,21
5,6,7,3,2,10,12,88,13,15,1,0,18,19,20,21
5,6,7,3,2,10,12,88,13,15,1,0,18,19,20,21
5,6,7,3,2,10,12,88,13,15,1,0,18,19,20,21
5,6,7,3,2,10,12,88,13,15,1,0,18,19,20,21
5,6,7,3,2,10,12,88,13,15,1,0,18,19,20,21
5,6,7,3,2,10,12,88,13,15,1,0,18,19,20,21
5,6,7,3,2,10,12,88,13,15,1,0,18,19,20,21
5,6,7,3,2,10,12,88,13,15,1,0,18,19,20,21
5,6,7,3,2,10,12,88,13,15,1,0,18,19,20,21
5,6,7,3,2,10,12,88,13,15,1,0,18,19,20,21
5,6,7,3,2,10,12,88,13,15,1,0,18,19,20,21
5,6,7,3,2,10,12,88,13,15,1,0,18,19,20,21
5,6,7,3,2,10,12,88,13,15,1,0,18,19,20,21
5,6,7,3,2,10,12,88,13,15,1,0,18,19,20,21
5,6,7,3,2,10,12,88,13,15,1,0,18,19,20,21
5,6,7,3,2,10,12,88,13,15,1,0,18,19,20,21
5,6,7,3,2,10,12,88,13,15,1,0,18,19,20,21
5,6,7,3,2,10,12,88,13,15,1,0,18,19,20,21
5,6,7,3,2,10,12,88,13,15,1,0,18,19,20,21
5,6,7,3,2,10,12,88,13,15,1,0,18,19,20,21
5,6,7,3,2,10,12,88,13,15,1,0,18,19,20,21
5,6,7,3,2,10,12,88,13,15,1,0,18,19,20,21
5,6,7,3,2,10,12,88,13,15,1,0,18,19,20,21
5,6,7,3,2,10,12,88,13,15,1,0,18,19,20,21
5,6,7,3,2,10,12,88,13,15,1,0,18,19,20,21
5,6,7,3,2,10,12,88,13,15,1,0,18,19,20,21
5,6,7,3,2,10,12,88,13,15,1,0,18,19,20,21
5,6,7,3,2,10,12,88,13,15,1,0,18,19,20,21
5,6,7,3,2,10,12,88,13,15,1,0,18,19,20,21
5,6,7,3,2,10,12,88,13,15,1,0,18,19,20,21
5,6,7,3,2,10,12,88,13,15,1,0,18,19,20,21
5,6,7,3,2,10,12,88,13,15,1,0,18,19,20,21
5,6,7,3,2,10,12,88,13,15,1,0,18,19,20,21
5,6,7,3,2,10,12,88,13,15,1,0,18,19,20,21
5,6,7,3,2,10,12,88,13,15,1,0,18,19,20,21
5,6,7,3,2,10,12,88,13,15,1,0,18,19,20,21
5,6,7,3,2,10,12,88,13,15,1,0,18,19,20,21
5,6,7,3,2,10,12,88,13,15,1,0,18,19,20,21
5,6,7,3,2,10,12,88,13,15,1,0,18,19,20,21
5,6,7,3,2,10,12,88,13,15,1,0,18,19,20,21
5,6,7,3,2,10,12,88,13,15,1,0,18,19,20,21
5,6,7,3,2,10,12,88,13,15,1,0,18,19,20,21
5,6,7,3,2,10,12,88,13,15,1,0,18,19,20,21
5,6,7,3,2,10,12,88,13,15,1,0,18,19,20,21
5,6,7,3,2,10,12,88,13,15,1,0,18,19,20,21
5,6,7,3,2,10,12,88,13,15,1,0,18,19,20,21
5,6,7,3,2,10,12,88,13,15,1,0,18,19,20,21
5,6,7,3,2,10,12,88,13,15,1,0,18,19,20,21
5,6,7,3,2,10,12,88,13,15,1,0,18,19,20,21
5,6,7,3,2,10,12,88,13,15,1,0,18,19,20,21
5,6,7,3,2,10,12,88,13,15,1,0,18,19,20,21
5,6,7,3,2,10,12,88,13,15,1,0,18,19,20,21
5,6,7,3,2,10,12,88,13,15,1,0,18,19,20,21
5,6,7,3,2,10,12,88,13,15,1,0,18,19,20,21
5,6,7,3,2,10,12,88,13,15,1,0,18,19,20,21
5,6,7,3,2,10,12,88,13,15,1,0,18,19,20,21
5,6,7,3,2,10,12,88,13,15,1,0,18,19,20,21
5,6,7,3,2,10,12,88,13,15,1,0,18,19,20,21
5,6,7,3,2,10,12,88,13,15,1,0,18,19,20,21
5,6,7,3,2,10,12,88,13,15,1,0,18,19,20,21
5,6,7,3,2,10,12,88,13,15,1,0,18,19,20,21
5,6,7,3,2,10,12,88,13,15,1,0,18,19,20,21
5,6,7,3,2,10,12,88,13,15,1,0,18,19,20,21
5,6,7,3,2,10,12,88,13,15,1,0,18,19,20,21
5,6,7,3,2,10,12,88,13,15,1,0,18,19,20,21
5,6,7,3,2,10,12,88,13,15,1,0,18,19,20,21
5,6,7,3,2,10,12,88,13,15,1,0,18,19,20,21
5,6,7,3,2,10,12,88,13,15,1,0,18,19,20,21
5,6,7,3,2,10,12,88,13,15,1,0,18,19,20,21
5,6,7,3,2,10,12,88,13,15,1,0,18,19,20,21
5,6,7,3,2,10,12,88,13,15,1,0,18,19,20,21
5,6,7,3,2,10,12,88,13,15,1,0,18,19,20,21
5,6,7,3,2,10,12,88,13,15,1,0,18,19,20,21
5,6,7,3,2,10,12,88,13,15,1,0,18,19,20,21
5,6,7,3,2,10,12,88,13,15,1,0,18,19,20,21
5,6,7,3,2,10,12,88,13,15,1,0,18,19,20,21
5,6,7,3,2,10,12,88,13,15,1,0,18,19,20,21
5,6,7,3,2,10,12,88,13,15,1,0,18,19,20,21
5,6,7,3,2,10,12,88,13,15,1,0,18,19,20,21
5,6,7,3,2,10,12,88,13,15,1,0,18,19,20,21
5,6,7,3,2,10,12,88,13,15,1,0,18,19,20,21
5,6,7,3,2,10,12,88,13,15,1,0,18,19,20,21
5,6,7,3,2,10,12,88,13,15,1,0,18,19,20,21
5,6,7,3,2,10,12,88,13,15,1,0,18,19,20,21
5,6,7,3,2,10,12,88,13,15,1,0,18,19,20,21
5,6,7,3,2,10,12,88,13,15,1,0,18,19,20,21
5,6,7,3,2,10,12,88,13,15,1,0,18,19,20,21
5,6,7,3,2,10,12,88,13,15,1,0,18,19,20,21
5,6,7,3,2,10,12,88,13,15,1,0,18,19,20,21
5,6,7,3,2,10,12,88,13,15,1,0,18,19,20,21
5,6,7,3,2,10,12,88,13,15,1,0,18,19,20,21
5,6,7,3,2,10,12,88,13,15,1,0,18,19,20,21
5,6,7,3,2,10,12,88,13,15,1,0,18,19,20,21
5,6,7,3,2,10,12,88,13,15,1,0,18,19,20,21
5,6,7,3,2,10,12,88,13,15,1,0,18,19,20,21
5,6,7,3,2,10,12,88,13,15,1,0,18,19,20,21
5,6,7,3,2,10,12,88,13,15,1,0,18,19,20,21
5,6,7,3,2,10,12,88,13,15,1,0,18,19,20,21
5,6,7,3,2,10,12,88,13,15,1,0,18,19,20,21
5,6,7,3,2,10,12,88,13,15,1,0,18,19,20,21
5,6,7,3,2,10,12,88,13,15,1,0,18,19,20,21
5,6,7,3,2,10,12,88,13,15,1,0,18,19,20,21
5,6,7,3,2,10,12,88,13,15,1,0,18,19,20,21
5,6,7,3,2,10,12,88,13,15,1,0,18,19,20,21
5,6,7,3,2,10,12,88,13,15,1,0,18,19,20,21
5,6,7,3,2,10,12,88,13,15,1,0,18,19,20,21
5,6,7,3,2,10,12,88,13,15,1,0,18,19,20,21
5,6,7,3,2,10,12,88,13,15,1,0,18,19,20,21
5,6,7,3,2,10,12,88,13,15,1,0,18,19,20,21
5,6,7,3,2,10,12,88,13,15,1,0,18,19,20,21
5,6,7,3,2,10,12,88,13,15,1,0,18,19,20,21
5,6,7,3,2,10,12,88,13,15,1,0,18,19,20,21
5,6,7,3,2,10,12,88,13,15,1,0,18,19,20,21
5,6,7,3,2,10,12,88,13,15,1,0,18,19,20,21
5,6,7,3,2,10,12,88,13,15,1,0,18,19,20,21
5,6,7,3,2,10,12,88,13,15,1,0,18,19,20,21
5,6,7,3,2,10,12,88,13,15,1,0,18,19,20,21
5,6,7,3,2,10,12,88,13,15,1,0,18,19,20,21
5,6,7,3,2,10,12,88,13,15,1,0,18,19,20,21
5,6,7,3,2,10,12,88,13,15,1,0,18,19,20,21
5,6,7,3,2,10,12,88,13,15,1,0,18,19,20,21
5,6,7,3,2,10,12,88,13,15,1,0,18,19,20,21
5,6,7,3,2,10,12,88,13,15,1,0,18,19,20,21
5,6,7,3,2,10,12,88,13,15,1,0,18,19,20,21
5,6,7,3,2,10,12,88,13,15,1,0,18,19,20,21
5,6,7,3,2,10,12,88,13,15,1,0,18,19,20,21
5,6,7,3,2,10,12,88,13,15,1,0,18,19,20,21
5,6,7,3,2,10,12,88,13,15,1,0,18,19,20,21
5,6,7,3,2,10,12,88,13,15,1,0,18,19,20,21
5,6,7,3,2,10,12,88,13,15,1,0,18,19,20,21
5,6,7,3,2,10,12,88,13,15,1,0,18,19,20,21
5,6,7,3,2,10,12,88,13,15,1,0,18,19,20,21
5,6,7,3,2,10,12,88,13,15,1,0,18,19,20,21
5,6,7,3,2,10,12,88,13,15,1,0,18,19,20,21
5,6,7,3,2,10,12,88,13,15,1,0,18,19,20,21
5,6,7,3,2,10,12,88,13,15,1,0,18,19,20,21
5,6,7,3,2,10,12,88,13,15,1,0,18,19,20,21
5,6,7,3,2,10,12,88,13,15,1,0,18,19,20,21
5,6,7,3,2,10,12,88,13,15,1,0,18,19,20,21
5,6,7,3,2,10,12,88,13,15,1,0,18,19,20,21
5,6,7,3,2,10,12,88,13,15,1,0,18,19,20,21
5,6,7,3,2,10,12,88,13,15,1,0,18,19,20,21
5,6,7,3,2,10,12,88,13,15,1,0,18,19,20,21
5,6,7,3,2,10,12,88,13,15,1,0,18,19,20,21
5,6,7,3,2,10,12,88,13,15,1,0,18,19,20,21
5,6,7,3,2,10,12,88,13,15,1,0,18,19,20,21
5,6,7,3,2,10,12,88,13,15,1,0,18,19,20,21
5,6,7,3,2,10,12,88,13,15,1,0,18,19,20,21
5,6,7,3,2,10,12,88,13,15,1,0,18,19,20,21
5,6,7,3,2,10,12,88,13,15,1,0,18,19,20,21
5,6,7,3,2,10,12,88,13,15,1,0,18,19,20,21
5,6,7,3,2,10,12,88,13,15,1,0,18,19,20,21
5,6,7,3,2,10,12,88,13,15,1,0,18,19,20,21
5,6,7,3,2,10,12,88,13,15,1,0,18,19,20,21
5,6,7,3,2,10,12,88,13,15,1,0,18,19,20,21
5,6,7,3,2,10,12,88,13,15,1,0,18,19,20,21
5,6,7,3,2,10,12,88,13,15,1,0,18,19,20,21
5,6,7,3,2,10,12,88,13,15,1,0,18,19,20,21
5,6,7,3,2,10,12,88,13,15,1,0,18,19,20,21
5,6,7,3,2,10,12,88,13,15,1,0,18,19,20,21
5,6,7,3,2,10,12,88,13,15,1,0,18,19,20,21
5,6,7,3,2,10,12,88,13,15,1,0,18,19,20,21
5,6,7,3,2,10,12,88,13,15,1,0,18,19,20,21
